"Property_ID","host_since","host_response_time","host_is_superhost","host_listings_count","host_identity_verified","neighbourhood_cleansed","latitude","longitude","room_type","accommodates","bathrooms","bedrooms","price","minimum_nights","maximum_nights","availability_30","number_of_reviews","number_of_reviews_l30d","review_scores_rating","instant_bookable","reviews_per_month"
8195,"16/06/2021","within an hour","f",57,"t","Sydney",-33.87279177,151.1981022,"Entire home/apt",4,2,2,"$332.00",90,180,28,0,0,NA,"f",NA
13106,"25/04/2016","within an hour","f",1,"t","Manly",-33.7965527,151.2378005,"Entire home/apt",3,NA,1,"",1,90,0,13,0,4.77,"t",2.28
12975,"25/04/2019","within an hour","t",68,"t","Sydney",-33.8803632,151.2151417,"Entire home/apt",2,1,1,"$130.00",1,365,14,17,0,4.41,"t",1.62
10799,"1/01/2024","within a day","",2,"t","Waverley",-33.8749652,151.2728883,"Entire home/apt",6,2,3,"$450.00",3,365,0,36,0,4.86,"f",2.25
9342,"16/08/2022","within an hour","f",7,"t","Ryde",-33.7782826,151.1099877,"Entire home/apt",5,2,2,"$244.00",2,365,25,26,0,4.88,"t",1.19
3603,"30/12/2010","within an hour","f",7,"t","Leichhardt",-33.85237,151.17936,"Private room",2,1,1,"$58.00",4,1125,14,13,0,3.77,"f",0.18
1696,"9/03/2017","within an hour","t",1,"t","Pittwater",-33.64719,151.32438,"Entire home/apt",2,1,1,"$260.00",2,14,26,68,1,4.94,"f",0.68
11724,"25/08/2019","within an hour","f",169,"t","Sydney",-33.8840064,151.2086876,"Private room",2,1,1,"$111.00",2,365,15,46,2,4.33,"f",3.16
1347,"20/10/2015","N/A","f",1,"t","Warringah",-33.78586,151.24432,"Entire home/apt",2,1,1,"$68.00",90,1125,28,21,0,4.52,"f",0.19
16570,"14/03/2018","within an hour","f",44,"t","Hornsby",-33.77629505,151.0858731,"Entire home/apt",3,1,1,"$162.00",1,90,4,5,0,5,"f",1.72
1836,"31/08/2017","within an hour","f",54,"t","North Sydney",-33.82986,151.22185,"Entire home/apt",2,NA,1,"",28,1125,28,8,1,4.63,"t",0.1
12147,"27/06/2019","within an hour","f",1,"t","Waverley",-33.89036,151.26462,"Entire home/apt",4,1,2,"$301.00",5,60,26,4,0,4.5,"f",0.48
14937,"7/04/2023","within an hour","f",67,"t","Parramatta",-33.83663,150.99467,"Private room",4,3,1,"$89.00",1,365,0,1,0,3,"t",0.34
892,"2/04/2015","within an hour","t",2,"t","Sydney",-33.8853,151.21444,"Entire home/apt",2,NA,1,"",2,180,0,21,0,4.86,"f",0.19
1720,"13/08/2015","N/A","f",2,"t","Liverpool",-33.94878,150.96209,"Private room",1,NA,NA,"",90,1125,29,4,0,5,"f",0.04
3173,"24/01/2016","within an hour","t",3,"t","Blacktown",-33.76916,150.88707,"Entire home/apt",4,1,2,"$180.00",2,28,7,101,2,4.78,"f",1.43
11135,"14/05/2020","within an hour","t",13,"t","Sydney",-33.8749575,151.2188765,"Entire home/apt",2,1,1,"$156.00",3,365,12,78,5,4.73,"f",4.78
722,"26/11/2015","within a day","f",1,"t","Randwick",-33.90819,151.23548,"Private room",1,1,1,"$85.00",90,1125,29,10,0,4.5,"f",0.09
13221,"1/10/2016","within an hour","f",8,"t","Marrickville",-33.92594,151.16086,"Private room",2,2,1,"$87.00",1,365,28,56,2,4.88,"f",5.92
4087,"10/11/2019","N/A","f",1,"t","Bankstown",-33.88418,150.97699,"Entire home/apt",1,1,4,"$114.00",90,1125,28,0,0,NA,"f",NA
14736,"5/06/2013","within an hour","f",28,"t","Waverley",-33.8835342,151.2826487,"Entire home/apt",4,1,2,"$380.00",7,365,14,3,0,4.33,"t",0.53
7884,"8/04/2020","within an hour","f",180,"t","Sydney",-33.8690146,151.2043704,"Entire home/apt",4,1,0,"$267.00",2,365,18,19,0,4.05,"f",0.75
17282,"13/05/2017","within an hour","f",1,"t","Waverley",-33.88672065,151.2762533,"Entire home/apt",4,1,2,"$160.00",2,365,11,4,1,5,"t",2.93
1828,"16/11/2017","within an hour","t",1,"t","Ryde",-33.79355,151.10588,"Entire home/apt",1,NA,1,"",5,1125,2,67,0,4.85,"f",0.74
7833,"30/09/2020","N/A","f",1,"f","Woollahra",-33.87159,151.274382,"Entire home/apt",7,2.5,3,"$612.00",5,365,0,3,0,5,"f",0.17
9509,"29/08/2023","N/A","f",1,"t","Sydney",-33.88546678,151.2164017,"Entire home/apt",5,1,2,"$240.00",90,365,22,0,0,NA,"f",NA
17099,"29/07/2014","N/A","f",1,"t","Warringah",-33.72416,151.28651,"Entire home/apt",8,2,4,"$461.00",4,21,15,0,0,NA,"f",NA
3027,"23/05/2012","within a few hours","t",117,"t","Waverley",-33.89808273,151.2708893,"Entire home/apt",4,2,2,"$383.00",5,89,0,22,0,4.82,"f",0.31
3435,"20/05/2016","N/A","f",1,"t","Randwick",-33.91537,151.26464,"Entire home/apt",4,NA,2,"",2,84,0,13,0,4.62,"t",0.18
15033,"20/09/2022","within an hour","f",39,"t","Blacktown",-33.7062781,150.8956381,"Entire home/apt",9,2.5,4,"$226.00",1,365,11,6,1,4.33,"t",1.89
10560,"24/10/2011","within an hour","t",75,"t","Manly",-33.79552,151.28109,"Entire home/apt",6,2,3,"$480.00",3,365,17,2,0,5,"f",0.35
7708,"12/02/2015","within an hour","t",7,"t","Canada Bay",-33.86671626,151.1142996,"Private room",2,1,1,"$117.00",1,14,5,25,2,5,"f",1.61
11674,"27/10/2014","N/A","f",1,"t","Sydney",-33.88661054,151.2105826,"Entire home/apt",4,1,2,"$463.00",3,90,28,0,0,NA,"f",NA
7437,"16/12/2022","within an hour","f",4,"t","Hornsby",-33.7114291,151.1073722,"Entire home/apt",6,2,2,"$133.00",1,365,16,4,1,4.75,"t",0.17
13774,"26/06/2024","within an hour","",9,"t","Randwick",-33.9205,151.22016,"Entire home/apt",12,2,5,"$320.00",3,365,17,9,0,4.89,"t",1.08
9497,"11/01/2020","within an hour","t",45,"t","Ku-Ring-Gai",-33.78811217,151.1761867,"Entire home/apt",8,NA,3,"",28,365,0,15,0,4.93,"f",0.71
11839,"29/03/2024","within an hour","t",1,"t","Willoughby",-33.7963132,151.1798881,"Entire home/apt",3,1,1,"$188.00",1,365,2,14,0,4.79,"f",1.01
4422,"27/02/2020","N/A","f",3,"f","Penrith",-33.76173,150.70303,"Private room",2,1,1,"$73.00",90,1125,29,0,0,NA,"t",NA
11170,"13/08/2018","within an hour","f",57,"t","Sydney",-33.87825,151.20407,"Entire home/apt",2,1,0,"$125.00",1,365,9,20,2,4.7,"f",1.42
13884,"12/04/2019","within an hour","f",63,"t","Ku-Ring-Gai",-33.7441908,151.1318771,"Private room",2,1,1,"$40.00",90,365,16,5,0,3.2,"f",0.6
2772,"4/06/2014","within a day","f",0,"t","Mosman",-33.82077,151.25081,"Entire home/apt",6,NA,3,"",14,1125,0,1,0,3,"f",0.01
16394,"17/07/2015","within an hour","t",4,"t","Parramatta",-33.80810188,151.0177526,"Private room",1,1,1,"$55.00",1,365,5,2,0,5,"t",1.02
12676,"8/07/2024","N/A","f",1,"t","Warringah",-33.77635,151.28027,"Entire home/apt",8,NA,4,"",2,365,0,0,0,NA,"f",NA
15196,"9/04/2024","within an hour","f",50,"t","Sydney",-33.89345,151.20263,"Entire home/apt",4,NA,1,"",1,365,0,8,0,3.63,"t",1.71
16021,"6/02/2025","within an hour","f",19,"t","Ryde",-33.7862841,151.1268374,"Private room",6,2,2,"$463.00",1,90,0,0,0,NA,"t",NA
16688,"18/09/2016","within an hour","f",1,"t","Manly",-33.7960934,151.2790991,"Entire home/apt",6,2,2,"$207.00",3,14,2,1,1,5,"f",1
16207,"9/04/2024","within an hour","f",50,"t","Marrickville",-33.91482,151.1495,"Entire home/apt",2,1,1,"$188.00",1,365,29,1,1,1,"t",1
11805,"3/03/2013","within a few hours","t",5,"t","Manly",-33.7883441,151.2862857,"Entire home/apt",4,2,2,"$456.00",4,365,0,2,0,5,"f",0.36
10147,"25/11/2019","N/A","f",1,"t","Warringah",-33.72130884,151.2982298,"Entire home/apt",5,0,1,"$165.00",90,91,8,1,0,4,"f",0.19
14212,"25/04/2024","within a few hours","t",4,"t","Sutherland Shire",-34.0392662,151.1416732,"Entire home/apt",6,3,1,"$690.00",100,365,0,0,0,NA,"t",NA
16603,"7/04/2023","within an hour","f",67,"t","Holroyd",-33.82415385,150.9722504,"Private room",2,1,1,"$50.00",90,365,27,0,0,NA,"t",NA
7617,"13/07/2018","within an hour","f",31,"t","Canada Bay",-33.85307002,151.0882436,"Entire home/apt",4,3,4,"$1,057.00",10,365,29,0,0,NA,"f",NA
5727,"14/12/2017","N/A","f",1,"t","Pittwater",-33.64325,151.32091,"Entire home/apt",8,2,4,"$800.00",90,365,28,3,0,4.33,"f",0.07
8301,"10/08/2022","within an hour","f",2,"t","Blacktown",-33.69808421,150.8213875,"Entire home/apt",9,2.5,4,"$185.00",2,365,14,69,3,4.7,"f",2.75
15200,"1/12/2024","N/A","f",1,"t","Ryde",-33.7889773,151.1252781,"Entire home/apt",3,1,2,"$329.00",1,365,29,0,0,NA,"f",NA
14021,"1/07/2022","N/A","f",3,"t","Parramatta",-33.77934277,151.0747621,"Entire home/apt",8,NA,3,"",1,365,0,0,0,NA,"t",NA
11887,"29/05/2012","within an hour","t",1,"t","North Sydney",-33.84028,151.21326,"Entire home/apt",7,NA,3,"",3,365,2,7,0,4.86,"t",0.55
10386,"13/09/2017","within an hour","f",1,"t","Randwick",-33.94062761,151.2399456,"Entire home/apt",4,1,1,"$180.00",2,1125,29,24,0,4.71,"t",1.55
8583,"15/11/2022","within a few hours","t",5,"t","Pittwater",-33.59881,151.3202,"Entire home/apt",16,6.5,6,"$1,092.00",2,30,22,14,0,5,"f",0.63
8820,"29/11/2016","within an hour","t",5,"t","Hurstville",-33.97039949,151.069174,"Private room",2,1,1,"$99.00",1,1125,20,90,2,4.92,"f",3.85
15100,"29/01/2016","N/A","f",15,"t","Botany Bay",-33.93431119,151.1929628,"Entire home/apt",2,NA,1,"",5,365,28,0,0,NA,"f",NA
8183,"17/06/2015","within a few hours","f",2,"t","Manly",-33.78749088,151.2445706,"Entire home/apt",6,2,3,"$720.00",3,365,27,5,0,5,"f",0.75
5722,"3/06/2015","N/A","f",1,"t","Waverley",-33.893761,151.267242,"Entire home/apt",3,NA,1,"",12,40,0,4,0,5,"f",0.1
8972,"29/10/2017","within an hour","f",2,"t","Parramatta",-33.81882001,151.0564386,"Entire home/apt",6,3,3,"$298.00",3,100,0,22,0,4.77,"t",1
1095,"9/12/2015","within an hour","f",1,"t","Sutherland Shire",-34.08158741,151.1423638,"Entire home/apt",6,2,3,"$819.00",1,365,18,37,1,5,"t",0.35
7633,"25/10/2014","within an hour","t",5,"t","Ryde",-33.7790848,151.1092141,"Private room",2,1,1,"$80.00",3,365,20,38,1,4.82,"f",1.28
15356,"28/07/2016","within an hour","t",2,"t","Mosman",-33.82315,151.25036,"Entire home/apt",4,1,2,"$800.00",90,365,0,0,0,NA,"t",NA
915,"25/02/2016","within an hour","t",3,"t","Sydney",-33.88059,151.18094,"Entire home/apt",6,2,3,"$664.00",1,21,0,130,0,4.78,"t",1.17
6654,"12/01/2015","within a day","f",1,"f","Manly",-33.79843,151.27962,"Entire home/apt",2,1,1,"$255.00",2,1125,28,13,0,4.85,"f",0.39
10674,"25/09/2022","within an hour","f",1,"t","Sydney",-33.87344,151.21667,"Entire home/apt",4,1.5,3,"$179.00",3,12,20,27,0,4.78,"t",1.58
5074,"7/11/2019","within an hour","f",25,"t","Fairfield",-33.8989,150.9361,"Entire home/apt",6,1,2,"$118.00",2,90,0,54,0,4.39,"f",1.04
3702,"8/03/2019","N/A","f",1,"t","Parramatta",-33.80504,151.03644,"Private room",1,1,NA,"$48.00",90,1125,22,1,0,5,"f",0.01
8228,"23/10/2015","within a few hours","f",2,"t","Sutherland Shire",-34.04998871,151.1547793,"Entire home/apt",4,1,2,"$255.00",5,365,13,11,0,4.64,"t",0.46
13166,"20/01/2014","within a day","f",1,"t","Randwick",-33.93906798,151.256915,"Entire home/apt",4,1,2,"$285.00",4,9,16,3,0,5,"f",0.54
5705,"13/07/2014","within a few hours","f",1,"t","Randwick",-33.9304,151.23459,"Entire home/apt",11,2.5,5,"$1,125.00",5,21,0,3,0,5,"f",0.1
9980,"7/11/2012","within an hour","t",11,"t","Waverley",-33.8905685,151.2828645,"Entire home/apt",2,1,1,"$148.00",1,1125,7,36,4,4.86,"t",1.94
16451,"24/07/2019","N/A","f",912,"t","Sydney",-33.9071069,151.1894418,"Entire home/apt",4,2,2,"$304.00",3,365,11,1,1,3,"t",1
3171,"15/08/2016","within an hour","t",2,"t","Pittwater",-33.59941,151.31785,"Entire home/apt",4,1,1,"$374.00",2,365,0,55,0,4.71,"t",0.71
15828,"29/11/2023","within an hour","f",46,"t","Ku-Ring-Gai",-33.7659076,151.1616799,"Private room",2,1,1,"$53.00",2,365,0,4,1,2.25,"f",0.84
515,"15/07/2013","a few days or more","f",1,"f","Sydney",-33.86989,151.2195,"Entire home/apt",3,2,2,"$150.00",90,150,29,0,0,NA,"f",NA
18106,"26/08/2016","within an hour","f",78,"t","Ashfield",-33.8924,151.13109,"Entire home/apt",3,1,0,"$157.00",1,1125,10,0,0,NA,"t",NA
14984,"9/12/2024","within an hour","f",2,"t","Botany Bay",-33.92066,151.18751,"Private room",2,1,1,"$144.00",1,30,21,4,0,5,"f",1.04
5591,"25/08/2013","N/A","f",1,"t","Warringah",-33.72179,151.29704,"Entire home/apt",4,NA,2,"",90,365,0,3,0,5,"f",0.07
4935,"20/05/2013","within a day","f",2,"t","Warringah",-33.77964,151.28781,"Entire home/apt",4,NA,2,"",5,14,0,4,0,4.75,"f",0.07
8267,"27/01/2023","within an hour","t",2,"t","Sydney",-33.89899,151.18069,"Entire home/apt",4,2.5,2,"$384.00",2,180,6,42,1,4.95,"f",1.63
14991,"25/11/2024","N/A","f",1,"t","Canada Bay",-33.84365641,151.152621,"Entire home/apt",4,NA,2,"",5,365,0,3,0,5,"f",0.54
10418,"16/09/2013","N/A","f",1,"t","Waverley",-33.88687,151.27951,"Entire home/apt",5,NA,2,"",90,365,0,2,0,4.5,"f",0.11
10939,"22/09/2015","within an hour","t",1,"f","Blacktown",-33.7648987,150.8940814,"Private room",1,1,1,"$78.00",1,365,27,8,1,4.88,"f",0.64
6066,"11/10/2019","within an hour","f",138,"t","Sydney",-33.89361,151.19838,"Entire home/apt",4,2,2,"$269.00",2,365,11,45,0,4.78,"f",1.26
3206,"15/10/2018","within an hour","t",1,"t","The Hills Shire",-33.42038727,150.9189301,"Entire home/apt",2,1,1,"$233.00",2,31,23,341,3,4.96,"f",4.55
14537,"21/03/2019","within a few hours","t",2,"t","Randwick",-33.94482,151.25638,"Private room",2,1,1,"$78.00",3,45,11,8,0,4.75,"f",1.27
6430,"20/02/2018","within an hour","f",55,"t","Mosman",-33.83435,151.25498,"Entire home/apt",8,NA,4,"",1,1125,28,0,0,NA,"f",NA
8538,"15/11/2022","within a few hours","t",5,"t","Pittwater",-33.63664153,151.3062724,"Entire home/apt",12,NA,6,"",2,1125,0,8,0,5,"f",0.33
17868,"20/06/2022","within a few hours","f",32,"t","Sydney",-33.91315,151.2099,"Entire home/apt",2,1,1,"$186.00",7,365,29,0,0,NA,"f",NA
7593,"11/01/2018","within an hour","t",3,"t","Marrickville",-33.9117204,151.1594181,"Entire home/apt",2,1,1,"$120.00",2,25,17,144,4,4.76,"f",5.06
14646,"16/04/2015","N/A","f",2,"f","Strathfield",-33.86036815,151.062719,"Private room",2,NA,NA,"",3,30,0,0,0,NA,"f",NA
9425,"11/07/2021","within an hour","t",28,"t","Sydney",-33.87835674,151.2243437,"Entire home/apt",7,2,2,"$425.00",1,1125,16,5,0,5,"f",0.24
5104,"1/01/2014","within a day","f",1,"t","Warringah",-33.783,151.28908,"Entire home/apt",4,1,2,"$361.00",6,30,0,8,0,5,"f",0.19
3489,"15/05/2019","within an hour","t",3,"t","Rockdale",-33.95472,151.14527,"Entire home/apt",1,1,0,"$95.00",1,1125,16,233,1,4.7,"t",3.19
10896,"11/11/2018","within an hour","f",19,"t","Sydney",-33.86081,151.2076,"Entire home/apt",4,1,2,"$308.00",1,89,12,6,0,4.5,"t",0.37
2644,"9/10/2016","within an hour","f",4,"t","Bankstown",-33.92058,151.04858,"Private room",2,1,1,"$68.00",2,60,29,24,0,4.63,"t",0.29
13333,"15/09/2023","within an hour","f",2,"f","Manly",-33.80097611,151.2935598,"Entire home/apt",2,1,1,"$145.00",1,30,21,12,4,4.58,"t",4.39
9868,"13/11/2014","within a day","t",82,"t","Pittwater",-33.60531,151.32177,"Entire home/apt",8,NA,4,"",1,1125,21,0,0,NA,"f",NA
6137,"11/10/2019","within an hour","f",138,"t","Auburn",-33.84858,151.07524,"Entire home/apt",4,2,2,"$909.00",3,730,29,62,0,4.82,"f",1.54
14811,"10/12/2018","within an hour","t",7,"t","Sydney",-33.8753069,151.2065316,"Entire home/apt",4,1,1,"$201.00",2,365,13,26,4,4.88,"f",4.38
17428,"15/04/2025","within a few hours","f",20,"t","Ryde",-33.78188391,151.1155463,"Entire home/apt",4,2,2,"$181.00",10,365,29,1,0,1,"f",0.65
17045,"28/05/2017","within an hour","f",50,"t","Auburn",-33.82484284,151.0756206,"Entire home/apt",3,1,1,"$153.00",3,365,23,2,1,4.5,"t",1.62
2201,"10/09/2015","N/A","f",1,"t","Warringah",-33.75349,151.29537,"Entire home/apt",6,2,3,"$472.00",90,1125,22,1,0,5,"f",0.01
4890,"22/12/2013","N/A","f",2,"t","Sydney",-33.87271,151.20255,"Entire home/apt",6,1,0,"$320.00",90,365,29,0,0,NA,"t",NA
25,"31/10/2014","within an hour","f",1,"t","Warringah",-33.77365,151.28433,"Entire home/apt",10,2,5,"$1,050.00",7,28,0,7,0,5,"f",0.07
16442,"28/03/2019","within an hour","f",1,"t","Auburn",-33.8501663,151.0606097,"Entire home/apt",6,2,2,"$199.00",1,730,13,10,4,5,"f",3.41
13609,"26/04/2023","within an hour","t",2,"t","Sydney",-33.8723663,151.2243275,"Entire home/apt",2,1,0,"$107.00",22,365,24,2,0,4.5,"f",0.34
8119,"6/10/2017","within an hour","t",1,"t","Bankstown",-33.91092,151.02209,"Entire home/apt",5,1,2,"$261.00",2,200,25,27,1,4.78,"t",1.02
14953,"8/12/2024","within an hour","f",3,"t","Sydney",-33.87624,151.19651,"Entire home/apt",2,1,1,"$161.00",2,365,28,2,0,3.5,"f",0.55
13418,"6/11/2017","within an hour","f",1,"t","Canterbury",-33.9360936,151.0639005,"Entire home/apt",8,1.5,3,"$191.00",1,600,9,3,0,5,"f",0.4
13260,"22/05/2022","within a few hours","f",1,"t","Sydney",-33.87789927,151.2027282,"Entire home/apt",4,1,1,"$230.00",3,365,26,2,0,4.5,"f",0.25
11428,"8/06/2017","within an hour","t",1,"t","Pittwater",-33.5937476,151.3022833,"Entire home/apt",5,1,2,"$558.00",2,365,29,15,1,5,"t",1.16
4308,"5/12/2015","within an hour","",5,"t","Sydney",-33.87046,151.22487,"Entire home/apt",2,1,NA,"$117.00",1,1125,25,274,2,4.82,"f",4.42
18036,"12/04/2019","within an hour","f",63,"t","Liverpool",-33.916413,150.9168358,"Private room",2,1,1,"$50.00",1,89,25,0,0,NA,"f",NA
15514,"3/05/2016","within an hour","t",7,"t","Sydney",-33.90035595,151.2057697,"Entire home/apt",4,1,2,"$229.00",1,28,11,35,7,4.97,"t",6.07
17935,"6/06/2016","within an hour","f",37,"t","Botany Bay",-33.92155,151.18696,"Entire home/apt",6,2,3,"$385.00",1,365,12,0,0,NA,"t",NA
17815,"30/11/2019","within an hour","f",2,"t","Rockdale",-33.93621239,151.1356235,"Private room",2,1,1,"$94.00",1,365,25,0,0,NA,"f",NA
8551,"1/09/2014","within an hour","f",1,"t","Canada Bay",-33.8662,151.09811,"Entire home/apt",5,2,2,"$148.00",3,180,9,11,1,4.73,"f",0.98
15526,"15/10/2024","within a few hours","f",34,"t","Botany Bay",-33.92061,151.1887,"Entire home/apt",4,NA,2,"",7,365,0,0,0,NA,"f",NA
1334,"30/11/2015","within an hour","f",3,"t","Randwick",-33.90434,151.24945,"Private room",2,1,1,"$77.00",1,1125,16,269,0,4.55,"t",2.56
7606,"26/01/2014","within an hour","f",1,"t","Manly",-33.7985289,151.2766692,"Entire home/apt",6,1.5,3,"$259.00",3,1125,16,54,2,4.81,"f",1.81
5723,"7/06/2013","within an hour","t",1,"t","North Sydney",-33.83892,151.19676,"Entire home/apt",2,1,1,"$191.00",1,365,18,28,0,4.96,"f",0.78
15031,"29/10/2023","N/A","f",1,"t","North Sydney",-33.8290513,151.2289884,"Entire home/apt",4,1,1,"$1,050.00",4,20,26,0,0,NA,"f",NA
14875,"17/11/2023","within a few hours","f",40,"t","Botany Bay",-33.924298,151.1883716,"Entire home/apt",4,NA,2,"",6,365,0,0,0,NA,"f",NA
13744,"12/08/2022","within an hour","f",8,"t","Parramatta",-33.7950572,151.060544,"Entire home/apt",10,2.5,5,"$217.00",2,45,6,18,2,4.56,"t",2.23
4471,"13/12/2015","within a few hours","",7,"t","Sydney",-33.87493,151.19602,"Entire home/apt",6,2.5,2,"$230.00",180,1125,29,1,0,5,"f",0.02
2310,"20/02/2018","N/A","f",1,"t","Warringah",-33.76184,151.29357,"Entire home/apt",8,NA,4,"",90,365,0,12,0,4.75,"f",0.43
17481,"6/05/2020","within a day","f",7,"t","Marrickville",-33.90453,151.14222,"Private room",2,1,1,"$81.00",3,28,29,0,0,NA,"f",NA
11301,"23/07/2012","within a few hours","f",1,"t","Sydney",-33.8922,151.18015,"Entire home/apt",2,1.5,1,"$309.00",3,14,15,8,0,4.63,"f",0.52
3772,"30/05/2019","within an hour","f",4,"t","North Sydney",-33.82151,151.22962,"Private room",1,1,1,"$110.00",90,300,29,0,0,NA,"f",NA
6493,"13/11/2014","within a day","t",82,"t","Pittwater",-33.630488,151.3351925,"Entire home/apt",5,2.5,3,"$888.00",90,1125,28,0,0,NA,"f",NA
12990,"24/03/2017","within a few hours","t",1,"t","Manly",-33.80239839,151.2885303,"Entire home/apt",2,1,0,"$174.00",2,1125,25,30,1,4.97,"f",3.1
9692,"6/04/2017","N/A","t",1,"f","Blacktown",-33.75158978,150.8250402,"Entire home/apt",2,NA,1,"",2,120,0,17,0,4.88,"f",0.85
17735,"1/04/2025","within an hour","f",1,"t","Leichhardt",-33.8562887,151.1740645,"Entire home/apt",4,1,2,"$200.00",3,90,10,3,3,4.67,"f",3
3001,"6/02/2017","within an hour","f",3,"t","Manly",-33.7955,151.27404,"Private room",3,1,1,"$157.00",90,1125,0,46,0,4.8,"f",0.6
14198,"22/12/2016","within an hour","f",120,"t","Waverley",-33.8886328,151.2725055,"Entire home/apt",4,2,2,"$352.00",3,365,7,3,1,4,"f",0.55
8409,"21/10/2022","within an hour","f",60,"t","Blacktown",-33.7047,150.89167,"Entire home/apt",9,NA,4,"",90,1125,0,18,0,4.72,"f",0.68
17314,"26/04/2024","within a few hours","f",1,"f","Liverpool",-33.95017,150.8549,"Entire home/apt",4,1.5,2,"$144.00",2,365,11,0,0,NA,"t",NA
75,"20/07/2012","N/A","f",1,"t","Sydney",-33.91799,151.20653,"Private room",2,2,1,"$52.00",90,1125,16,1,0,4,"f",0.01
14437,"23/06/2017","within an hour","",26,"t","Sydney",-33.9043889,151.2135538,"Entire home/apt",6,2,3,"$278.00",2,365,9,27,3,4.44,"t",3.36
16332,"3/02/2025","within an hour","f",18,"t","Ryde",-33.7908826,151.0949295,"Private room",2,1,1,"$41.00",1,365,29,1,0,4,"t",0.48
3035,"21/06/2012","N/A","f",1,"f","Ashfield",-33.87365,151.12506,"Private room",2,1,1,"$60.00",90,1125,22,0,0,NA,"f",NA
3588,"4/11/2015","within an hour","f",2,"t","Randwick",-33.9423013,151.2351933,"Entire home/apt",16,3,5,"$424.00",2,365,2,45,2,4.89,"t",2.5
15709,"25/08/2019","within an hour","f",169,"t","Sydney",-33.8839036,151.2086619,"Private room",2,2,1,"$92.00",1,89,10,9,1,4.11,"f",1.88
10583,"10/07/2013","within an hour","f",244,"t","Randwick",-33.91152,151.26493,"Entire home/apt",4,1,2,"$506.00",1,1125,23,18,0,4.89,"t",1.04
9216,"26/05/2018","within an hour","f",1,"t","Waverley",-33.89446432,151.26657,"Entire home/apt",2,1,1,"$77.00",1,31,9,144,5,4.79,"f",6.54
293,"12/12/2012","within an hour","f",1,"t","Sydney",-33.89017,151.21611,"Private room",1,NA,NA,"",1,6,0,79,0,4.99,"f",0.52
6844,"5/07/2017","within a day","f",517,"t","Sydney",-33.87333,151.1983,"Entire home/apt",2,1,1,"$510.00",3,1125,29,1,0,5,"f",0.03
16275,"7/04/2023","within an hour","f",67,"t","Holroyd",-33.85030049,150.970723,"Private room",2,1,1,"$60.00",1,365,6,1,0,3,"t",0.28
14792,"1/02/2021","within an hour","f",11,"t","Manly",-33.7881534,151.2857874,"Entire home/apt",9,1,3,"$468.00",1,365,29,7,0,4.43,"t",1.14
1847,"7/09/2015","within an hour","f",4,"t","North Sydney",-33.83307,151.22008,"Entire home/apt",2,1,1,"$300.00",90,1125,28,3,0,4.67,"f",0.03
16346,"25/08/2019","within an hour","f",169,"t","City Of Kogarah",-33.9757935,151.1241767,"Private room",2,1.5,1,"$57.00",1,89,29,2,0,4,"f",0.77
7396,"2/09/2012","within a few hours","f",2,"t","Pittwater",-33.62499,151.33733,"Entire home/apt",7,2.5,4,"$1,360.00",3,30,29,1,0,5,"t",0.07
17869,"20/06/2019","N/A","f",53,"t","Waverley",-33.8757232,151.2722996,"Entire home/apt",3,1,1,"$171.00",2,90,17,0,0,NA,"f",NA
14820,"24/02/2013","within an hour","t",92,"t","Sydney",-33.87003,151.20542,"Entire home/apt",4,1,1,"$188.00",2,365,4,24,4,4.71,"t",3.85
13034,"17/11/2023","within a few hours","f",40,"t","Botany Bay",-33.9288408,151.1874409,"Entire home/apt",4,NA,2,"",8,365,0,1,0,5,"f",0.16
17362,"12/12/2023","within a day","f",7,"t","Sydney",-33.91369987,151.2115738,"Entire home/apt",4,2,2,"$157.00",7,365,2,0,0,NA,"f",NA
666,"4/02/2014","within an hour","t",3,"t","Sydney",-33.88968,151.21098,"Entire home/apt",2,1,1,"$218.00",2,1125,22,189,0,4.53,"f",1.62
1317,"13/03/2015","within an hour","f",19,"t","Rockdale",-33.95348,151.13567,"Private room",1,1,1,"$49.00",7,1125,15,57,1,4.46,"t",0.56
12625,"19/02/2016","within an hour","f",2,"t","Randwick",-33.9183994,151.2578404,"Entire home/apt",4,0,2,"$436.00",90,90,29,7,0,4.14,"f",0.56
13325,"5/01/2023","within an hour","f",50,"t","Blacktown",-33.74,150.89822,"Private room",1,1,1,"$51.00",1,89,23,5,0,4.2,"f",0.72
4102,"23/05/2012","within a few hours","t",117,"t","Sydney",-33.89023,151.21415,"Entire home/apt",4,1,2,"$246.00",5,89,12,47,0,4.57,"f",0.73
12688,"10/10/2023","within an hour","t",7,"t","North Sydney",-33.84856795,151.2154525,"Entire home/apt",4,1,2,"$414.00",1,365,5,65,6,4.92,"f",5.86
14926,"3/05/2016","within an hour","t",7,"t","North Sydney",-33.8483,151.21515,"Entire home/apt",2,1,1,"$229.00",1,365,11,74,14,4.99,"f",11.56
6161,"17/06/2014","within a few hours","f",2,"t","North Sydney",-33.82734,151.21904,"Entire home/apt",2,1,1,"$180.00",7,250,0,15,0,4.8,"f",0.53
231,"5/11/2012","N/A","f",1,"t","Mosman",-33.8154,151.24196,"Private room",1,1,1,"$80.00",90,1125,27,3,0,4.67,"f",0.02
1874,"17/01/2016","within a few hours","t",1,"t","Randwick",-33.90836,151.2463,"Entire home/apt",2,1,1,"$247.00",3,40,7,196,0,4.99,"f",2.09
15970,"2/03/2020","within an hour","t",13,"t","Sydney",-33.88372,151.19461,"Entire home/apt",2,1,1,"$171.00",2,90,7,4,1,5,"t",0.95
6357,"10/07/2022","within a day","t",2,"t","Woollahra",-33.87828,151.23877,"Entire home/apt",2,1,1,"$328.00",3,365,12,39,0,4.92,"f",1.11
596,"8/08/2013","within an hour","t",1,"t","Manly",-33.79629,151.28632,"Entire home/apt",2,1,1,"$195.00",3,180,10,97,1,4.89,"f",0.78
6687,"26/04/2021","within an hour","t",1,"t","Campbelltown",-34.0761433,150.7815057,"Entire home/apt",4,1,2,"$179.00",2,1125,3,63,3,4.97,"f",1.96
1951,"12/12/2017","N/A","f",1,"t","Pittwater",-33.64093,151.31901,"Entire home/apt",2,1,1,"$150.00",90,1125,29,24,0,4.88,"t",0.26
5662,"3/07/2021","a few days or more","f",1,"t","Pittwater",-33.69725,151.29955,"Entire home/apt",2,NA,1,"",3,365,0,0,0,NA,"f",NA
9672,"26/09/2022","within an hour","f",27,"t","Warringah",-33.73013765,151.2670519,"Entire home/apt",8,NA,4,"",7,365,0,3,0,5,"t",0.17
1999,"9/10/2017","within a day","f",1,"t","Pittwater",-33.65734,151.31358,"Entire home/apt",12,2.5,5,"$750.00",5,21,28,7,0,5,"f",0.08
14382,"14/03/2018","within an hour","f",44,"t","Warringah",-33.75629,151.21417,"Entire home/apt",6,1.5,3,"$249.00",2,365,16,13,4,4.92,"f",2.01
17749,"13/08/2017","within a day","f",7,"t","Pittwater",-33.60316911,151.3293681,"Entire home/apt",10,4,4,"$1,849.00",2,365,27,0,0,NA,"f",NA
441,"7/09/2011","within a day","f",1,"t","Woollahra",-33.8879508,151.24471,"Entire home/apt",2,1,1,"$165.00",90,120,16,34,0,4.82,"f",1.25
13496,"10/12/2014","within an hour","f",26,"f","Waverley",-33.88537,151.28052,"Entire home/apt",8,2,4,"$521.00",7,365,11,0,0,NA,"f",NA
3403,"3/02/2019","within an hour","f",5,"t","Sydney",-33.86915,151.22472,"Hotel room",2,1,0,"$214.00",1,365,27,29,0,4.59,"t",0.39
5235,"20/06/2016","N/A","f",1,"t","Sydney",-33.88335,151.21704,"Private room",2,1,1,"$153.00",90,1125,29,1,0,5,"t",0.02
8566,"18/07/2017","within an hour","t",13,"t","Auburn",-33.83132207,151.0715069,"Entire home/apt",4,2,2,"$191.00",2,365,9,12,0,4.67,"t",0.45
6698,"11/10/2019","within an hour","f",138,"t","Ryde",-33.77842,151.12306,"Entire home/apt",4,2,2,"$234.00",2,1125,18,31,2,4.94,"f",0.92
16134,"7/04/2023","within an hour","f",67,"t","Parramatta",-33.78927,151.03863,"Private room",2,2,1,"$45.00",90,365,28,0,0,NA,"t",NA
10180,"12/12/2020","within an hour","f",16,"t","Blacktown",-33.75783367,150.8742537,"Private room",2,1,NA,"$66.00",1,365,23,0,0,NA,"f",NA
15463,"7/01/2014","within a day","f",4,"t","Marrickville",-33.90190917,151.164277,"Entire home/apt",6,2,3,"$207.00",3,28,11,0,0,NA,"f",NA
14420,"6/05/2015","within an hour","f",1,"t","Sydney",-33.86341,151.20786,"Entire home/apt",5,1,2,"$334.00",2,365,17,1,0,5,"f",0.21
2359,"3/08/2016","within a few hours","t",1,"t","Pittwater",-33.59427,151.32152,"Entire home/apt",2,1,1,"$383.00",2,32,2,82,1,4.83,"f",0.98
2664,"7/09/2015","within an hour","f",4,"t","North Sydney",-33.83486,151.21014,"Private room",1,1,1,"$150.00",90,1125,28,1,0,5,"f",0.01
4306,"9/08/2019","N/A","t",3,"t","Sydney",-33.90025,151.20503,"Entire home/apt",5,NA,2,"",1,30,0,28,0,4.75,"f",0.46
2809,"11/10/2018","within an hour","f",2,"t","Rockdale",-33.9425,151.15149,"Entire home/apt",2,1,0,"$79.00",5,28,9,204,1,4.79,"f",2.74
15447,"9/06/2023","within an hour","f",11,"t","Strathfield",-33.86244,151.07843,"Entire home/apt",4,2,2,"$190.00",30,365,29,0,0,NA,"f",NA
5277,"1/02/2019","within a few hours","f",1,"t","Canterbury",-33.92582,151.11445,"Entire home/apt",4,2,2,"$178.00",3,28,29,72,1,4.64,"t",1.41
1971,"22/11/2014","within an hour","t",23,"t","Sydney",-33.86902,151.20438,"Entire home/apt",3,1,1,"$261.00",2,365,20,349,2,4.91,"f",3.85
16554,"25/04/2019","within an hour","t",68,"t","Sydney",-33.874003,151.1974368,"Entire home/apt",4,1,1,"$230.00",2,365,23,7,3,5,"f",2.1
3327,"9/02/2016","within a few hours","f",1,"t","The Hills Shire",-33.76772,150.9807,"Entire home/apt",2,1,1,"$99.00",3,30,3,98,2,4.87,"f",1.3
5487,"23/11/2016","within an hour","t",2,"t","Pittwater",-33.64425,151.32774,"Entire home/apt",10,3,5,"$1,800.00",2,365,24,53,0,5,"f",1.1
4875,"3/12/2013","within an hour","f",1,"t","Waverley",-33.89587,151.25351,"Private room",1,0,0,"$53.00",90,365,28,0,0,NA,"f",NA
13228,"30/09/2016","within an hour","",8,"t","The Hills Shire",-33.65729,150.8962,"Private room",6,1,2,"$175.00",1,365,29,9,0,4.22,"f",0.93
16484,"17/04/2016","within a day","f",1,"t","Sydney",-33.88872,151.21402,"Entire home/apt",6,1.5,3,"$591.00",2,365,27,0,0,NA,"f",NA
12202,"21/02/2018","within a day","f",1,"t","Waverley",-33.8912409,151.2589895,"Entire home/apt",6,2.5,3,"$1,130.00",2,365,30,5,0,5,"f",0.55
12591,"26/08/2014","within an hour","t",2,"t","Willoughby",-33.81533,151.20015,"Private room",2,1,1,"$83.00",1,100,3,27,4,5,"f",2.78
11633,"27/04/2013","N/A","f",1,"t","Randwick",-33.92705318,151.2537472,"Entire home/apt",2,NA,1,"",90,365,0,2,0,5,"f",0.22
17745,"20/10/2024","within a few hours","f",1,"t","Ryde",-33.81633,151.11807,"Entire home/apt",3,1,1,"$203.00",1,365,28,1,1,5,"f",1
5182,"24/10/2016","within an hour","f",72,"t","Sydney",-33.8682091,151.2238404,"Entire home/apt",2,1,0,"$162.00",2,180,15,130,0,4.49,"t",2.68
11442,"3/09/2014","within a few hours","f",1,"f","Waverley",-33.88381,151.27928,"Entire home/apt",8,2,4,"$943.00",2,28,1,7,0,5,"f",1.17
6651,"26/06/2021","within an hour","f",1,"t","Sydney",-33.88546347,151.1797169,"Entire home/apt",2,1,1,"$255.00",3,10,4,2,0,3.5,"t",1.13
10242,"12/09/2017","within an hour","f",1,"t","City Of Kogarah",-33.98375,151.12688,"Entire home/apt",16,5,6,"$2,250.00",1,365,19,10,1,5,"f",0.53
8921,"22/03/2023","within an hour","t",4,"t","Sydney",-33.8682919,151.2271159,"Entire home/apt",6,2,3,"$549.00",1,90,14,24,2,4.88,"f",1.47
16981,"27/10/2024","within an hour","f",4,"t","Botany Bay",-33.93018843,151.1876069,"Entire home/apt",4,2,0,"$398.00",1,365,12,2,0,5,"t",0.75
4955,"28/02/2014","within an hour","t",8,"t","Waverley",-33.89060211,151.2830353,"Entire home/apt",2,1,1,"$105.00",1,1125,23,149,3,4.89,"t",2.74
5239,"22/12/2016","within an hour","f",120,"t","Waverley",-33.89024,151.26275,"Entire home/apt",2,1,1,"$183.00",4,365,23,43,0,4.65,"f",0.89
5023,"29/07/2015","N/A","f",1,"t","Auburn",-33.83201,151.07455,"Private room",1,1,1,"$95.00",90,365,29,1,0,5,"t",0.02
5696,"22/09/2015","within a few hours","f",37,"t","Canada Bay",-33.82678,151.08545,"Entire home/apt",4,2,2,"$268.00",2,1125,22,42,0,4.64,"f",1.02
3604,"18/06/2016","within an hour","f",3,"t","Sydney",-33.87676,151.19779,"Entire home/apt",4,1,2,"$223.00",90,1125,28,21,0,4.57,"f",0.3
6758,"10/08/2022","within a few hours","f",1,"t","Pittwater",-33.6374901,151.3310643,"Entire home/apt",4,1,2,"$356.00",2,365,0,30,0,5,"f",0.91
13072,"16/07/2024","within a few hours","f",49,"t","Sydney",-33.90922,151.20588,"Entire home/apt",2,1,1,"$193.00",2,365,0,0,0,NA,"f",NA
8873,"22/09/2015","within a few hours","f",37,"t","Botany Bay",-33.94387,151.22581,"Entire home/apt",5,2,2,"$450.00",2,365,29,9,0,4.89,"f",0.45
15348,"29/08/2024","N/A","f",39,"t","Manly",-33.79984,151.29124,"Entire home/apt",4,NA,2,"",7,1125,0,2,0,5,"t",0.43
4905,"31/08/2017","within an hour","f",54,"t","North Sydney",-33.83554077,151.2079163,"Entire home/apt",4,2,2,"$280.00",28,1125,12,12,0,4.92,"t",0.24
9924,"1/10/2014","N/A","f",1,"t","Waverley",-33.89536224,151.2565864,"Private room",1,2,1,"$90.00",90,365,22,0,0,NA,"f",NA
13490,"14/07/2015","within an hour","f",32,"t","Woollahra",-33.8699245,151.2693925,"Entire home/apt",2,1,1,"$250.00",1,365,6,11,0,4.73,"f",1.18
15065,"30/11/2024","within an hour","f",10,"t","Sutherland Shire",-34.03772,151.11877,"Entire home/apt",2,1,1,"$148.00",2,365,0,1,0,4,"f",0.19
674,"29/06/2013","within a few hours","f",1,"t","Ashfield",-33.8809,151.12387,"Entire home/apt",2,NA,1,"",3,28,0,57,0,4.81,"f",0.47
10771,"21/10/2023","within an hour","f",42,"t","Sydney",-33.88205627,151.1968719,"Entire home/apt",6,NA,2,"",90,365,13,18,0,4.78,"t",0.98
9143,"19/10/2015","within an hour","t",13,"t","Auburn",-33.8483241,151.0733709,"Entire home/apt",4,1,1,"$185.00",1,30,4,26,0,4.73,"t",1.16
9839,"13/07/2015","within a few hours","f",2,"t","Sydney",-33.898658,151.1968226,"Entire home/apt",2,1,1,"$122.00",2,365,11,8,0,4.5,"f",0.49
4977,"3/11/2015","N/A","f",1,"t","Waverley",-33.88918,151.26636,"Entire home/apt",6,3,4,"$621.00",90,1125,29,0,0,NA,"f",NA
3482,"7/02/2017","within an hour","f",6,"t","Campbelltown",-33.96872,150.8941,"Private room",1,NA,NA,"",1,1125,0,3,0,4.67,"f",0.09
4943,"25/08/2019","within an hour","f",169,"t","Fairfield",-33.8821644,150.9595761,"Private room",1,1,1,"$47.00",90,365,17,32,0,4.28,"f",0.58
5454,"28/09/2021","within an hour","t",11,"t","Waverley",-33.891457,151.245239,"Entire home/apt",2,1,0,"$200.00",2,90,12,119,1,4.82,"f",2.72
16055,"6/01/2016","within an hour","t",12,"t","Randwick",-33.9181643,151.2433765,"Private room",2,1,1,"$183.00",1,365,0,0,0,NA,"t",NA
5880,"20/11/2013","within an hour","t",2,"t","Waverley",-33.88864,151.27361,"Entire home/apt",2,1,1,"$138.00",4,35,9,35,3,4.97,"f",1.17
4852,"10/12/2020","N/A","f",1,"t","Sydney",-33.8753,151.21764,"Entire home/apt",2,NA,1,"",21,90,0,25,0,4.96,"f",0.47
901,"17/09/2015","N/A","f",1,"t","Warringah",-33.78519,151.28982,"Entire home/apt",2,1,2,"$213.00",90,1125,27,26,0,4.96,"f",0.22
12659,"24/10/2016","within an hour","f",72,"t","Manly",-33.7988687,151.2843827,"Entire home/apt",2,1,0,"$184.00",2,45,16,10,2,4.9,"t",1.17
13953,"10/01/2018","within an hour","f",16,"t","Sydney",-33.8757293,151.2161323,"Entire home/apt",2,1,1,"$255.00",3,90,0,10,0,4.7,"f",1.31
15877,"31/12/2016","within a few hours","f",1,"t","City Of Kogarah",-33.9607217,151.135319,"Entire home/apt",5,2,2,"$145.00",2,15,20,4,0,4.75,"f",1
1327,"16/06/2013","within a day","f",2,"t","Warringah",-33.75294,151.2818,"Entire home/apt",16,2.5,6,"$1,400.00",2,720,18,43,0,4.95,"f",0.42
6676,"12/10/2020","within an hour","f",2,"t","North Sydney",-33.8479962,151.2145746,"Entire home/apt",4,1,2,"$386.00",3,365,8,124,1,4.93,"t",3.68
5677,"23/05/2012","within a few hours","t",117,"t","Waverley",-33.88925934,151.2757416,"Entire home/apt",6,3,4,"$1,902.00",5,89,15,7,0,5,"f",0.26
6202,"20/01/2021","within an hour","f",1,"t","Randwick",-33.91910035,151.2459045,"Entire home/apt",4,1,2,"$500.00",5,27,16,1,0,5,"f",0.03
16310,"8/12/2017","within an hour","t",11,"t","Sydney",-33.90419275,151.1822478,"Entire home/apt",4,1,2,"$523.00",3,365,29,0,0,NA,"t",NA
7355,"7/03/2016","within an hour","f",3,"t","Pittwater",-33.63996,151.29224,"Private room",2,NA,4,"",1,365,0,4,0,4.5,"f",0.24
16501,"25/08/2019","within an hour","f",169,"t","City Of Kogarah",-33.9748324,151.1007574,"Private room",1,2,1,"$46.00",1,89,11,3,0,4.33,"f",0.8
6118,"31/01/2016","within an hour","f",1,"t","Marrickville",-33.92011084,151.1587635,"Private room",1,1,1,"$186.00",30,365,29,0,0,NA,"f",NA
10998,"1/10/2012","within an hour","f",45,"t","Sydney",-33.88816,151.21373,"Entire home/apt",2,1,1,"$166.00",2,90,13,41,0,4.71,"t",2.26
6712,"2/11/2013","within an hour","f",1,"t","Pittwater",-33.6622957,151.3145281,"Entire home/apt",2,1,1,"$387.00",1,3,29,18,0,4.72,"f",0.56
8980,"6/01/2016","within a day","f",1,"t","Randwick",-33.9209671,151.2539978,"Entire home/apt",4,2,2,"$632.00",3,48,26,15,0,4.73,"f",0.83
14153,"28/08/2012","within an hour","t",1,"t","Sydney",-33.9049,151.18115,"Entire home/apt",2,1,1,"$238.00",2,365,28,16,1,4.94,"f",2.17
3332,"23/05/2012","within a few hours","t",117,"t","Waverley",-33.89289856,151.2837219,"Entire home/apt",4,1,2,"$504.00",5,89,0,27,0,4.78,"f",0.39
810,"16/11/2013","within a day","f",2,"t","Waverley",-33.89188,151.26776,"Entire home/apt",4,3,2,"$900.00",4,21,0,7,0,4.57,"f",0.07
16188,"9/04/2024","within an hour","f",50,"t","Marrickville",-33.91506701,151.1507355,"Entire home/apt",4,1,1,"$203.00",1,365,26,1,1,1,"t",1
6072,"15/04/2011","within an hour","t",1,"t","Leichhardt",-33.88727,151.1702,"Entire home/apt",6,NA,2,"",3,28,29,65,0,4.74,"f",1.62
10507,"23/11/2013","within an hour","t",4,"t","Randwick",-33.92275,151.25113,"Entire home/apt",6,1,3,"$159.00",1,365,5,129,8,4.88,"f",7.17
17411,"2/03/2016","N/A","f",1,"t","Ku-Ring-Gai",-33.77737827,151.2044491,"Entire home/apt",8,3,4,"$980.00",7,21,0,0,0,NA,"f",NA
7688,"2/04/2018","N/A","f",2,"f","Warringah",-33.734599,151.2202175,"Entire home/apt",2,1,0,"$143.00",90,1125,27,0,0,NA,"f",NA
10468,"29/06/2014","N/A","f",1,"t","Randwick",-33.95246167,151.2486232,"Entire home/apt",6,1,1,"$329.00",90,365,28,2,0,4.5,"f",0.11
11003,"23/05/2012","within a few hours","t",117,"t","Waverley",-33.8890902,151.2831834,"Entire home/apt",2,1,0,"$304.00",5,365,29,0,0,NA,"f",NA
12928,"30/04/2016","within an hour","f",1,"t","North Sydney",-33.83586746,151.2052916,"Entire home/apt",4,1,2,"$400.00",5,365,0,1,0,5,"f",0.18
12071,"13/05/2022","within an hour","f",16,"t","Ryde",-33.78206319,151.1157143,"Entire home/apt",4,1,2,"$189.00",2,365,24,15,1,4.67,"f",1.2
3508,"31/08/2017","within an hour","f",54,"t","North Sydney",-33.82268524,151.1962433,"Entire home/apt",2,1,1,"$220.00",90,1125,0,19,0,4.68,"t",0.45
10835,"13/06/2016","N/A","f",1,"t","Randwick",-33.91136948,151.2502057,"Entire home/apt",2,1,1,"$225.00",2,5,26,33,0,4.76,"f",2
7604,"23/12/2022","within a few hours","f",1,"t","Sydney",-33.8891052,151.2007962,"Private room",4,NA,2,"",2,265,11,34,2,4.68,"f",1.26
13412,"25/01/2016","within a day","t",1,"t","Warringah",-33.7567329,151.2946666,"Entire home/apt",4,2,2,"$243.00",7,365,0,15,0,4.93,"f",2.31
5423,"15/01/2014","within a few hours","t",1,"t","Waverley",-33.88735,151.27486,"Entire home/apt",4,1.5,2,"$750.00",4,14,20,35,0,4.97,"f",0.83
1965,"20/05/2017","within an hour","t",3,"t","Manly",-33.796322,151.286423,"Entire home/apt",2,1,1,"$143.00",1,120,7,222,0,4.86,"f",2.36
11890,"10/01/2018","within an hour","f",16,"t","Randwick",-33.94412,151.25424,"Entire home/apt",4,1,2,"$236.00",3,60,16,35,2,4.89,"f",2.5
7099,"29/08/2024","N/A","f",39,"t","Sydney",-33.8763933,151.2216405,"Entire home/apt",3,1,1,"$321.00",5,1125,0,16,0,4.38,"t",0.58
1259,"13/03/2015","within an hour","f",19,"t","Rockdale",-33.95352,151.13568,"Private room",1,1,1,"$67.00",85,180,29,62,0,4.4,"t",0.57
13372,"19/12/2014","within an hour","t",47,"t","Woollahra",-33.87104,151.2506,"Entire home/apt",12,4,5,"$1,730.00",4,365,21,2,0,5,"f",0.43
1103,"28/01/2014","N/A","f",1,"t","Pittwater",-33.68008,151.31129,"Entire home/apt",2,1,1,"$260.00",5,12,0,1,0,5,"f",0.06
17352,"10/02/2016","within a few hours","f",1,"t","Manly",-33.8006022,151.2883311,"Entire home/apt",4,1,2,"$152.00",2,365,18,2,1,5,"f",1.22
13096,"12/01/2017","N/A","f",1,"t","Leichhardt",-33.8561283,151.1838823,"Entire home/apt",4,1,1,"$294.00",2,30,9,26,0,4.92,"f",3.36
11069,"11/12/2011","N/A","f",1,"f","Hornsby",-33.72169224,151.0741205,"Entire home/apt",6,2.5,3,"$111.00",3,18,0,3,0,4.67,"f",0.22
6781,"5/05/2016","within an hour","f",26,"t","Marrickville",-33.90688,151.17994,"Entire home/apt",2,1,0,"$142.00",3,365,25,35,1,4.37,"t",1.02
1512,"9/10/2013","within an hour","f",2,"t","Pittwater",-33.64348,151.27786,"Entire home/apt",8,2.5,4,"$791.00",2,40,26,129,0,4.96,"f",1.26
7780,"1/04/2012","N/A","f",1,"f","Randwick",-33.91685903,151.2587891,"Private room",2,1,1,"$120.00",180,365,28,0,0,NA,"f",NA
9009,"27/03/2020","within an hour","t",1,"t","Manly",-33.8007758,151.2872126,"Entire home/apt",3,1,2,"$350.00",4,1125,0,16,0,4.69,"f",0.93
2045,"14/08/2015","N/A","f",5,"t","Pittwater",-33.69352,151.30626,"Entire home/apt",5,1,3,"$611.00",90,1125,26,0,0,NA,"f",NA
3909,"3/10/2018","within an hour","f",11,"t","Mosman",-33.82166,151.24484,"Entire home/apt",10,NA,5,"",7,360,0,1,0,4,"f",0.5
15841,"4/12/2024","within a few hours","f",53,"t","Sydney",-33.90181,151.2046,"Entire home/apt",4,1,2,"$226.00",7,40,0,0,0,NA,"f",NA
4374,"13/04/2015","within an hour","f",3,"t","Randwick",-33.93814,151.23861,"Private room",2,1,1,"$100.00",1,170,16,9,0,4.89,"t",0.14
16189,"3/02/2024","within an hour","f",2,"t","Randwick",-33.9402933,151.243441,"Private room",1,0,0,"$113.00",1,365,29,6,1,5,"f",1.57
1707,"25/08/2013","within an hour","t",1,"t","Mosman",-33.81681,151.24857,"Entire home/apt",3,1,1,"$276.00",2,365,25,205,1,4.94,"f",2.07
6871,"10/09/2022","N/A","f",1,"t","Pittwater",-33.64563,151.31462,"Entire home/apt",8,2.5,4,"$1,000.00",90,365,29,0,0,NA,"t",NA
5231,"22/10/2016","within an hour","t",22,"t","Canada Bay",-33.86725,151.10012,"Entire home/apt",8,2.5,3,"$323.00",2,365,6,128,1,4.87,"f",2.49
13054,"24/09/2022","within an hour","f",2,"t","Warringah",-33.740723,151.2929876,"Entire home/apt",9,1,3,"$532.00",2,365,0,25,0,4.28,"t",2.43
17151,"20/04/2014","within a few hours","f",1,"t","Warringah",-33.78216138,151.2844126,"Entire home/apt",2,1,1,"$180.00",2,365,3,2,1,5,"f",1.02
9766,"27/07/2016","within a day","f",1,"t","Warringah",-33.78371713,151.2445702,"Entire home/apt",8,3,4,"$850.00",3,30,12,7,0,5,"f",0.4
4930,"12/10/2012","a few days or more","f",1,"t","Ryde",-33.80893,151.08211,"Private room",2,1,1,"$55.00",90,1125,29,1,0,5,"f",0.02
7459,"28/11/2019","within an hour","t",3,"t","Manly",-33.78738,151.28577,"Private room",2,1,1,"$140.00",2,365,29,15,0,4.67,"f",0.5
13028,"26/10/2017","within an hour","",7,"t","Marrickville",-33.90376,151.16331,"Entire home/apt",6,1,1,"$250.00",14,365,29,2,0,4,"f",0.44
7718,"16/12/2022","within an hour","t",1,"t","Fairfield",-33.8654961,150.9119863,"Entire home/apt",4,1,2,"$135.00",4,365,7,49,2,4.94,"f",1.76
16117,"25/08/2018","within an hour","f",6,"f","Canterbury",-33.94856032,151.0549244,"Private room",3,1,1,"$114.00",1,365,25,0,0,NA,"t",NA
1915,"2/02/2014","N/A","f",1,"t","North Sydney",-33.83057,151.22594,"Entire home/apt",6,1,3,"$176.00",94,1125,29,100,0,4.56,"f",1.02
5798,"8/02/2017","within an hour","t",5,"t","Sydney",-33.885529,151.21611,"Entire home/apt",2,1,1,"$183.00",2,14,5,173,5,4.95,"f",4.4
5949,"24/07/2019","N/A","f",912,"t","North Sydney",-33.83972,151.2238,"Entire home/apt",6,3,4,"$368.00",5,365,1,17,0,4.65,"f",0.48
3968,"25/06/2018","within an hour","t",6,"t","Sydney",-33.85984,151.20694,"Private room",2,1,1,"$228.00",1,14,27,232,5,4.69,"t",3.42
9158,"16/09/2017","within an hour","f",1,"t","The Hills Shire",-33.7623735,151.044702,"Entire home/apt",3,1,1,"$149.00",1,30,14,8,0,5,"t",1.09
18025,"15/09/2024","within an hour","t",22,"t","Bankstown",-33.9138679,151.0286886,"Entire home/apt",2,1,1,"$91.00",4,365,28,0,0,NA,"f",NA
11285,"11/03/2016","within an hour","t",1,"t","City Of Kogarah",-33.95722068,151.1351372,"Entire home/apt",3,1,2,"$121.00",6,1125,8,8,1,5,"f",0.54
3599,"12/06/2013","within an hour","f",26,"t","Sydney",-33.87987,151.20998,"Private room",2,NA,NA,"",2,90,0,97,0,4.68,"t",1.33
16799,"4/03/2016","within an hour","f",1,"f","Hunters Hill",-33.84151,151.1648,"Entire home/apt",2,1,1,"$124.00",2,365,16,3,3,5,"f",3
2603,"21/12/2015","N/A","f",6,"f","Penrith",-33.79907,150.78455,"Private room",2,NA,5,"",90,1125,0,0,0,NA,"f",NA
3321,"21/08/2016","within an hour","t",7,"t","Hornsby",-33.69243,151.09851,"Private room",1,1,1,"$45.00",1,365,24,3,0,4.67,"f",0.96
1950,"14/05/2014","N/A","f",1,"t","Waverley",-33.86631,151.28137,"Entire home/apt",4,NA,2,"",3,7,0,3,0,5,"t",0.03
4608,"24/07/2019","N/A","f",912,"t","Sydney",-33.88019,151.18013,"Entire home/apt",2,1,0,"$153.00",3,365,0,57,0,4.35,"t",0.88
2653,"31/01/2015","within an hour","t",1,"t","Manly",-33.785858,151.283615,"Entire home/apt",5,1,2,"$336.00",1,28,15,213,0,4.95,"t",2.73
2453,"13/05/2014","within an hour","f",55,"t","Sydney",-33.86969,151.2063,"Entire home/apt",3,1,2,"$160.00",90,1124,28,3,0,4.67,"f",0.04
1642,"12/12/2015","within a few hours","f",1,"t","Waverley",-33.88769531,151.2785339,"Entire home/apt",5,1,3,"$582.00",7,30,0,20,0,4.9,"f",0.22
4326,"26/07/2014","within an hour","f",1,"f","Waverley",-33.89036,151.24607,"Entire home/apt",3,1,1,"$204.00",3,1125,13,118,0,4.74,"f",1.83
10081,"27/12/2019","a few days or more","f",2,"t","Sydney",-33.9028849,151.2105567,"Entire home/apt",6,2,3,"$299.00",90,700,29,0,0,NA,"t",NA
5481,"1/12/2018","within an hour","f",2,"t","Liverpool",-33.96107,150.82827,"Private room",2,NA,2,"",2,365,16,61,1,4.9,"f",1.54
17112,"17/04/2025","within a few hours","f",2,"t","Sydney",-33.88001227,151.2036489,"Private room",2,1,1,"$173.00",1,365,0,0,0,NA,"f",NA
6196,"27/06/2017","within an hour","f",46,"t","Auburn",-33.82629776,151.079422,"Entire home/apt",4,1,2,"$161.00",2,45,12,52,1,4.71,"t",1.38
6354,"22/12/2016","within an hour","f",120,"t","Randwick",-33.90757,151.236,"Entire home/apt",4,1,2,"$223.00",3,365,21,150,3,4.61,"f",3.89
13397,"18/09/2024","N/A","f",1,"t","Manly",-33.79408,151.28663,"Entire home/apt",6,2,3,"$315.00",5,365,0,1,0,5,"f",0.17
12046,"10/07/2013","within an hour","f",244,"t","Waverley",-33.88129496,151.2765105,"Entire home/apt",7,NA,4,"",1,1125,0,3,0,5,"t",0.55
2105,"7/03/2015","N/A","f",1,"t","Pittwater",-33.67333,151.30989,"Entire home/apt",6,NA,3,"",14,14,0,0,0,NA,"f",NA
16083,"27/09/2010","within an hour","f",26,"t","Sydney",-33.89421,151.19887,"Entire home/apt",4,1,2,"$365.00",1,1125,11,3,0,4.33,"t",0.77
12127,"25/11/2020","within an hour","f",45,"t","Willoughby",-33.7877014,151.2189033,"Entire home/apt",8,NA,4,"",90,365,0,0,0,NA,"t",NA
13921,"10/12/2015","within an hour","f",32,"t","North Sydney",-33.82403167,151.1990183,"Entire home/apt",5,2,2,"$224.00",2,365,29,4,0,4.5,"f",0.52
4657,"30/10/2016","N/A","f",1,"t","Parramatta",-33.80635,151.04376,"Private room",2,1,1,"$80.00",90,365,28,0,0,NA,"t",NA
16838,"8/12/2017","within an hour","t",2,"t","Sydney",-33.87592232,151.2030136,"Entire home/apt",2,1,1,"$152.00",1,90,4,14,6,5,"t",7.5
12213,"27/01/2024","within an hour","f",3,"t","Auburn",-33.85005659,151.0740864,"Entire home/apt",4,1,1,"$156.00",2,365,15,28,1,4.57,"t",2.23
4759,"8/02/2018","within an hour","f",2,"t","City Of Kogarah",-33.96954,151.12968,"Private room",2,1,1,"$96.00",1,29,25,41,0,4.9,"f",1.38
14368,"3/11/2024","within an hour","f",1,"t","Sydney",-33.87556,151.20438,"Entire home/apt",6,2,2,"$282.00",2,365,1,31,5,4.65,"t",4.54
18047,"14/05/2023","within a day","f",5,"t","Rockdale",-33.93404071,151.1556734,"Entire home/apt",4,2,2,"$140.00",6,365,28,0,0,NA,"f",NA
9621,"18/12/2016","within an hour","f",5,"t","The Hills Shire",-33.7146234,150.9936754,"Entire home/apt",4,NA,1,"",1,365,0,13,0,4.85,"f",0.73
6808,"6/06/2021","within an hour","",6,"t","Parramatta",-33.80490697,151.0050617,"Entire home/apt",5,2,2,"$214.00",2,90,20,34,0,4.65,"t",1.22
1242,"4/12/2016","a few days or more","f",1,"t","Randwick",-33.92078,151.23103,"Private room",4,1,3,"$47.00",90,150,0,1,0,4,"f",0.01
17967,"13/01/2025","N/A","f",57,"t","Sydney",-33.89934153,151.2140221,"Entire home/apt",2,1,1,"$132.00",1,365,17,0,0,NA,"f",NA
7781,"11/08/2014","within an hour","f",1,"t","Randwick",-33.9234998,151.251526,"Entire home/apt",2,1,1,"$292.00",2,30,16,40,1,5,"f",1.39
6524,"15/07/2022","within an hour","t",1,"t","Waverley",-33.86136,151.28,"Private room",2,1,1,"$150.00",2,730,29,57,0,4.95,"f",1.77
3097,"15/04/2014","within an hour","t",4,"t","Burwood",-33.87374,151.09594,"Entire home/apt",4,1,2,"$225.00",7,355,11,51,2,4.88,"f",0.65
4795,"8/11/2020","within an hour","f",12,"t","Leichhardt",-33.86389,151.17283,"Entire home/apt",3,1,1,"$107.00",2,180,19,62,1,4.56,"t",1.16
13196,"9/06/2023","within an hour","f",11,"t","Strathfield",-33.86422441,151.0770931,"Entire home/apt",8,2,2,"$190.00",30,365,28,0,0,NA,"f",NA
5416,"27/09/2021","within an hour","f",1,"t","Pittwater",-33.60062,151.31835,"Entire home/apt",5,1,2,"$416.00",2,20,0,48,0,4.81,"f",1.11
11742,"3/10/2017","within an hour","f",4,"t","Willoughby",-33.79418,151.18437,"Entire home/apt",2,1,0,"$120.00",1,1125,1,20,3,4.45,"f",1.55
13347,"21/09/2017","within a day","f",1,"t","North Sydney",-33.83740198,151.220197,"Entire home/apt",2,1,1,"$320.00",3,30,22,7,0,4.86,"f",0.95
14205,"23/11/2015","within an hour","t",1,"f","Manly",-33.79434,151.28676,"Entire home/apt",4,1,2,"$433.00",2,150,0,16,0,4.88,"f",2.18
7561,"24/02/2013","within an hour","t",92,"t","Holroyd",-33.82320627,150.9927123,"Entire home/apt",16,3,6,"$263.00",3,365,9,87,2,4.64,"t",3.05
13577,"3/01/2017","within an hour","t",37,"t","Mosman",-33.83343062,151.2536558,"Entire home/apt",6,2,2,"$177.00",1,365,9,34,1,4.74,"t",3.7
8702,"23/02/2017","N/A","f",1,"t","Parramatta",-33.78546133,151.043417,"Private room",2,1,1,"$96.00",90,1125,29,0,0,NA,"t",NA
18040,"12/04/2019","within an hour","f",63,"t","Liverpool",-33.916413,150.9168358,"Private room",1,1,1,"$46.00",1,89,24,0,0,NA,"f",NA
12697,"8/12/2017","within a few hours","f",2,"t","Woollahra",-33.88496575,151.2656541,"Entire home/apt",4,1,2,"$276.00",3,700,0,10,0,5,"f",1.45
17344,"25/04/2019","within an hour","t",68,"t","Sydney",-33.8792067,151.2133287,"Entire home/apt",2,1,0,"$123.00",90,365,15,2,2,4.5,"f",2
9176,"6/07/2017","within an hour","f",1,"t","Hornsby",-33.7612114,151.079275,"Entire home/apt",2,1,1,"$108.00",3,25,17,20,0,4.35,"f",0.88
17159,"13/08/2017","within a day","f",7,"t","Pittwater",-33.60344437,151.3201093,"Entire home/apt",8,2,4,"$972.00",2,365,29,0,0,NA,"f",NA
7607,"25/05/2013","a few days or more","f",1,"t","Sutherland Shire",-34.0083535,151.2114973,"Entire home/apt",7,2.5,4,"$675.00",1,365,29,0,0,NA,"f",NA
11685,"12/10/2023","within an hour","f",11,"t","Sydney",-33.87776,151.20468,"Entire home/apt",4,1,1,"$220.00",3,365,29,1,0,5,"f",0.43
11246,"21/01/2024","within an hour","t",31,"t","North Sydney",-33.83506308,151.2029728,"Entire home/apt",8,2.5,3,"$221.00",90,365,9,64,4,4.77,"f",4.08
16692,"10/04/2024","within an hour","t",4,"t","Auburn",-33.84969304,151.0590496,"Entire home/apt",6,2,3,"$257.00",1,365,25,1,0,4,"t",0.52
13488,"30/03/2016","within an hour","f",1,"t","Waverley",-33.89421579,151.2660532,"Entire home/apt",4,1,2,"$144.00",3,365,3,2,0,4.5,"f",0.36
10047,"16/01/2016","within an hour","t",1,"t","Waverley",-33.89336879,151.2666254,"Private room",2,1,1,"$125.00",2,3,20,27,0,5,"f",1.4
5496,"21/04/2016","within an hour","t",2,"t","Sydney",-33.91035,151.20192,"Entire home/apt",2,1,0,"$131.00",1,1125,13,343,7,4.91,"t",7.78
16945,"25/10/2019","within an hour","",14,"t","Sydney",-33.86027,151.20308,"Entire home/apt",6,1.5,3,"$257.00",1,365,5,2,1,5,"t",1.43
8934,"2/12/2012","within an hour","t",1,"t","Sydney",-33.87398894,151.2224608,"Entire home/apt",4,1,2,"$302.00",1,30,12,46,2,5,"f",2.06
4669,"1/07/2019","N/A","f",8,"t","Willoughby",-33.79828,151.16773,"Private room",2,1.5,1,"$50.00",200,200,29,3,0,4.33,"t",0.05
15602,"14/04/2023","within an hour","f",81,"t","Sydney",-33.87430394,151.2025983,"Entire home/apt",4,2,2,"$170.00",1,365,9,7,2,4.71,"t",1.42
12543,"2/11/2015","within a day","f",3,"f","Woollahra",-33.8891604,151.2591752,"Private room",2,1,1,"$143.00",1,365,2,2,0,5,"f",0.47
15346,"28/06/2019","within an hour","f",70,"t","Pittwater",-33.6537457,151.2852734,"Entire home/apt",2,1,1,"$248.00",2,1125,27,14,2,4.79,"f",2.8
981,"6/08/2015","within a few hours","t",1,"t","Manly",-33.80531686,151.2912652,"Entire home/apt",2,1,1,"$161.00",3,120,5,67,2,4.96,"f",0.57
1278,"23/05/2016","within an hour","",24,"t","Sydney",-33.87525,151.21421,"Entire home/apt",5,1,2,"$376.00",2,1125,11,73,0,4.62,"t",0.68
9963,"4/10/2019","within an hour","t",3,"t","Hornsby",-33.65450634,151.0660889,"Entire home/apt",12,4.5,7,"$455.00",2,60,16,46,4,4.72,"t",2.56
15410,"7/10/2016","within a few hours","f",5,"t","Sydney",-33.90479,151.20272,"Private room",2,NA,NA,"",1,365,0,0,0,NA,"f",NA
2327,"3/05/2016","within an hour","t",1,"t","Sutherland Shire",-34.05657,151.00474,"Entire home/apt",4,1,2,"$152.00",2,1125,14,179,3,4.94,"f",1.97
13049,"21/05/2013","within an hour","f",1,"t","Woollahra",-33.8789578,151.2441514,"Entire home/apt",2,1,1,"$188.00",1,90,28,0,0,NA,"f",NA
10220,"7/11/2019","within an hour","f",25,"t","Ryde",-33.7794254,151.1237667,"Entire home/apt",3,1,1,"$1,600.00",2,90,28,0,0,NA,"f",NA
14877,"29/04/2024","N/A","f",18,"t","Sydney",-33.87765,151.21993,"Entire home/apt",2,1,1,"$10,006.00",2,365,0,6,0,4.67,"f",1.09
17459,"29/03/2024","within an hour","t",22,"t","Manly",-33.790777,151.283621,"Shared room",1,1,1,"$46.00",1,365,29,0,0,NA,"t",NA
4458,"17/06/2020","N/A","f",9,"t","The Hills Shire",-33.7471,150.9546,"Entire home/apt",2,1,1,"$386.00",1,1125,26,1,0,5,"t",0.05
10449,"2/09/2022","within an hour","f",14,"t","Sydney",-33.88200832,151.2114496,"Entire home/apt",2,1,1,"$103.00",3,365,6,56,5,4.77,"t",3.06
10099,"17/04/2015","a few days or more","f",1,"t","Warringah",-33.77634,151.27252,"Entire home/apt",8,4,5,"$1,200.00",14,365,17,1,0,5,"f",0.18
16971,"5/06/2013","within an hour","f",28,"t","Mosman",-33.81824965,151.2330497,"Entire home/apt",6,3,3,"$661.00",7,365,0,1,0,5,"f",0.68
14545,"10/12/2014","within an hour","f",26,"f","Sydney",-33.88296,151.1967,"Private room",2,1,1,"$122.00",1,365,29,3,0,3.33,"t",0.69
18068,"15/07/2019","within a few hours","f",1,"t","Sydney",-33.90323273,151.211899,"Entire home/apt",4,2,2,"$202.00",3,365,24,0,0,NA,"f",NA
2133,"18/01/2018","N/A","f",1,"f","Ku-Ring-Gai",-33.77901,151.19986,"Private room",2,1,1,"$120.00",90,90,29,0,0,NA,"t",NA
15221,"25/08/2019","within an hour","f",169,"t","Sydney",-33.8840825,151.2086193,"Private room",2,2,1,"$93.00",2,365,14,15,1,3.87,"f",2.46
11199,"1/09/2024","N/A","f",44,"t","North Sydney",-33.82929,151.22111,"Entire home/apt",2,NA,1,"",84,1125,0,0,0,NA,"f",NA
15692,"5/01/2014","within an hour","f",1,"t","Sutherland Shire",-34.01031588,151.0685438,"Private room",2,1,2,"$78.00",2,10,21,4,0,5,"f",1.04
7125,"2/09/2022","within an hour","f",14,"t","Manly",-33.79532,151.2857,"Entire home/apt",2,1,1,"$93.00",2,180,5,64,1,4.53,"f",2.17
13078,"13/01/2025","N/A","f",57,"t","Holroyd",-33.8341635,150.9949028,"Entire home/apt",2,1,1,"$95.00",21,365,14,13,1,4.46,"f",1.36
1161,"27/12/2011","within a few hours","f",3,"t","Sydney",-33.90647934,151.1852893,"Entire home/apt",4,2,2,"$212.00",2,200,8,196,1,4.59,"f",1.73
3467,"14/01/2019","N/A","f",1,"t","Ryde",-33.81707,151.0953,"Entire home/apt",8,NA,3,"",7,90,0,3,0,5,"f",0.04
14780,"1/08/2014","N/A","f",1,"t","Canterbury",-33.92990782,151.1230052,"Entire home/apt",2,1,1,"$138.00",1,30,18,14,3,5,"f",2.51
17880,"2/06/2023","within an hour","f",31,"t","Sydney",-33.89689,151.20047,"Entire home/apt",2,1,1,"$170.00",5,365,18,0,0,NA,"f",NA
107,"16/03/2012","within an hour","t",14,"t","Sydney",-33.88721,151.19794,"Entire home/apt",4,1,2,"$230.00",7,1125,5,285,1,4.77,"f",1.78
7490,"26/01/2018","within an hour","f",13,"t","Willoughby",-33.79597,151.18101,"Entire home/apt",2,1,1,"$145.00",3,365,28,26,1,4.65,"f",0.85
11327,"20/07/2019","within an hour","f",13,"t","Sydney",-33.883399,151.1761159,"Entire home/apt",2,1,1,"$222.00",21,90,0,2,0,5,"t",0.16
11022,"25/05/2016","within a few hours","f",1,"t","Bankstown",-33.90703176,151.0152769,"Entire home/apt",6,2,1,"$479.00",2,14,29,4,0,5,"f",0.24
8760,"24/07/2019","N/A","f",912,"t","Sydney",-33.8765869,151.220772,"Entire home/apt",2,1,0,"$166.00",3,365,0,0,0,NA,"t",NA
5035,"14/10/2017","N/A","f",2,"t","North Sydney",-33.83506,151.20862,"Entire home/apt",1,1,NA,"$921.00",90,365,28,0,0,NA,"t",NA
17810,"20/09/2022","within an hour","f",39,"t","The Hills Shire",-33.76604601,151.0027983,"Entire home/apt",8,2,4,"$201.00",3,365,14,1,1,5,"t",1
2493,"7/04/2018","within an hour","t",1,"t","Bankstown",-33.88865,151.01428,"Entire home/apt",2,1,0,"$110.00",2,45,11,251,3,4.78,"f",2.88
17395,"25/04/2019","within an hour","t",68,"t","Auburn",-33.8483269,151.0600025,"Entire home/apt",4,2,2,"$213.00",3,365,7,1,1,5,"f",1
17138,"16/12/2024","within an hour","f",27,"t","Ryde",-33.78117,151.11328,"Entire home/apt",4,1,1,"$175.00",1,365,29,0,0,NA,"f",NA
2616,"27/07/2016","within an hour","t",8,"t","North Sydney",-33.83345,151.21039,"Entire home/apt",3,1,0,"$190.00",1,1125,14,293,4,4.9,"t",3.54
3440,"9/01/2017","within an hour","t",2,"t","The Hills Shire",-33.74302,150.95815,"Private room",1,1.5,1,"$57.00",1,14,13,86,1,4.94,"f",1.17
13066,"7/03/2024","within an hour","t",31,"t","Sydney",-33.85658783,151.2059429,"Entire home/apt",12,2,4,"$409.00",1,365,10,55,4,4.85,"f",5.29
2252,"15/08/2011","within an hour","f",2,"t","Woollahra",-33.88026,151.22356,"Private room",2,1,1,"$63.00",2,90,3,225,5,4.66,"f",2.53
14147,"3/01/2017","within an hour","t",37,"t","North Sydney",-33.84059669,151.2257033,"Entire home/apt",3,1,1,"$112.00",1,365,0,18,0,4.78,"t",2.39
1679,"30/12/2016","within an hour","f",2,"t","Sydney",-33.87839,151.21597,"Entire home/apt",2,1,1,"$103.00",2,1125,0,211,0,4.67,"t",2.1
9228,"24/10/2016","within an hour","f",72,"t","Sydney",-33.88152,151.21189,"Entire home/apt",4,1.5,2,"$562.00",3,45,0,1,0,5,"t",0.06
9883,"18/07/2023","within an hour","t",1,"t","Fairfield",-33.86975133,150.9321255,"Entire home/apt",15,NA,5,"",2,365,25,33,0,4.73,"f",1.62
4681,"23/05/2012","within a few hours","t",117,"t","Randwick",-33.9210701,151.2381592,"Entire home/apt",2,NA,1,"",89,89,0,0,0,NA,"f",NA
17591,"4/02/2025","within an hour","f",4,"t","Sydney",-33.90387603,151.2120673,"Entire home/apt",6,3,3,"$256.00",1,365,13,5,3,4.8,"t",3.85
2337,"6/02/2017","within an hour","t",6,"t","Parramatta",-33.80924,151.00795,"Private room",2,1,1,"$113.00",1,1125,6,70,0,4.77,"f",0.79
17380,"13/04/2025","within an hour","f",3,"t","Liverpool",-33.91120096,150.89853,"Shared room",4,1.5,NA,"$48.00",1,365,28,0,0,NA,"t",NA
12024,"21/11/2020","within a day","f",5,"t","Burwood",-33.8768361,151.1053463,"Entire home/apt",3,1,2,"$198.00",1,365,29,1,0,5,"f",0.3
247,"23/04/2014","N/A","f",1,"t","North Sydney",-33.83505,151.2155,"Entire home/apt",6,2,3,"$540.00",90,1125,22,3,0,5,"f",0.02
7328,"27/05/2014","within an hour","t",61,"t","Waverley",-33.88723,151.27559,"Entire home/apt",6,2,3,"$757.00",5,365,0,7,0,5,"f",0.3
6591,"23/12/2014","within an hour","",2,"t","Leichhardt",-33.8877239,151.1615772,"Entire home/apt",2,1.5,1,"$160.00",6,1125,16,39,1,4.95,"f",1.33
3637,"11/07/2013","N/A","f",2,"t","Waverley",-33.88594437,151.2692719,"Entire home/apt",4,1,2,"$345.00",90,1125,0,29,0,4.66,"f",0.4
15279,"27/04/2019","N/A","t",3,"t","Sydney",-33.88659696,151.1970666,"Entire home/apt",4,NA,2,"",2,58,0,6,0,5,"t",1.13
1594,"7/04/2015","N/A","f",1,"t","North Sydney",-33.84124,151.22736,"Entire home/apt",9,4,5,"$1,400.00",90,1125,26,0,0,NA,"f",NA
8068,"4/01/2020","within an hour","f",2,"t","City Of Kogarah",-33.96866,151.10277,"Entire home/apt",6,NA,2,"",1,365,0,106,0,4.92,"f",3.67
13006,"13/05/2022","within an hour","f",16,"t","The Hills Shire",-33.73078271,150.9858813,"Entire home/apt",5,2,2,"$221.00",3,365,18,19,2,4.63,"t",1.82
5437,"28/09/2021","within an hour","t",11,"t","Waverley",-33.891457,151.245239,"Entire home/apt",2,1,0,"$168.00",3,90,17,63,2,4.86,"f",1.45
7980,"2/07/2015","within an hour","f",1,"t","Waverley",-33.88847714,151.2782075,"Entire home/apt",4,1,2,"$141.00",1,730,4,163,2,4.7,"f",6.28
3348,"7/02/2017","within an hour","f",6,"t","Campbelltown",-33.97071,150.9003,"Private room",1,1.5,1,"$48.00",7,1125,0,30,1,4.7,"t",0.43
15352,"21/06/2015","within an hour","f",35,"t","Manly",-33.7873355,151.2815643,"Entire home/apt",5,1,2,"$262.00",2,365,2,25,4,5,"f",4.34
9799,"11/10/2019","within an hour","f",138,"t","Auburn",-33.83258962,151.0724325,"Entire home/apt",2,1,1,"$160.00",2,365,23,10,0,4.9,"f",0.48
778,"1/01/2015","within a few hours","t",2,"t","Willoughby",-33.79775,151.1675,"Entire home/apt",3,1,1,"$184.00",2,60,29,108,1,4.88,"f",0.91
8515,"12/08/2018","N/A","f",1,"t","Sydney",-33.88097931,151.1947539,"Entire home/apt",3,NA,1,"",2,365,0,4,0,4,"f",0.16
10634,"23/12/2016","within an hour","f",1,"t","Parramatta",-33.81925754,151.0004004,"Entire home/apt",4,1.5,2,"$204.00",4,365,29,1,0,1,"t",0.06
7887,"23/12/2022","within an hour","f",5,"t","Manly",-33.7968317,151.2858639,"Entire home/apt",2,1,1,"$127.00",2,365,15,39,0,4.59,"t",1.47
10146,"16/01/2016","N/A","f",1,"t","Woollahra",-33.84076,151.28165,"Entire home/apt",6,NA,4,"",90,365,0,0,0,NA,"f",NA
1248,"23/05/2012","within a few hours","t",117,"t","Waverley",-33.89466858,151.2734985,"Entire home/apt",2,1,1,"$281.00",5,89,20,29,0,4.55,"f",0.27
1387,"25/11/2013","within an hour","t",6,"t","Sydney",-33.87171,151.21827,"Private room",1,1,1,"$95.00",3,1125,20,55,1,4.82,"f",0.5
1346,"20/04/2015","within an hour","f",6,"t","Randwick",-33.91446,151.24049,"Private room",2,1,1,"$204.00",1,90,29,28,0,4.57,"t",0.26
4016,"22/12/2018","within an hour","t",1,"t","The Hills Shire",-33.77121735,151.0259399,"Entire home/apt",2,NA,1,"",5,1125,0,51,0,4.96,"t",0.74
17175,"24/12/2020","within a few hours","f",3,"t","Auburn",-33.82998,151.07519,"Entire home/apt",4,1,2,"$180.00",1,365,24,2,0,5,"f",1.33
12288,"23/12/2020","within an hour","f",44,"t","Sydney",-33.87536,151.19518,"Private room",2,1,1,"$82.00",1,365,18,13,0,4.08,"f",1.31
14491,"22/03/2023","within an hour","t",2,"t","Strathfield",-33.8654355,151.0891234,"Entire home/apt",6,2,2,"$248.00",1,60,15,26,3,4.77,"t",3.79
381,"16/02/2013","within an hour","t",1,"t","Sydney",-33.89266968,151.2151794,"Entire home/apt",2,1,1,"$171.00",3,90,9,174,3,4.93,"f",1.16
14087,"20/06/2019","N/A","f",53,"t","Randwick",-33.91436,151.24973,"Entire home/apt",4,1,2,"$213.00",2,90,12,6,0,4.5,"f",0.88
8114,"20/05/2015","within an hour","f",11,"t","Leichhardt",-33.88629,151.17113,"Private room",2,NA,1,"",1,365,0,0,0,NA,"t",NA
1018,"21/11/2015","N/A","f",3,"t","Ryde",-33.80798,151.08114,"Private room",2,2,2,"$48.00",90,90,22,0,0,NA,"f",NA
5981,"24/09/2016","within a few hours","t",1,"t","Leichhardt",-33.87265,151.166275,"Entire home/apt",4,1,1,"$207.00",2,22,12,48,2,4.9,"f",1.3
3409,"8/01/2016","N/A","f",1,"f","Canterbury",-33.90292,151.10116,"Private room",1,1,1,"$277.00",90,1125,29,0,0,NA,"t",NA
10803,"3/06/2019","N/A","f",1,"t","Woollahra",-33.88258993,151.2256224,"Entire home/apt",2,NA,1,"",90,365,0,4,0,4.75,"f",0.26
16289,"5/08/2019","within an hour","f",3,"t","Warringah",-33.7496736,151.28906,"Entire home/apt",4,1,2,"$151.00",2,90,19,2,2,5,"f",2
1523,"13/05/2014","within an hour","f",55,"t","Sydney",-33.86735,151.20373,"Entire home/apt",6,2,3,"$499.00",90,1124,28,12,0,4.92,"f",0.14
4478,"17/06/2014","N/A","f",1,"t","Sydney",-33.87925,151.21853,"Entire home/apt",2,NA,NA,"",90,1125,0,34,0,4.85,"f",0.64
3062,"26/11/2014","within an hour","t",1,"t","Manly",-33.80103,151.29332,"Entire home/apt",4,1,2,"$427.00",2,700,28,105,0,4.82,"f",1.33
15803,"26/11/2023","within an hour","t",43,"t","Sydney",-33.8770293,151.2141179,"Entire home/apt",7,3,3,"$249.00",1,365,2,19,5,5,"t",4.22
4966,"10/07/2013","within an hour","f",244,"t","Randwick",-33.92182607,151.2579194,"Entire home/apt",2,1,1,"$285.00",1,1125,18,59,1,4.76,"t",1.42
17490,"22/12/2016","within an hour","f",120,"t","Sydney",-33.88097,151.18593,"Entire home/apt",4,1,2,"$329.00",3,365,17,1,1,4,"t",1
14387,"16/07/2015","N/A","f",1,"t","Randwick",-33.9480035,151.2519566,"Entire home/apt",4,1,2,"$500.00",1,30,23,1,0,4,"f",0.18
9446,"13/11/2014","within a day","t",82,"t","Pittwater",-33.60414063,151.3260679,"Entire home/apt",8,4,4,"$904.00",1,1125,28,1,0,5,"f",0.06
316,"20/02/2013","N/A","f",1,"t","Warringah",-33.77732,151.28451,"Entire home/apt",6,2,3,"$450.00",90,90,0,1,0,5,"f",0.01
6344,"22/09/2015","within a few hours","f",37,"t","Canada Bay",-33.83053,151.08481,"Entire home/apt",4,2,2,"$216.00",2,365,4,20,0,4.85,"f",0.59
16000,"6/02/2025","within an hour","f",19,"t","Ryde",-33.7862841,151.1268374,"Private room",6,2,2,"$594.00",1,90,23,0,0,NA,"t",NA
9046,"22/09/2015","within a few hours","f",37,"t","Randwick",-33.92265,151.22652,"Entire home/apt",4,1,2,"$230.00",2,365,29,26,0,4.5,"f",1.16
7,"20/11/2010","within a few hours","t",7,"t","Randwick",-33.90535,151.2529,"Entire home/apt",5,1,2,"$287.00",90,365,29,2,0,4.5,"f",0.27
13874,"24/10/2011","within an hour","t",75,"t","Manly",-33.8045565,151.2878388,"Entire home/apt",4,NA,2,"",3,365,0,1,0,5,"f",0.18
11244,"21/08/2014","within an hour","t",8,"t","Rockdale",-33.9417467,151.1462592,"Private room",1,1.5,1,"$47.00",14,365,0,74,1,4.82,"t",4.66
18117,"4/12/2024","within a few hours","f",53,"t","Botany Bay",-33.92211589,151.188064,"Entire home/apt",4,2,2,"$226.00",7,365,16,0,0,NA,"f",NA
15722,"15/05/2018","within an hour","t",3,"t","Campbelltown",-34.09568031,150.8098187,"Private room",4,1,2,"$284.00",1,365,29,2,0,5,"f",0.73
3879,"27/10/2019","N/A","f",1,"t","Warringah",-33.7748,151.27413,"Entire home/apt",6,NA,3,"",7,14,0,3,0,4.67,"f",0.05
17543,"21/08/2016","within an hour","f",1,"f","Waverley",-33.88875798,151.2604406,"Private room",2,1,1,"$90.00",3,365,28,0,0,NA,"f",NA
1251,"1/09/2024","N/A","f",44,"t","North Sydney",-33.82166,151.20374,"Entire home/apt",2,1,1,"$219.00",5,1125,0,23,0,4.57,"t",0.22
16765,"14/10/2024","a few days or more","f",18,"t","Auburn",-33.84781657,151.0599682,"Entire home/apt",4,2,2,"$228.00",1,365,0,0,0,NA,"f",NA
2787,"29/05/2018","within an hour","t",1,"t","Camden",-34.0572,150.69237,"Entire home/apt",4,1,2,"$232.00",2,1125,6,81,0,4.99,"f",0.97
15577,"29/04/2011","within a day","f",1,"t","Sydney",-33.8948447,151.2113184,"Entire home/apt",2,1.5,1,"$217.00",2,90,0,0,0,NA,"f",NA
1083,"24/10/2015","within a day","t",1,"t","Randwick",-33.91745,151.24429,"Private room",1,1,1,"$75.00",2,16,0,29,1,4.79,"f",0.28
4762,"11/10/2019","within an hour","f",138,"t","Auburn",-33.82936,151.07602,"Entire home/apt",4,2,2,"$216.00",2,1125,29,5,0,4.2,"f",0.08
13882,"7/10/2014","within an hour","f",1,"t","Warringah",-33.74177205,151.2918667,"Entire home/apt",6,NA,3,"",2,365,0,3,0,5,"f",0.4
13584,"25/06/2024","within an hour","",7,"t","North Sydney",-33.82283,151.19807,"Entire home/apt",2,NA,NA,"",2,365,0,10,0,4.7,"t",1.3
8087,"26/09/2018","within an hour","t",4,"t","Waverley",-33.8870769,151.2836068,"Entire home/apt",7,1.5,3,"$394.00",3,365,20,34,0,4.97,"f",1.24
15810,"30/11/2023","within a few hours","f",49,"t","Botany Bay",-33.93457,151.19492,"Entire home/apt",4,2,2,"$128.00",5,365,16,0,0,NA,"f",NA
58,"18/10/2011","within an hour","t",2,"t","North Sydney",-33.84357,151.21512,"Private room",1,1,1,"$100.00",2,7,4,107,1,4.89,"f",0.65
14072,"10/06/2016","within an hour","t",1,"t","Botany Bay",-33.92327,151.18794,"Private room",2,1,1,"$100.00",1,365,28,13,1,4.92,"f",2.87
7079,"21/05/2014","within a few hours","",4,"t","Waverley",-33.89248,151.27126,"Entire home/apt",6,2,3,"$950.00",3,90,19,14,0,4.93,"f",0.44
3913,"27/10/2017","within a day","f",289,"t","Sydney",-33.86395,151.20505,"Entire home/apt",4,2,2,"$461.00",7,1125,28,1,0,5,"f",0.06
10820,"23/01/2024","within a day","f",1,"t","Ryde",-33.8271759,151.1276522,"Entire home/apt",2,1,1,"$122.00",2,365,28,11,0,4.64,"f",0.67
9591,"22/06/2022","within an hour","t",1,"t","Mosman",-33.82274947,151.2437203,"Entire home/apt",4,1,2,"$161.00",3,365,8,46,3,4.83,"f",2.13
4330,"25/01/2018","N/A","f",1,"t","Blacktown",-33.73245,150.89841,"Entire home/apt",2,1,1,"$85.00",90,1125,29,29,0,4.31,"f",0.45
9201,"7/04/2023","within an hour","t",1,"t","Sutherland Shire",-34.01590376,151.1069225,"Entire home/apt",8,3.5,4,"$414.00",3,28,18,29,1,4.97,"f",1.28
768,"1/12/2015","N/A","f",1,"f","Woollahra",-33.88546,151.25867,"Entire home/apt",3,1,1,"$300.00",90,1125,30,0,0,NA,"f",NA
7949,"19/01/2022","within an hour","t",42,"t","Ryde",-33.7888428,151.0828287,"Entire home/apt",7,2.5,3,"$223.00",1,365,0,2,0,5,"t",0.17
10322,"24/07/2014","within an hour","t",9,"t","Randwick",-33.9414823,151.2398185,"Entire home/apt",2,NA,1,"",16,50,0,3,0,4.33,"f",0.16
8065,"22/01/2016","within an hour","t",2,"t","Sydney",-33.88917,151.20844,"Entire home/apt",4,1,2,"$205.00",3,365,1,88,2,4.94,"f",3.12
9229,"11/04/2016","within a few hours","t",1,"t","Waverley",-33.89042,151.24502,"Entire home/apt",2,1,1,"$270.00",14,180,1,8,0,5,"f",0.49
17701,"14/12/2018","within a few hours","f",1,"t","Waverley",-33.89273135,151.2606267,"Private room",2,1,1,"$158.00",1,365,0,0,0,NA,"f",NA
16601,"20/02/2014","within an hour","f",1,"f","North Sydney",-33.82317856,151.1981589,"Entire home/apt",3,1,1,"$115.00",2,1125,7,6,5,5,"t",5.45
15155,"7/11/2017","within a few hours","f",1,"f","Liverpool",-33.9152619,150.9217803,"Private room",2,NA,NA,"",1,6,28,0,0,NA,"f",NA
4569,"6/03/2016","within a few hours","t",9,"t","Sydney",-33.87254,151.20501,"Entire home/apt",4,2,2,"$332.00",5,365,2,129,1,4.96,"f",1.96
11920,"18/04/2024","within an hour","f",1,"t","Sutherland Shire",-34.07109,151.00607,"Private room",4,1,1,"$90.00",1,365,17,79,4,4.65,"t",5.67
10459,"11/07/2017","within an hour","t",6,"f","Leichhardt",-33.88050982,151.1490187,"Entire home/apt",3,1,1,"$217.00",3,365,0,38,3,4.95,"t",2.14
2993,"12/11/2018","N/A","f",1,"f","Woollahra",-33.88173,151.25802,"Entire home/apt",6,2.5,3,"$624.00",90,1125,29,1,0,5,"f",0.02
8824,"21/05/2013","within a few hours","t",3,"t","North Sydney",-33.84784,151.21386,"Entire home/apt",4,1,2,"$622.00",2,365,6,118,5,4.96,"t",4.88
7442,"24/07/2012","within a few hours","t",126,"t","Pittwater",-33.60768,151.32301,"Entire home/apt",12,3.5,6,"$3,152.00",1,1125,29,2,0,5,"f",0.12
15245,"22/12/2024","within an hour","f",1,"t","Canada Bay",-33.82807,151.08586,"Entire home/apt",4,1,1,"$134.00",1,14,3,22,6,4.55,"t",4.15
7024,"7/11/2012","within an hour","t",11,"t","Waverley",-33.88820132,151.2783895,"Entire home/apt",5,1,2,"$216.00",1,1125,10,124,2,4.88,"f",4.08
16374,"22/10/2016","within an hour","t",22,"t","Sydney",-33.8734288,151.2040482,"Entire home/apt",5,1,2,"$278.00",5,365,7,6,3,4.17,"t",2.09
14574,"17/11/2023","within a few hours","f",40,"t","Sydney",-33.9077215,151.2085594,"Entire home/apt",4,NA,2,"",6,365,0,1,0,5,"f",0.23
5629,"22/03/2012","N/A","f",1,"t","Sydney",-33.89597,151.21479,"Entire home/apt",4,NA,2,"",3,20,0,1,0,5,"t",0.18
12841,"9/01/2018","within an hour","f",2,"t","Manly",-33.79707838,151.2650261,"Entire home/apt",4,1,2,"$238.00",90,365,28,0,0,NA,"f",NA
9321,"3/06/2013","within a day","f",1,"t","Pittwater",-33.63020652,151.3219295,"Entire home/apt",6,1,3,"$324.00",4,21,27,6,0,5,"f",0.28
7571,"20/12/2022","N/A","f",1,"t","Sydney",-33.86687856,151.1927904,"Entire home/apt",4,NA,1,"",90,365,0,127,0,4.48,"f",4.22
9397,"2/07/2023","within a few hours","t",1,"t","Sydney",-33.8762028,151.1971073,"Entire home/apt",4,1.5,2,"$288.00",2,31,17,62,1,4.95,"f",2.64
13275,"20/02/2013","within a day","f",1,"t","Waverley",-33.89806,151.25682,"Entire home/apt",4,1,3,"$540.00",3,365,0,0,0,NA,"f",NA
1902,"22/07/2012","within an hour","t",3,"t","Sydney",-33.89225,151.20859,"Entire home/apt",6,0,3,"$260.00",2,1125,6,120,2,4.72,"f",1.28
12482,"1/01/2013","N/A","f",1,"t","Rockdale",-33.9504222,151.1386676,"Private room",1,1,2,"$99.00",1,30,27,2,0,4.5,"f",0.36
14047,"11/11/2018","within an hour","f",19,"t","Sydney",-33.8594181,151.2065121,"Entire home/apt",6,1,2,"$278.00",2,89,15,5,1,4.6,"f",0.62
2531,"21/04/2015","N/A","f",2,"t","Auburn",-33.82483,151.07584,"Private room",1,1,1,"$88.00",90,1125,28,0,0,NA,"f",NA
14678,"21/02/2017","within an hour","t",1,"t","Waverley",-33.89676,151.27364,"Entire home/apt",2,1,1,"$309.00",2,183,21,7,0,5,"f",1.54
16658,"6/11/2016","within an hour","f",35,"t","Sydney",-33.89238945,151.1998877,"Entire home/apt",4,1.5,1,"$145.00",2,90,24,3,0,4.67,"f",1.29
14840,"17/11/2018","within a day","f",1,"t","Hornsby",-33.72289185,151.0909323,"Entire home/apt",6,NA,4,"",3,10,0,1,0,5,"f",0.18
183,"29/03/2014","N/A","f",1,"t","Randwick",-33.91122,151.2553,"Entire home/apt",8,NA,4,"",4,31,0,17,0,4.88,"f",0.13
7659,"8/07/2021","N/A","f",1,"t","Warringah",-33.728,151.29751,"Private room",2,1,1,"$180.00",90,365,29,0,0,NA,"f",NA
13583,"21/11/2011","within an hour","f",26,"t","Liverpool",-33.93172071,150.9127727,"Entire home/apt",5,NA,1,"",1,365,26,6,0,3.33,"f",0.75
14181,"18/02/2017","within a few hours","t",8,"t","Bankstown",-33.96839667,151.0126673,"Entire home/apt",6,3,4,"$826.00",6,1125,29,0,0,NA,"f",NA
15589,"24/01/2018","within an hour","f",56,"t","North Sydney",-33.83726,151.21911,"Entire home/apt",2,1,1,"$149.00",2,365,29,2,0,1,"t",0.41
5345,"8/11/2016","N/A","f",2,"t","Woollahra",-33.88066,151.23382,"Entire home/apt",6,2,3,"$1,500.00",100,100,22,0,0,NA,"f",NA
13659,"23/05/2012","within a few hours","t",117,"t","Waverley",-33.889146,151.275832,"Entire home/apt",2,1,1,"$172.00",5,89,28,2,0,4.5,"f",0.3
2893,"17/02/2017","within a few hours","f",1,"t","Blacktown",-33.75053,150.88629,"Private room",4,1.5,3,"$66.00",90,730,29,18,0,4.72,"f",0.23
1283,"15/10/2014","N/A","f",1,"t","Sutherland Shire",-34.05814,151.07982,"Entire home/apt",4,1,1,"$125.00",90,1125,29,136,0,4.93,"f",1.3
10111,"28/06/2019","within an hour","f",3,"t","Liverpool",-33.90861,150.92646,"Entire home/apt",7,1,3,"$174.00",1,365,25,50,0,4.76,"f",2.7
9690,"24/07/2012","within a few hours","t",126,"t","Woollahra",-33.87140888,151.254467,"Entire home/apt",6,3,3,"$2,760.00",1,1125,28,1,0,5,"f",0.17
16402,"9/04/2015","within an hour","f",1,"t","Auburn",-33.84613,151.0587,"Entire home/apt",6,2,3,"$357.00",2,365,24,0,0,NA,"t",NA
2230,"21/06/2017","N/A","f",4,"t","The Hills Shire",-33.75014,150.95992,"Entire home/apt",4,1,0,"$99.00",1,1125,29,286,0,4.68,"f",2.97
15387,"1/09/2024","N/A","f",44,"t","North Sydney",-33.83981,151.20972,"Entire home/apt",2,1,1,"$219.00",5,1125,18,1,0,5,"f",0.37
15488,"25/08/2019","within an hour","f",169,"t","Botany Bay",-33.9242809,151.1884994,"Entire home/apt",5,2,3,"$272.00",4,89,22,8,0,4,"f",1.54
1131,"1/01/2016","N/A","f",1,"t","Pittwater",-33.64239,151.28701,"Entire home/apt",10,NA,4,"",90,730,0,68,0,4.93,"f",0.6
13802,"4/04/2023","within an hour","f",23,"t","Botany Bay",-33.92362,151.18634,"Entire home/apt",6,2,2,"$184.00",3,365,4,20,0,4.85,"f",2.5
496,"18/09/2013","a few days or more","f",1,"t","Randwick",-33.92473,151.24592,"Entire home/apt",9,2,4,"$390.00",90,1125,0,1,0,5,"f",0.01
4586,"24/10/2016","within an hour","f",72,"t","North Sydney",-33.84845734,151.2061157,"Entire home/apt",4,1,2,"$342.00",2,180,17,201,2,4.86,"t",3.41
14959,"8/07/2018","N/A","f",1,"t","Rockdale",-33.93299881,151.1536581,"Entire home/apt",6,2,2,"$170.00",3,100,1,11,2,5,"f",1.85
7470,"14/07/2017","within a day","t",1,"t","Woollahra",-33.88772,151.25612,"Entire home/apt",8,1,4,"$764.00",2,730,24,37,1,4.97,"f",1.36
2981,"10/07/2013","within an hour","f",244,"t","Woollahra",-33.88589,151.24199,"Entire home/apt",6,NA,3,"",90,1125,0,50,0,4.72,"t",0.65
8878,"21/11/2018","within an hour","f",51,"t","Sydney",-33.8588953,151.2041679,"Entire home/apt",4,1,2,"$333.00",90,365,11,0,0,NA,"t",NA
8611,"28/12/2013","N/A","f",1,"t","Manly",-33.7924,151.26279,"Entire home/apt",2,1,2,"$300.00",90,90,27,0,0,NA,"f",NA
17277,"27/03/2025","within an hour","f",11,"t","Sydney",-33.87982,151.20358,"Entire home/apt",8,2,3,"$423.00",2,365,7,0,0,NA,"t",NA
17285,"8/04/2013","within an hour","",6,"t","Sydney",-33.8765052,151.1987531,"Entire home/apt",4,2,2,"$259.00",1,90,10,3,3,5,"t",3
16387,"1/05/2024","within an hour","f",2,"t","Liverpool",-33.91538,150.92886,"Entire home/apt",5,NA,1,"",4,365,17,1,1,3,"t",1
1616,"18/10/2015","within a few hours","t",1,"t","Rockdale",-33.95996,151.13028,"Entire home/apt",5,1,2,"$135.00",4,90,6,132,0,4.85,"f",1.25
7298,"18/08/2022","within a day","t",1,"t","Sydney",-33.87451,151.19686,"Entire home/apt",2,1,1,"$191.00",2,365,8,85,2,4.91,"t",2.74
11339,"16/03/2024","N/A","f",1,"t","Ryde",-33.7952177,151.1255284,"Entire home/apt",7,2,3,"$256.00",90,365,28,1,0,3,"f",0.07
4437,"29/05/2015","within an hour","f",9,"t","Sydney",-33.86987,151.22582,"Entire home/apt",2,1,1,"$151.00",1,1125,29,878,10,4.7,"t",13.75
11513,"8/07/2017","within an hour","",83,"t","Blacktown",-33.69901,150.81036,"Entire home/apt",10,3,5,"$289.00",5,365,7,33,2,4.79,"t",2.3
18156,"23/05/2023","a few days or more","f",7,"t","Sydney",-33.87764,151.20624,"Entire home/apt",1,1,1,"$245.00",7,365,0,0,0,NA,"f",NA
351,"20/11/2013","a few days or more","f",5,"t","Willoughby",-33.80058,151.18505,"Private room",2,1,1,"$58.00",90,1125,29,77,0,4.51,"f",0.75
14195,"29/02/2024","N/A","f",1,"t","Sutherland Shire",-34.07126677,151.1351467,"Entire home/apt",6,3,3,"$450.00",14,365,0,0,0,NA,"f",NA
14471,"3/01/2017","within an hour","t",37,"t","Mosman",-33.82493,151.24377,"Entire home/apt",3,1,1,"$127.00",1,365,1,27,3,4.93,"t",3.91
17108,"21/03/2025","within a day","f",1,"t","Waverley",-33.88945872,151.2713233,"Private room",2,1,1,"$136.00",1,20,28,0,0,NA,"f",NA
13307,"21/01/2016","N/A","f",1,"t","Manly",-33.79560815,151.2778265,"Entire home/apt",4,NA,2,"",5,36,0,3,0,5,"t",0.53
12135,"8/08/2022","within an hour","t",20,"t","Ryde",-33.77994095,151.1211161,"Entire home/apt",4,2,2,"$276.00",2,365,11,21,1,4.52,"t",1.63
5884,"29/03/2019","N/A","",7,"t","Leichhardt",-33.85976,151.18248,"Entire home/apt",8,2,3,"$216.00",2,365,12,130,6,4.5,"t",3.33
8901,"10/01/2012","N/A","f",2,"t","Sutherland Shire",-34.06553193,151.1532513,"Entire home/apt",5,2.5,4,"$991.00",90,365,22,2,0,5,"f",0.1
11564,"11/12/2014","within a day","f",72,"t","Pittwater",-33.65478554,151.3166913,"Entire home/apt",8,3.5,4,"$1,082.00",2,1125,0,0,0,NA,"f",NA
15087,"25/08/2019","within an hour","f",169,"t","Randwick",-33.9229508,151.2275339,"Private room",1,1.5,1,"$68.00",1,89,15,11,0,4.18,"f",1.93
1610,"17/10/2015","N/A","f",1,"t","Sydney",-33.87274,151.20517,"Entire home/apt",4,NA,2,"",90,1125,0,206,0,4.77,"f",2.03
5265,"13/10/2019","N/A","f",1,"t","Canterbury",-33.91029,151.08283,"Private room",2,2,1,"$85.00",90,365,26,2,0,5,"f",0.04
7503,"2/09/2022","within an hour","f",14,"t","North Sydney",-33.84625,151.20481,"Entire home/apt",4,1,1,"$96.00",2,180,15,99,3,4.53,"f",3.38
18134,"9/10/2020","within an hour","t",5,"t","Pittwater",-33.6074097,151.331333,"Entire home/apt",4,1,2,"$600.00",1,29,29,0,0,NA,"f",NA
8310,"19/07/2015","N/A","f",1,"t","Waverley",-33.88715772,151.2741905,"Entire home/apt",2,1,2,"$153.00",90,120,22,0,0,NA,"f",NA
1796,"25/05/2017","within a few hours","f",2,"t","Parramatta",-33.82246,151.00126,"Entire home/apt",4,1.5,2,"$145.00",7,60,0,52,0,4.54,"f",0.58
3750,"28/08/2019","within a few hours","f",1,"t","Warringah",-33.722561,151.299011,"Entire home/apt",4,1,1,"$296.00",3,1125,8,45,0,4.84,"f",0.93
14490,"4/01/2017","N/A","f",1,"t","North Sydney",-33.82368,151.20378,"Entire home/apt",4,NA,2,"",14,365,0,0,0,NA,"f",NA
16291,"29/08/2024","N/A","f",39,"t","Sydney",-33.86966,151.22302,"Entire home/apt",2,NA,1,"",84,1125,0,0,0,NA,"t",NA
15034,"30/03/2014","N/A","f",1,"t","Waverley",-33.8859385,151.2729695,"Entire home/apt",2,NA,1,"",3,365,0,0,0,NA,"f",NA
3090,"11/12/2015","N/A","f",1,"t","Sydney",-33.88705,151.17864,"Entire home/apt",2,1,0,"$100.00",2,90,0,118,0,4.65,"f",1.55
11575,"13/08/2018","within an hour","f",57,"t","Sydney",-33.87946599,151.2061233,"Entire home/apt",2,1,0,"$122.00",1,365,8,29,2,4.34,"f",2.02
1564,"7/11/2016","within an hour","t",5,"t","Sydney",-33.88778,151.20656,"Entire home/apt",2,1.5,1,"$180.00",2,730,10,120,1,4.92,"f",1.17
2864,"3/11/2018","within an hour","f",2,"t","Randwick",-33.96158978,151.2477783,"Entire home/apt",4,1,1,"$151.00",2,365,5,119,2,4.74,"f",1.5
16679,"15/10/2012","within an hour","",86,"t","Sydney",-33.8583383,151.202847,"Entire home/apt",8,1.5,2,"$182.00",1,365,17,10,3,4.9,"f",4.05
1152,"9/08/2016","within a few hours","f",1,"t","Sydney",-33.86814117,151.2238617,"Entire home/apt",2,1,1,"$141.00",7,365,18,133,1,4.63,"f",1.24
13253,"7/03/2024","within an hour","t",31,"t","Sydney",-33.91603842,151.2097918,"Entire home/apt",6,2,2,"$131.00",1,365,16,50,4,4.84,"f",5.15
7782,"24/09/2013","within a few hours","t",1,"t","Manly",-33.79081856,151.2819615,"Entire home/apt",6,2.5,3,"$702.00",3,180,18,19,1,5,"f",0.71
16426,"12/05/2019","within an hour","f",7,"t","Auburn",-33.84865311,151.0602493,"Entire home/apt",4,2,2,"$163.00",2,365,19,2,0,5,"f",0.6
1566,"3/09/2016","within an hour","t",1,"t","Marrickville",-33.89631,151.15634,"Entire home/apt",2,1,0,"$110.00",2,1125,9,337,3,4.95,"f",3.25
1453,"17/06/2016","within a day","t",2,"t","Holroyd",-33.82176,150.9664,"Entire home/apt",4,1,2,"$211.00",5,1125,0,27,0,4.59,"f",0.26
3673,"29/11/2014","within an hour","t",3,"t","Waverley",-33.88929749,151.2820587,"Entire home/apt",8,2,4,"$1,771.00",7,730,29,4,0,5,"f",0.07
13632,"12/04/2015","within an hour","t",2,"t","Waverley",-33.8958883,151.2723966,"Entire home/apt",4,1,2,"$234.00",1,1125,1,24,7,4.96,"f",2.79
1727,"8/01/2017","N/A","f",1,"f","Sutherland Shire",-34.03445,151.08902,"Entire home/apt",8,2,5,"$500.00",90,1125,22,1,0,4,"f",0.01
9952,"21/11/2018","within an hour","f",51,"t","North Sydney",-33.8481895,151.2058771,"Entire home/apt",2,NA,1,"",7,365,0,7,0,4.29,"t",0.44
1439,"28/09/2016","N/A","f",1,"t","Pittwater",-33.6374,151.32249,"Entire home/apt",10,NA,4,"",6,14,0,8,0,5,"f",0.09
329,"15/07/2014","within an hour","t",2,"t","Penrith",-33.7457,150.74053,"Private room",1,1.5,1,"$51.00",2,1125,8,297,1,4.74,"t",2.38
3255,"20/04/2018","within an hour","t",4,"t","Sydney",-33.85835,151.20271,"Entire home/apt",4,2,2,"$447.00",3,1125,20,165,2,4.93,"f",2.13
13289,"5/08/2015","within an hour","t",1,"t","Manly",-33.7951648,151.284976,"Entire home/apt",4,1,1,"$242.00",2,365,18,27,1,4.67,"f",4.03
2611,"3/05/2015","within an hour","t",5,"t","Sydney",-33.9007,151.21083,"Entire home/apt",4,2.5,2,"$351.00",3,60,1,34,0,4.94,"f",0.41
8157,"19/02/2013","within an hour","f",2,"t","Woollahra",-33.8815669,151.2222593,"Entire home/apt",2,1,1,"$127.00",1,365,16,140,4,4.77,"f",5.05
15641,"20/04/2022","within an hour","t",22,"t","Sydney",-33.8692304,151.2062939,"Entire home/apt",6,2,2,"$400.00",2,365,11,6,0,5,"f",1.26
16589,"22/12/2016","within an hour","f",120,"t","Sydney",-33.8901762,151.2128413,"Entire home/apt",4,1,2,"$337.00",3,365,21,2,0,5,"f",0.91
12774,"17/12/2018","within an hour","t",18,"t","Sydney",-33.91308698,151.2066297,"Entire home/apt",2,1,1,"$201.00",1,365,12,18,2,5,"f",1.97
7549,"20/06/2019","N/A","f",53,"t","Waverley",-33.8989379,151.2571934,"Entire home/apt",6,2,3,"$322.00",2,90,9,44,0,4.52,"f",2.08
8880,"11/07/2023","a few days or more","t",1,"t","Sydney",-33.89875964,151.199267,"Entire home/apt",4,NA,2,"",90,365,0,48,0,4.79,"f",2.22
1841,"19/08/2017","within an hour","t",1,"t","Waverley",-33.90012,151.26506,"Entire home/apt",2,1,1,"$157.00",3,62,6,261,4,4.96,"f",2.78
7800,"18/04/2016","within a few hours","f",1,"t","Woollahra",-33.8675933,151.2703705,"Private room",2,1,1,"$144.00",2,62,28,11,1,5,"f",1.99
7527,"11/10/2019","within an hour","f",138,"t","Auburn",-33.85012,151.07366,"Entire home/apt",5,2,2,"$329.00",2,365,24,12,0,4.83,"f",0.62
960,"31/12/2014","N/A","f",1,"f","Warringah",-33.77789361,151.2871175,"Entire home/apt",8,NA,4,"",7,28,0,2,0,5,"f",0.02
3712,"25/09/2019","within an hour","f",6,"t","Manly",-33.80215,151.29297,"Entire home/apt",3,1,1,"$404.00",2,1125,0,7,0,4.43,"t",0.1
1808,"4/06/2015","within a few hours","f",1,"t","Waverley",-33.88835,151.28471,"Entire home/apt",4,2,2,"$407.00",2,90,0,29,0,4.76,"f",0.35
7084,"26/11/2017","within an hour","f",2,"t","Hornsby",-33.6502,151.10635,"Entire home/apt",2,1,1,"$101.00",2,7,29,33,0,4.39,"f",1.04
3456,"23/10/2015","within an hour","t",2,"t","Auburn",-33.85049,151.06119,"Entire home/apt",5,2,2,"$1,000.00",1,730,25,149,0,4.91,"f",2.06
15370,"1/03/2023","N/A","f",1,"t","Pittwater",-33.63002,151.32607,"Entire home/apt",2,1,1,"$203.00",2,1125,1,10,2,5,"f",2.75
15043,"5/06/2013","within an hour","f",28,"t","Woollahra",-33.88787,151.23929,"Entire home/apt",5,2,3,"$471.00",7,365,14,5,0,4.4,"t",0.82
10160,"24/08/2016","N/A","f",1,"t","Waverley",-33.88919402,151.2747108,"Entire home/apt",3,NA,1,"",4,30,0,56,0,4.95,"f",2.94
8385,"28/03/2023","within an hour","t",3,"t","Rockdale",-33.939913,151.1443932,"Entire home/apt",9,2,3,"$211.00",1,365,12,127,5,4.86,"t",4.81
922,"25/12/2015","N/A","f",1,"t","Canada Bay",-33.82533,151.088,"Entire home/apt",4,2,2,"$306.00",90,1125,29,13,0,4.31,"f",0.12
15480,"10/07/2013","within an hour","f",244,"t","Sydney",-33.86396,151.21117,"Entire home/apt",6,NA,3,"",90,1125,0,0,0,NA,"t",NA
3237,"12/11/2016","within an hour","",2,"t","Sydney",-33.88648,151.21614,"Entire home/apt",4,1.5,2,"$310.00",3,180,14,175,2,4.78,"t",2.36
16906,"16/10/2021","within an hour","f",40,"t","Fairfield",-33.88905566,150.9299544,"Entire home/apt",12,NA,5,"",2,365,29,2,2,4,"t",2
10057,"11/09/2017","within a few hours","",25,"t","Auburn",-33.84735,151.06021,"Entire home/apt",4,2,2,"$217.00",1,365,20,20,0,4.7,"t",1.02
11599,"8/03/2024","within an hour","f",1,"t","Sydney",-33.87814538,151.220501,"Entire home/apt",2,NA,1,"",1,90,8,12,1,4.75,"t",0.92
8774,"27/10/2016","N/A","f",1,"t","Warringah",-33.75586333,151.2926179,"Entire home/apt",2,NA,1,"",90,365,0,1,0,5,"f",0.07
11619,"23/03/2024","within an hour","f",1,"t","Sutherland Shire",-34.025607,151.0454297,"Entire home/apt",4,1,1,"$180.00",2,365,12,12,1,5,"f",0.81
13218,"30/07/2012","N/A","f",1,"t","Randwick",-33.97385,151.241,"Entire home/apt",8,2.5,4,"$446.00",5,15,10,4,0,5,"t",0.45
10554,"5/02/2015","within an hour","t",19,"t","Sydney",-33.87465,151.1971,"Entire home/apt",4,1,1,"$171.00",45,365,0,9,0,4.67,"f",0.53
3015,"15/12/2018","within an hour","f",2,"t","Blacktown",-33.72547,150.86312,"Private room",2,1,1,"$54.00",90,1125,29,80,0,4.86,"f",1.02
4414,"26/04/2010","within an hour","f",51,"t","Waverley",-33.89111,151.2856,"Entire home/apt",4,1,2,"$273.00",14,1125,26,67,0,4.52,"t",1.12
12486,"27/05/2024","within an hour","t",1,"t","Camden",-34.02933,150.73064,"Entire home/apt",8,2.5,4,"$355.00",1,365,23,26,1,4.92,"f",2.22
14367,"30/11/2023","within a few hours","f",49,"t","Rockdale",-33.93483932,151.1563179,"Entire home/apt",2,NA,1,"",7,365,0,0,0,NA,"f",NA
15860,"29/08/2024","N/A","f",39,"t","Sydney",-33.88674975,151.2076805,"Entire home/apt",4,1,1,"$219.00",84,1125,12,1,0,5,"f",0.25
7809,"19/10/2016","within an hour","t",3,"t","Burwood",-33.88388,151.10451,"Entire home/apt",8,3,3,"$257.00",3,120,14,76,1,4.86,"f",2.53
13269,"31/07/2012","within an hour","t",2,"t","Canada Bay",-33.85873389,151.1385674,"Entire home/apt",4,1.5,2,"$212.00",3,300,0,15,2,4.93,"f",1.77
6163,"12/09/2018","within an hour","f",14,"t","Manly",-33.78803,151.2852,"Entire home/apt",6,1,2,"$263.00",1,365,24,48,0,3.98,"t",1.2
5411,"16/03/2020","within a few hours","t",3,"t","Sydney",-33.87798,151.21969,"Entire home/apt",2,1,0,"$195.00",5,180,9,87,0,4.87,"f",1.98
1900,"4/06/2014","within a day","f",0,"t","Manly",-33.79844,151.28065,"Entire home/apt",4,2,2,"$526.00",90,1125,28,9,0,4.56,"f",0.1
215,"2/01/2013","within a day","t",2,"t","Manly",-33.7956,151.2863,"Entire home/apt",3,1,0,"$185.00",1,1100,29,179,0,4.86,"f",1.42
15691,"9/11/2014","N/A","f",1,"t","Mosman",-33.8175703,151.2441375,"Entire home/apt",2,0,0,"$270.00",2,28,22,0,0,NA,"f",NA
1091,"11/08/2015","within an hour","f",34,"t","North Sydney",-33.85002,151.21555,"Entire home/apt",4,2,2,"$1,500.00",90,1125,29,0,0,NA,"f",NA
12236,"17/11/2022","within a few hours","f",2,"t","Sydney",-33.88682,151.19606,"Private room",1,NA,NA,"",1,90,0,11,0,4,"f",1.23
3244,"8/07/2017","within an hour","",83,"t","Sydney",-33.88236,151.2034,"Entire home/apt",5,1,2,"$322.00",2,1125,23,113,1,4.7,"t",1.51
7808,"5/06/2013","within an hour","f",28,"t","Woollahra",-33.88547,151.23262,"Entire home/apt",6,1.5,3,"$331.00",7,28,16,42,2,4.69,"f",1.4
6809,"29/10/2016","N/A","f",2,"t","Randwick",-33.90584,151.22131,"Private room",1,1,1,"$65.00",90,90,27,0,0,NA,"f",NA
8703,"25/04/2019","within an hour","t",68,"t","Marrickville",-33.9027088,151.1443231,"Entire home/apt",2,NA,1,"",90,365,3,48,0,4.75,"f",2
5979,"24/07/2019","N/A","f",912,"t","Randwick",-33.92082,151.25407,"Entire home/apt",4,1,2,"$214.00",3,365,10,58,3,4.64,"t",1.57
12418,"30/09/2016","within an hour","",8,"t","Blacktown",-33.71215419,150.8773282,"Entire home/apt",13,2,4,"$210.00",1,365,7,12,2,4.75,"f",1.42
17280,"26/11/2023","within an hour","t",43,"t","Sydney",-33.88319,151.22009,"Entire home/apt",12,2,5,"$373.00",3,365,6,4,3,5,"t",3.53
3642,"3/11/2015","within an hour","t",3,"t","Sydney",-33.86026,151.20433,"Entire home/apt",6,2,3,"$990.00",4,120,13,26,0,4.96,"f",0.61
7839,"16/06/2021","within an hour","f",57,"t","Sydney",-33.88057941,151.2110307,"Entire home/apt",4,1,2,"$207.00",2,180,0,80,2,4.46,"f",2.83
17520,"19/12/2023","N/A","f",1,"f","Pittwater",-33.6595,151.32201,"Entire home/apt",4,1,2,"$221.00",2,365,25,0,0,NA,"f",NA
12373,"6/01/2016","within an hour","t",12,"t","Randwick",-33.9230382,151.2517537,"Private room",2,1,1,"$136.00",1,365,8,14,1,4.93,"t",1.4
9594,"24/07/2015","within an hour","f",22,"t","Randwick",-33.91317,151.25381,"Private room",1,1.5,1,"$64.00",1,365,7,29,0,4.86,"f",1.37
5414,"24/07/2014","within a few hours","t",2,"t","Sydney",-33.86398,151.2042,"Entire home/apt",2,1,1,"$309.00",2,365,28,118,0,4.9,"f",2.67
14908,"24/11/2015","within an hour","f",1,"f","Sydney",-33.89431389,151.1997147,"Entire home/apt",2,1,1,"$196.00",7,35,0,4,2,4.75,"f",0.71
6502,"22/06/2011","within an hour","t",3,"t","Sydney",-33.8762158,151.2194878,"Entire home/apt",2,1,1,"$142.00",21,365,4,70,0,4.79,"f",2.01
12701,"16/10/2022","within a day","f",1,"t","Mosman",-33.83994,151.23831,"Entire home/apt",9,3.5,4,"$1,011.00",3,365,9,4,0,5,"f",0.78
5122,"1/08/2016","within a day","f",39,"t","Canada Bay",-33.8256,151.08568,"Entire home/apt",5,2,2,"$200.00",2,1125,29,18,0,4.83,"f",0.39
15851,"6/12/2022","within an hour","f",14,"t","The Hills Shire",-33.79561164,151.0250234,"Private room",1,1,1,"$56.00",1,365,26,7,1,4.71,"f",2.36
677,"3/06/2015","N/A","f",1,"f","Blacktown",-33.77625,150.87466,"Private room",1,1,1,"$60.00",90,1125,28,0,0,NA,"f",NA
6630,"10/02/2013","N/A","f",1,"t","Warringah",-33.749833,151.2662835,"Entire home/apt",6,2.5,4,"$950.00",3,365,16,2,0,5,"f",0.1
16707,"10/07/2013","within an hour","f",244,"t","Waverley",-33.88331836,151.2712914,"Entire home/apt",4,1,2,"$252.00",1,1125,20,1,1,5,"t",1
5181,"16/10/2019","N/A","f",5,"t","Marrickville",-33.89772,151.15454,"Entire home/apt",2,1,0,"$86.00",90,1125,29,73,0,4.62,"f",1.46
8801,"3/02/2019","N/A","f",1,"t","Waverley",-33.8852372,151.276826,"Entire home/apt",4,1,2,"$420.00",10,40,29,2,0,3.5,"f",0.08
11880,"27/02/2016","N/A","f",1,"t","Randwick",-33.9194421,151.2419749,"Entire home/apt",4,1,2,"$233.00",90,365,28,7,0,5,"f",0.54
16432,"9/12/2023","within an hour","f",1,"t","Randwick",-33.92158,151.25111,"Private room",2,NA,NA,"",2,10,12,9,0,4.89,"f",2.35
2990,"12/11/2018","N/A","f",1,"t","Blacktown",-33.74112,150.94013,"Entire home/apt",3,1,1,"$181.00",4,1125,12,11,0,4.64,"f",0.19
3483,"26/07/2019","N/A","f",2,"t","Sydney",-33.87304,151.19634,"Entire home/apt",7,1,1,"$464.00",90,365,28,83,0,4.58,"f",1.16
12460,"11/01/2020","within an hour","t",45,"t","Auburn",-33.8474,151.07305,"Entire home/apt",4,2,2,"$270.00",4,365,18,8,0,5,"f",0.64
359,"30/01/2013","within a day","f",1,"t","Warringah",-33.61778,151.20291,"Entire home/apt",12,3,4,"$994.00",2,30,27,70,0,4.6,"f",0.48
9617,"11/01/2020","within an hour","t",45,"t","Auburn",-33.82509,151.07908,"Entire home/apt",4,2,2,"$201.00",4,365,25,29,0,4.9,"f",1.36
17262,"9/10/2020","within an hour","t",5,"t","Pittwater",-33.65049,151.30417,"Entire home/apt",8,2.5,4,"$550.00",2,28,28,1,1,5,"f",1
16886,"21/02/2021","within a day","f",1,"t","Randwick",-33.9501504,151.2417985,"Entire home/apt",3,1.5,2,"$242.00",3,365,11,1,1,5,"f",1
2058,"18/10/2017","N/A","f",2,"f","Liverpool",-33.95612,150.95297,"Private room",2,NA,NA,"",90,1125,29,10,0,4.5,"t",0.11
6794,"21/05/2015","within an hour","t",1,"t","Camden",-34.00264295,150.7542102,"Private room",2,1,1,"$121.00",1,30,29,28,1,4.86,"f",2.75
13479,"4/03/2015","within an hour","f",1,"t","Hunters Hill",-33.8325832,151.1280159,"Private room",1,1,1,"$149.00",1,7,29,6,0,5,"t",0.81
11187,"11/12/2014","within a day","f",72,"t","Pittwater",-33.59894,151.31765,"Entire home/apt",4,NA,1,"",2,1125,0,0,0,NA,"t",NA
3384,"11/05/2012","within a few hours","t",1,"t","Sydney",-33.88569,151.19846,"Entire home/apt",4,2,2,"$211.00",5,120,0,48,0,4.94,"f",1.49
6637,"7/07/2013","N/A","f",1,"t","Warringah",-33.77651,151.25888,"Entire home/apt",8,2.5,4,"$400.00",5,365,0,8,0,4.88,"f",0.27
10927,"4/08/2013","within an hour","t",68,"t","Penrith",-33.74792449,150.7428161,"Entire home/apt",6,1,3,"$250.00",7,365,28,2,0,4.5,"f",0.16
14786,"22/12/2017","within an hour","",3,"t","Holroyd",-33.8500587,150.9770036,"Entire home/apt",11,3,5,"$356.00",3,365,0,2,0,5,"f",0.79
3338,"11/05/2015","within an hour","f",2,"t","North Sydney",-33.84921,151.21576,"Entire home/apt",4,1,1,"$233.00",2,1125,0,150,4,4.82,"f",2.04
17221,"23/03/2025","within a few hours","f",1,"t","Ashfield",-33.890728,151.1174407,"Entire home/apt",4,NA,2,"",2,300,0,2,0,4.5,"f",1.03
17922,"21/07/2018","within an hour","t",12,"t","Sydney",-33.87893003,151.2069715,"Entire home/apt",4,1,1,"$167.00",2,365,25,0,0,NA,"f",NA
6013,"6/11/2016","within an hour","f",35,"t","Holroyd",-33.81052,150.96866,"Entire home/apt",5,2,2,"$121.00",2,1125,16,82,3,4.37,"f",2.06
1700,"26/11/2016","within a day","f",1,"f","Waverley",-33.877885,151.2773069,"Entire home/apt",8,5,4,"$1,125.00",7,18,11,3,0,5,"f",0.17
17533,"13/03/2023","within an hour","t",4,"t","Waverley",-33.88744,151.26759,"Entire home/apt",9,3,4,"$440.00",7,730,7,0,0,NA,"t",NA
17692,"15/04/2025","within a few hours","f",20,"t","Strathfield",-33.86545297,151.0895678,"Entire home/apt",4,2,2,"$147.00",1,365,19,0,0,NA,"f",NA
4601,"10/06/2020","within an hour","f",4,"t","Sydney",-33.8824,151.20459,"Private room",3,0,1,"$172.00",1,31,28,101,0,4.56,"t",1.78
5435,"24/02/2013","within an hour","t",92,"t","North Sydney",-33.82424,151.19762,"Entire home/apt",6,2,2,"$226.00",2,365,2,164,6,4.71,"t",3.87
1333,"27/05/2013","within an hour","t",9,"t","Sydney",-33.88779,151.21376,"Entire home/apt",7,2.5,3,"$361.00",1,730,7,330,4,4.78,"f",3.11
5712,"30/10/2021","N/A","f",1,"t","Pittwater",-33.69681,151.2856,"Entire home/apt",6,2.5,3,"$1,780.00",90,365,27,0,0,NA,"f",NA
14079,"24/07/2019","N/A","f",912,"t","North Sydney",-33.8320683,151.2141636,"Entire home/apt",2,1,1,"$176.00",3,365,13,11,1,4.18,"t",1.63
10745,"21/11/2018","within an hour","f",51,"t","Sydney",-33.88422,151.17786,"Entire home/apt",4,NA,2,"",5,365,0,6,0,4.5,"t",0.36
15388,"22/10/2024","within an hour","t",76,"t","Mosman",-33.84324,151.23454,"Entire home/apt",2,1,1,"$341.00",90,365,18,2,0,5,"f",0.87
17561,"16/04/2024","within an hour","f",1,"t","Sydney",-33.88329094,151.218139,"Private room",1,1,1,"$62.00",2,365,6,0,0,NA,"t",NA
15856,"9/04/2024","within an hour","f",50,"t","Auburn",-33.85049,151.0605,"Entire home/apt",4,2,2,"$322.00",1,365,24,5,1,4.8,"f",1.47
10663,"21/01/2017","within an hour","t",3,"t","The Hills Shire",-33.6917783,150.943689,"Private room",2,1.5,1,"$85.00",1,365,28,5,0,5,"f",0.28
3722,"29/10/2016","N/A","f",1,"t","Strathfield",-33.86567,151.08752,"Private room",2,NA,NA,"",90,1125,28,4,0,4.75,"t",0.06
15055,"23/01/2019","within an hour","f",1,"t","Rockdale",-33.98002421,151.1384434,"Private room",2,NA,2,"",1,3,0,2,0,5,"f",0.36
13491,"15/01/2018","within an hour","t",10,"t","Sydney",-33.8740052,151.1975852,"Entire home/apt",6,2,2,"$579.00",2,360,18,14,0,4.93,"t",1.56
12241,"27/06/2017","within an hour","f",46,"t","North Sydney",-33.8304054,151.2202894,"Entire home/apt",4,1,2,"$169.00",2,45,10,26,1,4.92,"t",2.14
3696,"29/11/2015","within a few hours","f",1,"t","Warringah",-33.73711,151.28935,"Entire home/apt",8,2.5,4,"$700.00",5,365,0,12,0,4.92,"f",0.18
18151,"9/08/2022","within a few hours","f",40,"t","Sutherland Shire",-34.03728738,151.1075688,"Entire home/apt",2,1,1,"$147.00",1,365,29,0,0,NA,"f",NA
16977,"27/02/2025","within an hour","f",1,"t","Parramatta",-33.8251838,151.0206481,"Entire home/apt",4,1,1,"$137.00",1,90,6,0,0,NA,"f",NA
17335,"18/04/2018","within an hour","f",1,"t","Ku-Ring-Gai",-33.72601,151.13958,"Entire home/apt",6,2.5,3,"$665.00",1,28,0,0,0,NA,"f",NA
13243,"1/07/2024","within an hour","",14,"t","Waverley",-33.8836399,151.2766115,"Entire home/apt",4,1.5,2,"$327.00",1,365,26,3,0,5,"t",0.43
5212,"10/07/2013","within an hour","f",244,"t","Woollahra",-33.86728038,151.2766881,"Entire home/apt",8,2.5,4,"$862.00",1,1125,18,17,1,4.82,"t",0.52
3096,"6/02/2017","within an hour","t",2,"t","Sutherland Shire",-34.06899,151.15494,"Entire home/apt",2,1,1,"$165.00",2,60,0,53,0,5,"f",0.67
9036,"19/06/2023","within an hour","f",9,"t","Parramatta",-33.80797,151.00581,"Private room",2,1,1,"$207.00",1,365,11,12,0,4.33,"t",0.5
13109,"14/03/2018","within an hour","f",44,"t","Sydney",-33.8767,151.20418,"Entire home/apt",6,2,3,"$349.00",2,365,13,40,5,4.53,"f",3.76
17818,"8/07/2023","within an hour","f",7,"t","Sydney",-33.88365,151.18511,"Private room",1,1,1,"$72.00",2,365,21,1,1,5,"t",1
6967,"11/03/2016","a few days or more","f",1,"t","Sydney",-33.8780033,151.2127662,"Entire home/apt",2,1,1,"$245.00",2,30,29,0,0,NA,"f",NA
12740,"9/09/2014","within an hour","f",28,"t","Sydney",-33.87156,151.22347,"Entire home/apt",2,1,1,"$109.00",1,1125,20,10,0,3.9,"t",0.97
9514,"24/09/2009","within a day","t",1,"t","Sydney",-33.872751,151.224243,"Entire home/apt",2,1,1,"$156.00",2,365,13,37,4,4.92,"f",1.73
6177,"8/06/2022","within an hour","f",9,"f","Sydney",-33.87642,151.21353,"Entire home/apt",4,1,1,"$309.00",2,90,21,15,0,4.67,"t",0.42
11277,"6/07/2014","within an hour","t",19,"t","Sydney",-33.8770683,151.215492,"Entire home/apt",4,1,2,"$186.00",1,365,12,32,0,4.56,"f",2.1
17017,"27/03/2025","within an hour","f",11,"t","Sydney",-33.87575785,151.2051378,"Entire home/apt",6,2,3,"$243.00",2,365,4,3,1,3.67,"t",2.2
11279,"20/02/2024","N/A","f",3,"t","Randwick",-33.92128,151.25705,"Private room",12,1,3,"$899.00",2,28,22,0,0,NA,"f",NA
11797,"2/12/2019","a few days or more","f",1,"t","Sydney",-33.90778541,151.2112917,"Private room",1,1,1,"$100.00",1,365,28,0,0,NA,"f",NA
959,"2/01/2016","within a few hours","t",1,"t","North Sydney",-33.83285,151.22748,"Private room",1,1,1,"$92.00",1,60,11,62,1,5,"f",0.61
15215,"1/07/2015","within an hour","t",40,"t","Sydney",-33.8850518,151.1793724,"Entire home/apt",2,1,1,"$158.00",4,365,29,2,0,5,"t",0.36
14519,"16/09/2015","within a few hours","f",1,"t","Warringah",-33.72119945,151.2975424,"Entire home/apt",4,1.5,2,"$169.00",4,90,0,6,0,4.5,"f",1.03
3714,"8/10/2017","N/A","t",1,"t","Randwick",-33.92475,151.24402,"Entire home/apt",2,NA,NA,"",2,14,0,127,0,4.98,"t",1.86
13949,"2/09/2012","within a few hours","f",2,"t","Pittwater",-33.62712645,151.3368575,"Entire home/apt",5,1.5,3,"$912.00",5,20,29,1,0,5,"t",0.34
5773,"19/12/2021","within an hour","f",9,"t","The Hills Shire",-33.4246,150.95949,"Entire home/apt",6,2,3,"$215.00",2,365,0,64,1,4.94,"f",1.59
11476,"27/04/2016","within an hour","f",1,"f","Penrith",-33.7567817,150.7102749,"Entire home/apt",4,2,2,"$116.00",2,28,7,22,6,4.95,"t",5.64
1640,"24/07/2014","within an hour","t",1,"f","Mosman",-33.83424,151.23699,"Private room",2,1,1,"$118.00",1,5,8,23,1,4.91,"f",0.24
2180,"13/05/2015","within an hour","f",14,"t","Sydney",-33.87582,151.21311,"Entire home/apt",4,1,1,"$223.00",2,1125,17,20,0,4.25,"t",0.21
11593,"8/10/2016","within an hour","f",1,"t","Mosman",-33.81135,151.24367,"Entire home/apt",10,3,5,"$851.00",1,60,19,14,0,4.71,"f",1.27
17124,"20/09/2022","within an hour","f",39,"t","The Hills Shire",-33.7806267,151.0478092,"Entire home/apt",5,2,2,"$196.00",3,365,19,3,0,4.33,"t",1.84
934,"19/09/2015","N/A","f",1,"t","Ryde",-33.79201,151.08715,"Private room",2,1,1,"$421.00",1,100,29,25,0,4.2,"t",0.22
16009,"6/02/2025","within an hour","f",19,"t","Ryde",-33.7862841,151.1268374,"Private room",6,2,2,"$660.00",1,90,23,0,0,NA,"t",NA
15226,"16/12/2024","within an hour","f",27,"t","Willoughby",-33.79553132,151.187346,"Entire home/apt",4,2,2,"$197.00",1,365,21,5,4,4.8,"f",1.4
17802,"18/11/2013","within an hour","t",11,"t","Leichhardt",-33.8560084,151.1800353,"Entire home/apt",6,2,3,"$413.00",1,1125,0,0,0,NA,"f",NA
18071,"4/01/2019","within an hour","f",17,"t","Manly",-33.7990299,151.2493193,"Entire home/apt",2,1,NA,"$201.00",2,365,29,0,0,NA,"t",NA
12284,"25/04/2019","within an hour","t",68,"t","Pittwater",-33.7042714,151.2713066,"Entire home/apt",6,2.5,3,"$281.00",1,365,0,2,0,5,"f",0.18
2773,"22/10/2018","within an hour","f",3,"t","Ku-Ring-Gai",-33.75168,151.1491,"Private room",2,1,0,"$141.00",1,1125,29,26,0,4.35,"f",0.32
5558,"7/10/2021","within an hour","f",2,"t","Hornsby",-33.51861,151.17671,"Entire home/apt",10,2.5,4,"$570.00",2,90,27,31,0,4.9,"t",0.7
2469,"30/09/2018","within an hour","t",1,"t","Marrickville",-33.89304,151.15531,"Entire home/apt",2,1,0,"$109.00",2,1125,10,316,3,4.9,"t",3.88
8704,"22/03/2015","a few days or more","f",2,"t","Parramatta",-33.79609678,151.0117386,"Private room",3,1,1,"$60.00",90,365,29,0,0,NA,"f",NA
10326,"19/12/2013","within an hour","f",11,"t","Marrickville",-33.8987469,151.1762113,"Entire home/apt",4,1,1,"$300.00",1,365,15,1,0,5,"t",0.18
17374,"21/08/2014","within an hour","t",8,"t","Rockdale",-33.9363,151.15709,"Private room",2,1.5,1,"$78.00",1,365,16,5,3,5,"t",3.49
10094,"15/07/2021","N/A","f",2,"t","Manly",-33.8033023,151.2891967,"Private room",1,1,1,"$400.00",1,5,24,0,0,NA,"f",NA
3596,"18/08/2012","within a day","f",2,"t","Warringah",-33.7292,151.29774,"Entire home/apt",6,2,3,"$221.00",90,1125,28,3,0,5,"f",0.04
3119,"4/12/2018","within an hour","f",2,"t","Rockdale",-33.93181229,151.1474304,"Entire home/apt",2,1,1,"$155.00",1,1125,18,85,0,4.48,"f",1.08
12991,"22/12/2016","within an hour","f",120,"t","Woollahra",-33.87983318,151.2390063,"Entire home/apt",2,1,1,"$223.00",3,365,1,9,0,4.56,"f",0.89
10139,"18/12/2019","within an hour","t",25,"t","Sydney",-33.8591056,151.2030291,"Entire home/apt",8,2,3,"$233.00",1,365,0,45,0,4.96,"f",2.38
17165,"14/01/2015","within an hour","f",4,"t","North Sydney",-33.8452343,151.2109585,"Entire home/apt",4,2,2,"$189.00",2,365,6,3,1,4.67,"t",1.88
2783,"23/08/2015","within an hour","t",8,"t","Randwick",-33.92412,151.23395,"Private room",1,NA,NA,"",3,12,1,61,1,4.92,"f",0.78
13589,"21/08/2014","within an hour","t",8,"t","Rockdale",-33.94252941,151.1452514,"Private room",2,1.5,1,"$61.00",1,50,12,55,11,4.78,"t",6.02
18083,"9/08/2022","within a few hours","f",40,"t","Strathfield",-33.86568,151.08753,"Entire home/apt",4,2,2,"$191.00",1,365,23,0,0,NA,"f",NA
11338,"19/05/2018","within an hour","f",2,"f","The Hills Shire",-33.43903597,150.8894203,"Entire home/apt",2,1,1,"$128.00",2,14,27,8,0,4.63,"f",0.69
3437,"4/04/2019","within an hour","t",2,"t","Bankstown",-33.95147,151.0357,"Private room",2,1,1,"$45.00",3,1125,21,145,1,4.72,"f",1.95
15521,"30/06/2016","within an hour","",6,"t","Liverpool",-33.93245859,150.9233268,"Entire home/apt",2,1,1,"$146.00",5,365,20,1,0,5,"f",0.22
15024,"1/10/2013","within an hour","f",1,"t","Sydney",-33.8958801,151.2138415,"Private room",2,1,1,"$66.00",90,365,29,0,0,NA,"f",NA
12544,"14/03/2018","within an hour","f",44,"t","Liverpool",-33.95006999,150.8533609,"Entire home/apt",8,NA,4,"",2,365,20,11,2,4.73,"f",0.96
2355,"24/01/2018","within an hour","f",1,"t","The Hills Shire",-33.62853,150.94151,"Entire home/apt",16,4.5,4,"$1,349.00",2,1125,28,24,0,4.83,"f",0.27
10513,"4/12/2018","within an hour","f",1,"t","Manly",-33.79692,151.27552,"Entire home/apt",8,3,4,"$637.00",2,120,12,8,1,5,"f",0.45
8108,"11/03/2023","within an hour","f",1,"t","Liverpool",-33.91063006,150.8445544,"Entire home/apt",8,1,4,"$250.00",3,90,28,43,0,4.7,"t",1.64
11112,"24/07/2019","N/A","f",912,"t","Warringah",-33.75491,151.28594,"Entire home/apt",4,2,2,"$373.00",3,365,27,11,0,3.82,"t",0.74
12890,"10/12/2018","within an hour","",12,"t","Marrickville",-33.89422139,151.1603369,"Entire home/apt",2,1,1,"$114.00",2,365,19,23,1,4.57,"f",2.22
7754,"22/09/2015","within a few hours","f",37,"t","Sydney",-33.89153576,151.1984623,"Entire home/apt",4,2,2,"$240.00",2,365,29,6,0,4.83,"f",0.21
14426,"16/11/2020","within a few hours","t",1,"t","Warringah",-33.7536524,151.2962453,"Entire home/apt",6,1,2,"$322.00",2,365,25,7,1,5,"f",1.13
5199,"27/02/2021","within an hour","t",1,"t","Lane Cove",-33.81795,151.16592,"Entire home/apt",3,1,1,"$106.00",4,365,0,83,2,4.94,"f",1.6
14156,"21/10/2022","within an hour","f",60,"t","Hornsby",-33.7747494,151.0867365,"Entire home/apt",8,3,4,"$309.00",2,365,21,15,3,5,"f",2.08
10748,"4/06/2015","N/A","f",1,"t","Warringah",-33.75422286,151.292127,"Entire home/apt",2,2,1,"$270.00",3,21,0,0,0,NA,"f",NA
13852,"17/11/2023","within a few hours","f",40,"t","Botany Bay",-33.93357,151.19397,"Entire home/apt",2,1,1,"$118.00",5,365,12,1,0,4,"f",0.13
3796,"25/08/2019","within an hour","f",169,"t","Sydney",-33.883917,151.2084847,"Private room",2,1,1,"$120.00",2,365,17,84,0,4.25,"f",1.2
3329,"18/12/2015","within an hour","f",8,"t","Sydney",-33.8917,151.19765,"Private room",2,2,1,"$92.00",2,14,29,147,0,4.62,"f",1.95
5461,"12/04/2016","within an hour","t",1,"t","Pittwater",-33.616505,151.330505,"Entire home/apt",2,1,1,"$295.00",2,1125,25,169,2,4.9,"t",3.47
641,"11/11/2015","within an hour","f",5,"t","Sydney",-33.88664,151.21425,"Private room",2,1,1,"$135.00",2,1125,10,7,0,5,"f",0.06
10849,"7/09/2018","N/A","f",1,"t","Waverley",-33.9055572,151.2663973,"Entire home/apt",4,1,2,"$550.00",7,28,29,4,0,4.5,"f",0.23
519,"27/09/2014","a few days or more","f",2,"t","Pittwater",-33.63856,151.32933,"Private room",2,1.5,1,"$79.00",90,1125,0,20,0,4.7,"f",0.15
16071,"7/07/2019","within an hour","f",3,"t","Rockdale",-33.94056,151.10717,"Entire home/apt",5,1,2,"$155.00",1,365,28,5,1,4.6,"f",1.09
17361,"15/10/2012","within an hour","t",27,"t","Waverley",-33.88988,151.27607,"Entire home/apt",3,1,1,"$158.00",1,365,0,1,1,5,"t",1
16210,"30/09/2020","a few days or more","f",1,"t","Auburn",-33.85546,151.03146,"Entire home/apt",4,1,2,"$575.00",1,365,29,0,0,NA,"t",NA
2642,"25/07/2018","N/A","f",1,"t","Pittwater",-33.66979,151.2915,"Entire home/apt",4,1,2,"$237.00",14,29,27,25,0,4.72,"f",0.32
15511,"25/06/2014","within an hour","t",16,"t","Sydney",-33.8929647,151.2303297,"Entire home/apt",2,1,2,"$204.00",3,365,2,7,1,4.86,"t",2.36
9456,"1/08/2015","within an hour","t",1,"t","Sutherland Shire",-34.08217424,151.1440308,"Entire home/apt",4,1,2,"$179.00",1,1125,16,78,2,5,"t",3.74
14822,"25/08/2019","within an hour","f",169,"t","City Of Kogarah",-33.9855381,151.1318194,"Private room",2,3,1,"$66.00",4,365,15,15,2,4.67,"f",2.6
15562,"26/10/2023","N/A","f",1,"t","Manly",-33.78676,151.28279,"Entire home/apt",4,1,2,"$234.00",4,150,28,0,0,NA,"f",NA
14920,"29/08/2015","N/A","t",3,"t","Sydney",-33.8793844,151.1988507,"Private room",1,NA,NA,"",2,30,0,10,0,5,"f",1.52
1928,"14/07/2015","within an hour","f",32,"t","Randwick",-33.92552,151.25618,"Entire home/apt",6,1,2,"$169.00",1,365,22,145,1,4.62,"f",1.59
2482,"13/05/2014","within an hour","f",55,"t","Sydney",-33.87123,151.20837,"Entire home/apt",2,1,1,"$213.00",90,1125,0,10,0,4.7,"f",0.73
1096,"29/09/2015","N/A","f",1,"t","North Sydney",-33.83595,151.21778,"Entire home/apt",2,1,1,"$76.00",90,1125,12,112,0,4.85,"f",0.99
10199,"12/12/2020","within an hour","f",16,"t","Blacktown",-33.75637,150.87566,"Private room",2,1,NA,"$60.00",1,365,23,1,0,4,"f",0.07
469,"23/04/2015","N/A","f",1,"t","Randwick",-33.95444,151.24709,"Entire home/apt",2,NA,1,"",3,33,0,2,0,4.5,"f",0.36
7554,"23/04/2018","N/A","f",46,"t","Sydney",-33.87855658,151.2198474,"Entire home/apt",2,1,1,"$201.00",2,90,3,50,0,4.44,"t",1.66
11078,"29/06/2019","N/A","f",1,"t","Sydney",-33.89771757,151.19678,"Entire home/apt",5,NA,2,"",3,365,0,12,0,4.5,"f",0.68
10826,"31/12/2020","within an hour","t",13,"t","Auburn",-33.85012799,151.0735405,"Entire home/apt",6,2,2,"$188.00",1,365,14,104,1,4.88,"f",6.6
17568,"9/09/2023","within an hour","t",14,"t","Leichhardt",-33.8628117,151.1792004,"Entire home/apt",4,2.5,2,"$248.00",2,365,16,4,4,5,"f",4
15776,"11/10/2021","within an hour","f",2,"t","Rockdale",-33.9397651,151.1467428,"Entire home/apt",2,1,1,"$153.00",3,365,0,0,0,NA,"t",NA
15811,"27/08/2011","within a few hours","f",1,"t","Botany Bay",-33.93473642,151.2279988,"Entire home/apt",10,3,5,"$540.00",5,14,11,0,0,NA,"f",NA
6920,"17/03/2018","within a day","f",1,"t","Fairfield",-33.88648,150.96265,"Private room",1,NA,NA,"",2,60,29,28,1,4.18,"f",0.87
9691,"22/05/2015","a few days or more","f",1,"f","Warringah",-33.77741589,151.2893149,"Entire home/apt",8,3,4,"$1,250.00",5,365,28,0,0,NA,"f",NA
1702,"8/08/2017","within an hour","t",4,"t","Sydney",-33.87971,151.20954,"Entire home/apt",2,1,0,"$171.00",2,1125,8,508,4,4.92,"f",5.33
16224,"24/12/2020","within a few hours","f",3,"t","Auburn",-33.83051148,151.0751979,"Private room",2,1,1,"$158.00",90,365,29,0,0,NA,"f",NA
11344,"16/10/2012","within an hour","f",2,"t","Waverley",-33.8906015,151.2830318,"Entire home/apt",2,NA,1,"",2,365,28,36,1,4.5,"t",2.38
6539,"21/09/2016","N/A","f",1,"t","Warringah",-33.77343,151.29137,"Entire home/apt",4,2,3,"$279.00",3,365,6,5,0,5,"f",0.15
7408,"23/05/2012","within a few hours","t",117,"t","Waverley",-33.88915296,151.2761059,"Entire home/apt",6,3.5,3,"$2,361.00",5,89,0,2,0,5,"f",0.09
148,"23/09/2013","within an hour","f",2,"t","Sydney",-33.87455,151.22334,"Entire home/apt",3,NA,1,"",90,1125,29,270,0,4.57,"t",2.12
6351,"14/12/2015","within an hour","t",1,"t","Woollahra",-33.88484,151.2558,"Private room",2,1,1,"$75.00",1,21,26,73,0,4.9,"f",1.86
110,"21/11/2011","within a few hours","t",2,"t","Marrickville",-33.90474,151.17388,"Private room",1,1,1,"$98.00",4,60,0,41,0,4.63,"f",0.3
729,"14/06/2015","within an hour","t",1,"t","City Of Kogarah",-33.99042,151.09793,"Entire home/apt",4,1,1,"$102.00",3,120,1,273,0,4.78,"f",2.28
11967,"6/05/2015","N/A","f",1,"t","Sydney",-33.90172705,151.2135852,"Private room",2,NA,NA,"",4,365,0,2,0,5,"f",0.49
1909,"23/12/2015","within an hour","t",3,"t","Sydney",-33.90177,151.18174,"Entire home/apt",2,1,1,"$121.00",1,40,20,514,2,4.77,"f",5.22
6556,"18/08/2022","within an hour","f",10,"t","Waverley",-33.89686,151.25902,"Entire home/apt",4,1,2,"$204.00",2,120,1,40,2,4.75,"f",1.2
7201,"24/07/2019","N/A","f",912,"t","Sydney",-33.8792301,151.1813628,"Entire home/apt",2,1,0,"$142.00",3,365,18,27,0,4.48,"t",0.94
7990,"30/12/2012","within an hour","t",1,"t","Sydney",-33.88933743,151.1968555,"Private room",1,1.5,1,"$90.00",4,42,4,50,1,5,"f",1.84
3288,"21/12/2017","within an hour","t",8,"t","Parramatta",-33.81547,151.01573,"Entire home/apt",6,2,3,"$473.00",3,180,8,26,0,4.88,"t",0.35
3685,"13/10/2019","within an hour","t",1,"t","Manly",-33.79621,151.28605,"Entire home/apt",5,NA,3,"",3,730,0,88,0,4.89,"f",1.28
14433,"3/01/2019","N/A","f",1,"f","Warringah",-33.7254141,151.2971471,"Entire home/apt",2,1,1,"$236.00",2,70,16,2,0,5,"f",0.36
7620,"13/07/2018","within an hour","f",31,"t","Canada Bay",-33.85345533,151.0880579,"Private room",2,1,1,"$128.00",1,365,29,18,0,4.11,"f",0.6
17011,"13/10/2013","within a few hours","f",1,"t","Waverley",-33.90286,151.25858,"Entire home/apt",4,1,2,"$291.00",3,365,28,1,0,4,"f",0.57
13429,"10/07/2013","within an hour","f",244,"t","North Sydney",-33.84621,151.2054,"Entire home/apt",3,1,1,"$249.00",1,1125,5,4,0,4.25,"t",0.55
6859,"11/10/2019","within an hour","f",138,"t","Canada Bay",-33.8268,151.08417,"Entire home/apt",4,2,2,"$263.00",2,365,22,14,0,4.64,"f",0.41
15796,"10/10/2023","within an hour","t",7,"t","Sydney",-33.88868636,151.2064412,"Entire home/apt",6,1.5,2,"$262.00",2,365,2,21,6,4.86,"f",5.04
4787,"27/09/2020","within an hour","t",1,"t","Waverley",-33.89539,151.27399,"Entire home/apt",4,1,2,"$500.00",2,365,17,122,4,4.86,"f",2.13
11282,"10/05/2023","within an hour","f",21,"t","Fairfield",-33.8931063,150.9318477,"Entire home/apt",6,1.5,3,"$239.00",2,365,16,23,0,4.65,"f",1.48
8048,"18/03/2023","within an hour","f",1,"t","Sydney",-33.87383626,151.2211713,"Entire home/apt",4,1,2,"$225.00",5,60,16,65,0,4.75,"f",2.5
15247,"19/10/2015","within an hour","t",13,"t","Auburn",-33.84888354,151.0609549,"Entire home/apt",5,2,2,"$233.00",2,1125,8,14,0,5,"t",2.49
10695,"10/12/2023","within an hour","t",1,"t","Sydney",-33.87628,151.21249,"Entire home/apt",4,1,1,"$275.00",2,21,16,79,4,4.96,"f",4.33
14395,"27/05/2014","within an hour","t",61,"t","Sydney",-33.88346858,151.2116353,"Entire home/apt",1,NA,1,"",30,90,0,0,0,NA,"f",NA
13634,"8/07/2017","within an hour","",83,"t","Burwood",-33.8794129,151.0992451,"Private room",1,1,1,"$65.00",1,365,18,6,0,4.17,"t",0.76
7601,"10/09/2012","within an hour","f",6,"t","Woollahra",-33.87938813,151.2434278,"Private room",2,1,1,"$83.00",1,90,5,32,0,4.44,"t",1.06
8773,"6/05/2014","N/A","f",1,"t","Waverley",-33.89111395,151.2715187,"Private room",2,NA,NA,"",1,1125,0,22,0,5,"f",0.89
4105,"21/11/2018","within an hour","f",51,"t","Sydney",-33.85988,151.20211,"Entire home/apt",4,1,2,"$362.00",365,365,15,19,0,4.26,"t",0.45
11725,"1/07/2013","within an hour","t",1,"t","Hurstville",-33.96378,151.0961,"Entire home/apt",4,1,1,"$156.00",1,1125,28,16,1,4.94,"f",1.33
14045,"12/04/2019","within an hour","f",63,"t","Campbelltown",-33.9817881,150.9001443,"Private room",1,2.5,1,"$52.00",3,89,29,5,2,4,"f",0.89
14517,"10/06/2013","within an hour","t",3,"t","Leichhardt",-33.88365028,151.1499302,"Entire home/apt",4,2,2,"$260.00",20,365,1,2,0,5,"f",0.43
14349,"6/02/2012","N/A","f",1,"t","Sydney",-33.87817085,151.213236,"Entire home/apt",6,2.5,2,"$900.00",5,21,28,1,0,5,"f",0.15
13391,"24/10/2011","within an hour","t",75,"t","Manly",-33.80720913,151.2576137,"Entire home/apt",8,3,4,"$1,651.00",4,365,12,1,0,5,"f",0.52
11143,"27/05/2014","within an hour","t",61,"t","Sydney",-33.8755674,151.2290849,"Entire home/apt",4,NA,2,"",21,365,0,0,0,NA,"f",NA
9322,"28/02/2014","within an hour","t",8,"t","Waverley",-33.89061931,151.2826241,"Entire home/apt",2,1,1,"$117.00",1,1125,22,48,2,4.94,"t",2.15
13599,"4/06/2014","within a day","f",0,"t","Mosman",-33.81446152,151.2477262,"Entire home/apt",8,4,4,"$1,574.00",1,365,26,0,0,NA,"f",NA
4513,"18/12/2019","within an hour","t",25,"t","Sydney",-33.85889,151.20326,"Entire home/apt",8,2,3,"$290.00",1,365,9,194,5,4.81,"f",2.91
14076,"22/06/2017","N/A","f",1,"t","Randwick",-33.90788711,151.2346212,"Entire home/apt",4,NA,1,"",6,11,0,1,0,5,"f",0.19
12748,"16/06/2021","within an hour","f",57,"t","Ashfield",-33.88748,151.1211,"Entire home/apt",4,2,2,"$124.00",2,90,11,12,0,4.08,"f",1.14
7306,"23/10/2019","N/A","f",1,"t","Pittwater",-33.62736387,151.3160182,"Entire home/apt",6,4.5,5,"$1,536.00",90,365,29,0,0,NA,"f",NA
15732,"25/08/2019","within an hour","f",169,"t","Camden",-34.0330212,150.7760836,"Private room",2,2,1,"$44.00",1,89,22,7,0,4.29,"f",1.36
12344,"12/12/2023","within an hour","f",1,"f","Woollahra",-33.8905215,151.2486566,"Entire home/apt",2,1,1,"$129.00",3,20,3,41,4,4.93,"f",3.42
11662,"24/07/2015","within an hour","f",22,"t","Randwick",-33.9202967,151.2364055,"Private room",2,1,1,"$86.00",1,365,24,14,0,4.71,"f",0.98
15437,"25/08/2019","within an hour","f",169,"t","Sydney",-33.88387,151.20862,"Private room",1,1,1,"$75.00",1,89,26,11,0,3.73,"f",2.16
1827,"25/04/2017","N/A","f",1,"t","Rockdale",-33.97241,151.13832,"Entire home/apt",2,1,1,"$97.00",2,1125,0,162,0,4.98,"f",1.64
2571,"6/07/2018","within an hour","f",7,"t","Sydney",-33.88439,151.21022,"Hotel room",2,1,1,"$250.00",1,1125,26,25,0,4.44,"t",0.31
18074,"22/10/2018","within an hour","f",1,"t","Woollahra",-33.87231698,151.238478,"Private room",1,1,1,"$84.00",1,365,17,0,0,NA,"f",NA
15493,"18/09/2019","within an hour","f",11,"t","North Sydney",-33.8479531,151.2046142,"Entire home/apt",2,1,1,"$263.00",2,1125,24,10,2,5,"t",1.76
9503,"28/11/2013","N/A","f",1,"t","Sydney",-33.8661813,151.2255856,"Entire home/apt",4,NA,2,"",4,90,0,10,0,4.9,"f",0.52
14773,"27/10/2021","within an hour","f",1,"t","Ku-Ring-Gai",-33.7782682,151.1675907,"Entire home/apt",2,2,1,"$148.00",3,90,3,8,2,4.5,"t",2.2
17983,"17/08/2024","within an hour","f",5,"t","Botany Bay",-33.92033905,151.1849215,"Entire home/apt",4,1,1,"$224.00",2,365,1,0,0,NA,"t",NA
12558,"19/12/2018","within an hour","t",1,"t","Hunters Hill",-33.83151293,151.1311884,"Entire home/apt",6,2.5,3,"$273.00",1,365,2,39,2,4.95,"t",3.8
14492,"10/11/2024","within an hour","t",2,"t","Parramatta",-33.8462975,150.9955042,"Entire home/apt",6,1.5,3,"$204.00",1,365,0,8,0,4.63,"f",1.29
13856,"15/11/2017","within an hour","f",4,"t","Canterbury",-33.910219,151.117076,"Entire home/apt",8,2,3,"$192.00",1,80,4,19,1,4.74,"f",2.81
8940,"22/03/2023","within an hour","t",4,"t","Sydney",-33.86829,151.22712,"Entire home/apt",6,2,3,"$515.00",2,90,16,24,5,4.92,"t",1.36
4606,"18/03/2019","N/A","t",1,"t","Pittwater",-33.62696,151.32952,"Entire home/apt",2,1,0,"$194.00",1,1125,13,184,0,4.96,"t",3.1
2763,"29/11/2015","within an hour","t",1,"t","Pittwater",-33.62269,151.33824,"Entire home/apt",2,1,1,"$189.00",1,5,14,264,0,4.8,"f",3.27
7706,"16/07/2017","within an hour","t",3,"t","Hunters Hill",-33.82832,151.13981,"Entire home/apt",5,2,3,"$456.00",7,80,0,43,1,4.98,"f",1.7
2733,"4/02/2012","N/A","f",1,"t","Sydney",-33.88651,151.21537,"Entire home/apt",6,2,3,"$869.00",90,730,27,2,0,5,"f",0.03
3839,"7/07/2019","within a few hours","f",2,"t","Sydney",-33.87323,151.20491,"Private room",2,1,1,"$190.00",1,1125,26,49,0,3.78,"t",0.68
2890,"5/11/2018","N/A","f",1,"f","Willoughby",-33.79731,151.18691,"Private room",2,1,2,"$59.00",90,1125,29,0,0,NA,"f",NA
8191,"13/08/2018","within an hour","f",57,"t","Sydney",-33.87794,151.20575,"Entire home/apt",2,1,0,"$118.00",1,365,15,76,1,4.42,"f",2.79
1013,"23/05/2012","within a few hours","t",117,"t","Woollahra",-33.88096,151.22665,"Entire home/apt",3,2,2,"$196.00",5,89,0,26,0,4.77,"f",0.27
9038,"19/06/2023","within an hour","f",9,"t","Parramatta",-33.80797,151.00581,"Private room",3,1,1,"$250.00",1,365,27,31,0,4.58,"t",1.3
9942,"25/01/2016","within an hour","t",1,"t","Camden",-34.09038298,150.6947258,"Entire home/apt",6,2,2,"$225.00",1,1125,0,34,1,4.97,"f",1.89
10680,"2/08/2017","within an hour","",6,"t","Auburn",-33.82471,151.07872,"Entire home/apt",5,NA,2,"",3,365,0,15,0,5,"t",0.98
7255,"6/01/2016","within an hour","t",6,"t","Botany Bay",-33.9218162,151.1950366,"Private room",4,1.5,2,"$233.00",1,1125,27,59,0,4.88,"t",2.06
11437,"16/10/2021","within an hour","f",40,"t","Fairfield",-33.89422739,150.9030894,"Private room",2,1.5,1,"$44.00",1,365,28,7,1,3.71,"t",0.43
10982,"27/01/2024","within a few hours","t",1,"t","Camden",-34.02383486,150.7723878,"Entire home/apt",6,2,4,"$191.00",2,365,17,21,0,4.9,"f",1.36
17078,"14/07/2016","within an hour","f",39,"t","Sydney",-33.87102521,151.1939297,"Entire home/apt",8,1,3,"$344.00",2,365,12,7,3,4.86,"f",2.44
13993,"20/04/2022","within an hour","t",22,"t","North Sydney",-33.8464565,151.2104844,"Entire home/apt",6,2,2,"$333.00",2,365,8,4,0,5,"f",0.55
15973,"6/02/2025","within an hour","f",19,"t","Ryde",-33.7862841,151.1268374,"Private room",2,1,1,"$209.00",1,90,29,3,0,4.33,"t",0.95
6310,"20/02/2018","within an hour","f",55,"t","Mosman",-33.81651,151.2469,"Entire home/apt",12,NA,6,"",1,89,29,0,0,NA,"f",NA
14185,"28/10/2015","within a day","f",1,"t","Botany Bay",-33.94873,151.20694,"Entire home/apt",8,1.5,4,"$401.00",3,365,18,0,0,NA,"f",NA
4584,"10/06/2020","within an hour","f",4,"t","Sydney",-33.8824,151.20459,"Private room",2,1,1,"$216.00",1,31,29,41,0,4.73,"t",0.8
7140,"11/06/2013","within a day","f",1,"t","Warringah",-33.75336,151.21254,"Entire home/apt",11,3,6,"$955.00",5,22,29,4,0,5,"f",0.13
10746,"11/01/2020","within an hour","t",45,"t","Canada Bay",-33.83048957,151.0866737,"Entire home/apt",7,2.5,3,"$537.00",90,365,16,3,0,5,"f",0.17
15899,"25/08/2018","within an hour","f",6,"f","Canterbury",-33.9489254,151.0558558,"Private room",1,1,1,"$75.00",1,365,16,0,0,NA,"t",NA
4220,"26/04/2014","within an hour","t",15,"t","Waverley",-33.88954,151.26468,"Entire home/apt",8,2,4,"$527.00",3,1125,20,95,3,4.81,"f",1.42
1637,"13/05/2014","within an hour","f",55,"t","Sydney",-33.86977,151.20357,"Entire home/apt",6,2.5,3,"$392.00",90,1124,28,30,0,4.67,"f",0.29
9416,"13/06/2015","within an hour","",8,"t","Randwick",-33.92620889,151.233917,"Private room",1,1.5,1,"$86.00",2,365,8,13,3,4.92,"f",0.6
10545,"24/10/2011","within an hour","t",75,"t","Manly",-33.79870775,151.2829767,"Entire home/apt",2,1,1,"$250.00",3,365,10,38,3,4.92,"t",2.12
2754,"4/10/2016","within an hour","f",1,"t","Strathfield",-33.86143494,151.0619812,"Private room",1,NA,NA,"",10,730,0,12,0,4.67,"t",0.15
6035,"25/12/2012","within a few hours","f",2,"t","Manly",-33.79631,151.28649,"Entire home/apt",4,1,2,"$300.00",4,40,17,22,0,4.77,"f",0.71
473,"30/04/2015","N/A","f",1,"t","Woollahra",-33.88763,151.25933,"Entire home/apt",5,1,2,"$315.00",90,365,28,1,0,5,"f",0.01
2532,"2/10/2018","N/A","f",1,"t","Sutherland Shire",-34.05528,151.15045,"Entire home/apt",4,1,1,"$125.00",90,180,29,27,0,4.63,"t",0.33
4365,"20/06/2019","N/A","f",53,"t","Sydney",-33.85801,151.20168,"Entire home/apt",4,1.5,2,"$234.00",3,90,3,135,0,4.65,"t",2.4
17681,"4/01/2019","within an hour","f",3,"t","Waverley",-33.88688006,151.2747712,"Entire home/apt",6,1,3,"$371.00",2,1125,22,0,0,NA,"t",NA
11730,"19/10/2019","within a day","f",1,"t","Camden",-34.06632746,150.7174818,"Entire home/apt",8,3,4,"$378.00",90,365,22,43,0,4.86,"f",3.44
14762,"23/11/2024","within an hour","t",10,"t","Penrith",-33.80143,150.68773,"Entire home/apt",8,NA,4,"",5,365,28,0,0,NA,"t",NA
17579,"9/08/2022","within a few hours","f",40,"t","Ryde",-33.79541,151.13736,"Entire home/apt",4,2,2,"$147.00",1,365,12,0,0,NA,"f",NA
6501,"17/07/2019","within an hour","t",4,"t","Sydney",-33.8908541,151.2151561,"Entire home/apt",5,1,2,"$227.00",2,1125,8,85,1,4.71,"t",2.49
5692,"2/08/2015","within an hour","f",2,"t","Hornsby",-33.71289256,151.1020695,"Private room",2,1,1,"$110.00",2,365,29,10,0,4.5,"f",0.37
4035,"22/11/2019","within a few hours","t",1,"t","Bankstown",-33.90908,151.00028,"Entire home/apt",6,2,3,"$163.00",1,1125,24,192,0,4.87,"f",2.9
1354,"8/11/2015","a few days or more","f",8,"t","Sydney",-33.87338,151.22276,"Entire home/apt",6,2,3,"$447.00",90,1125,29,4,0,4,"f",0.04
11804,"18/02/2016","within an hour","f",2,"t","Auburn",-33.85832205,151.051504,"Private room",1,1,1,"$67.00",1,1,28,7,0,4.86,"f",0.68
7761,"20/05/2015","within an hour","f",11,"t","Leichhardt",-33.88659942,151.1725593,"Private room",2,1,1,"$95.00",2,365,16,81,0,4.63,"t",2.87
4222,"21/02/2020","within an hour","t",4,"t","North Sydney",-33.84152,151.20853,"Private room",3,1,1,"$216.00",1,1125,28,582,0,4.63,"t",9.33
11473,"27/11/2016","within an hour","f",7,"t","Willoughby",-33.7950655,151.1846107,"Entire home/apt",4,2,2,"$195.00",2,365,7,27,3,4.78,"t",1.81
14680,"27/03/2014","within a day","f",1,"t","Waverley",-33.88997072,151.2756737,"Entire home/apt",2,1,1,"$320.00",3,365,0,1,0,5,"t",0.18
13261,"15/12/2019","within an hour","f",2,"t","Holroyd",-33.81447,150.97944,"Private room",1,1,1,"$46.00",2,100,27,20,1,4.7,"f",1.98
1516,"12/03/2012","within an hour","f",1,"t","Warringah",-33.71078,151.30142,"Entire home/apt",7,3,4,"$1,153.00",4,14,15,1,0,5,"f",0.12
9650,"5/12/2022","within an hour","f",4,"t","Penrith",-33.723031,150.7244092,"Entire home/apt",6,2,3,"$191.00",2,365,0,42,0,4.55,"f",2.2
7018,"8/10/2020","N/A","f",1,"t","Lane Cove",-33.82138,151.14984,"Private room",2,1.5,1,"$260.00",3,30,27,0,0,NA,"f",NA
13996,"12/04/2019","within an hour","f",63,"t","Bankstown",-33.9459032,151.011659,"Private room",2,1,1,"$63.00",1,89,20,7,1,4.86,"f",1.14
2866,"8/08/2016","within an hour","t",16,"t","Sydney",-33.85868,151.20638,"Entire home/apt",4,1,2,"$314.00",5,90,4,122,3,4.81,"f",1.53
120,"6/02/2013","within a few hours","f",4,"t","North Sydney",-33.83102,151.21537,"Entire home/apt",2,NA,1,"",5,89,29,22,0,4.41,"f",0.21
16879,"13/01/2025","N/A","f",57,"t","Sydney",-33.8706252,151.1978718,"Entire home/apt",5,2,2,"$164.00",1,365,5,4,2,5,"f",1.94
11306,"13/08/2019","within an hour","",37,"t","Waverley",-33.8973958,151.2741638,"Entire home/apt",2,NA,1,"",3,30,0,6,0,5,"t",0.46
12515,"10/07/2017","within an hour","f",4,"t","Canada Bay",-33.84922754,151.0852882,"Entire home/apt",1,NA,1,"",4,365,3,17,0,4.47,"t",1.62
16412,"23/11/2022","N/A","f",3,"t","Rockdale",-33.98847021,151.1429841,"Entire home/apt",8,1.5,4,"$375.00",1,365,0,0,0,NA,"f",NA
2905,"20/02/2018","within an hour","t",2,"t","Leichhardt",-33.85906,151.19642,"Entire home/apt",8,3.5,4,"$1,300.00",5,1125,17,136,0,4.99,"f",1.69
9167,"10/09/2017","within an hour","t",3,"t","Woollahra",-33.88629452,151.2421858,"Entire home/apt",4,1,2,"$375.00",2,365,6,41,1,4.9,"t",2.18
8888,"10/02/2014","within an hour","f",1,"t","Hurstville",-33.96485,151.09588,"Entire home/apt",2,1,1,"$94.00",2,125,10,68,4,4.76,"f",2.87
6189,"21/02/2017","within a few hours","t",1,"t","Sydney",-33.88314,151.19369,"Entire home/apt",2,1,1,"$194.00",1,365,8,220,6,4.83,"f",5.94
1080,"22/10/2015","N/A","f",1,"t","Waverley",-33.88249,151.27597,"Entire home/apt",8,3,4,"$1,257.00",7,14,22,5,0,5,"f",0.12
3552,"15/12/2018","within an hour","f",2,"t","Blacktown",-33.72444,150.86324,"Private room",1,1,1,"$65.00",1,90,1,222,4,4.92,"f",3.24
12315,"25/06/2024","N/A","f",2,"t","Waverley",-33.89643,151.26246,"Entire home/apt",3,NA,1,"",2,30,0,4,0,5,"f",0.55
2714,"23/05/2012","within a few hours","t",117,"t","Waverley",-33.8928566,151.2630005,"Entire home/apt",2,1,1,"$177.00",5,89,29,13,0,4.69,"f",0.18
11740,"6/11/2016","within an hour","f",35,"t","Penrith",-33.76142,150.70724,"Entire home/apt",8,3,4,"$271.00",3,365,21,11,1,4.64,"f",0.88
7144,"11/01/2015","within an hour","t",1,"f","Sydney",-33.89726,151.18021,"Entire home/apt",4,1,2,"$266.00",2,1125,20,43,0,4.72,"t",1.41
16860,"23/09/2013","within an hour","f",3,"t","Waverley",-33.88886,151.27458,"Entire home/apt",7,3,4,"$666.00",2,90,19,0,0,NA,"f",NA
1214,"10/10/2016","N/A","f",3,"t","Strathfield",-33.87087,151.0908,"Private room",2,1,1,"$88.00",90,1125,28,10,0,4.3,"t",0.1
9891,"6/08/2013","N/A","f",3,"f","Auburn",-33.8474235,151.0730663,"Entire home/apt",3,1,1,"$207.00",2,21,8,58,3,4.81,"t",3.26
16753,"11/11/2013","within an hour","t",10,"t","North Sydney",-33.8486,151.21679,"Entire home/apt",4,1,1,"$169.00",1,365,8,23,8,4.96,"t",9.2
10310,"7/10/2017","N/A","f",1,"t","Randwick",-33.9071,151.25599,"Entire home/apt",2,NA,1,"",90,365,0,7,0,5,"f",0.37
17442,"10/09/2014","within an hour","f",2,"t","Auburn",-33.8249949,151.0787168,"Entire home/apt",6,2,3,"$249.00",2,365,12,1,1,5,"t",1
9041,"24/10/2014","N/A","f",1,"t","Warringah",-33.7749111,151.2839122,"Entire home/apt",8,2,4,"$451.00",3,365,0,0,0,NA,"f",NA
12873,"27/11/2020","within a few hours","t",4,"t","Waverley",-33.8914408,151.2671554,"Entire home/apt",7,2,4,"$914.00",4,365,23,12,1,4.92,"f",2.16
3340,"18/12/2015","within an hour","f",8,"t","Sydney",-33.89165,151.19761,"Private room",2,2,1,"$83.00",2,14,29,125,0,4.47,"f",1.63
11706,"8/04/2019","N/A","f",1,"t","Warringah",-33.75364637,151.2884504,"Entire home/apt",2,1,1,"$162.00",90,365,0,0,0,NA,"f",NA
8123,"18/02/2015","within an hour","f",2,"t","Randwick",-33.92108929,151.2551955,"Entire home/apt",1,2,1,"$105.00",10,42,27,4,0,4.75,"f",0.25
451,"14/05/2013","within an hour","t",1,"t","Pittwater",-33.63822,151.30944,"Entire home/apt",2,1,1,"$458.00",2,14,18,489,3,4.83,"f",3.38
2024,"7/04/2015","within an hour","t",1,"t","Hornsby",-33.74096,151.05057,"Entire home/apt",2,1,1,"$119.00",2,1125,7,241,3,4.98,"t",2.51
6577,"23/05/2012","within a few hours","t",117,"t","Woollahra",-33.87296457,151.2468282,"Entire home/apt",6,2,3,"$510.00",5,89,17,2,0,5,"f",0.06
3950,"19/12/2014","within an hour","t",1,"t","Pittwater",-33.60909,151.32779,"Entire home/apt",2,1,0,"$222.00",1,2,9,132,0,4.98,"f",1.98
1966,"21/03/2015","within an hour","t",5,"t","Sydney",-33.89594,151.18189,"Private room",3,1,1,"$80.00",90,1125,29,259,0,4.55,"f",2.65
11938,"26/03/2013","N/A","f",1,"f","Woollahra",-33.87223728,151.2354428,"Private room",1,0.5,1,"$392.00",1,30,28,0,0,NA,"f",NA
8296,"2/09/2013","within an hour","f",2,"t","Manly",-33.80128,151.28828,"Entire home/apt",2,1,1,"$200.00",2,365,15,75,3,4.8,"f",3.08
14250,"28/05/2012","within an hour","t",4,"t","Penrith",-33.78240414,150.7775842,"Entire home/apt",6,1.5,3,"$300.00",21,90,28,0,0,NA,"f",NA
10079,"22/09/2016","within an hour","t",3,"t","Woollahra",-33.88699372,151.2442353,"Entire home/apt",8,3,4,"$568.00",2,365,14,54,2,4.93,"f",3.03
10055,"12/12/2023","N/A","f",7,"t","Randwick",-33.91819779,151.2577744,"Entire home/apt",2,1,1,"$202.00",2,206,9,35,1,4.71,"f",1.84
16288,"5/05/2022","within an hour","f",6,"t","City Of Kogarah",-33.95955875,151.1363163,"Entire home/apt",6,2,3,"$274.00",3,365,10,3,1,4,"f",1.13
7160,"9/04/2016","within an hour","f",2,"t","Woollahra",-33.88124,151.23161,"Entire home/apt",9,1.5,4,"$288.00",2,1125,13,61,1,4.52,"f",1.98
16077,"20/09/2022","within an hour","f",39,"t","Hornsby",-33.70662,151.10785,"Entire home/apt",5,2,2,"$161.00",3,365,18,8,2,4.75,"f",1.9
1130,"23/12/2011","within an hour","t",2,"t","Sydney",-33.88664,151.21043,"Entire home/apt",3,1,1,"$240.00",4,30,0,121,0,4.89,"f",1.13
15951,"25/04/2016","within an hour","f",88,"t","Hornsby",-33.67406576,151.1144814,"Entire home/apt",10,1.5,4,"$284.00",2,365,15,5,2,4.2,"f",2.05
2192,"15/10/2016","within an hour","t",3,"t","Waverley",-33.89225,151.27154,"Entire home/apt",6,1,2,"$145.00",3,730,12,173,0,4.65,"f",1.93
2574,"4/06/2018","within an hour","t",5,"t","Waverley",-33.89262,151.25913,"Hotel room",2,1,1,"$215.00",1,365,29,57,0,4.79,"t",0.7
15106,"14/03/2024","within an hour","f",7,"t","Sydney",-33.90348,151.18117,"Entire home/apt",6,NA,3,"",2,30,0,19,1,4.95,"t",2.94
15867,"26/08/2024","within an hour","f",5,"t","Willoughby",-33.7963132,151.1798881,"Entire home/apt",4,1,0,"$112.00",1,365,6,0,0,NA,"t",NA
3323,"4/11/2015","within a day","f",1,"t","Manly",-33.79612,151.24114,"Entire home/apt",8,2,4,"$949.00",5,42,11,0,0,NA,"f",NA
7582,"31/07/2015","a few days or more","f",1,"t","Marrickville",-33.91386,151.17588,"Private room",2,1.5,1,"$84.00",3,1125,1,79,0,4.7,"f",2.7
9735,"23/05/2012","within a few hours","t",117,"t","Sydney",-33.9008354,151.2047347,"Entire home/apt",4,2,2,"$314.00",5,89,12,11,1,4.91,"f",0.54
10718,"26/11/2023","within a few hours","t",1,"t","Randwick",-33.96491663,151.250401,"Entire home/apt",4,1,2,"$207.00",7,365,4,24,1,4.92,"f",1.41
10990,"4/01/2019","within an hour","f",17,"t","Holroyd",-33.8227812,150.9907198,"Private room",2,1,1,"$59.00",2,90,25,17,0,4.41,"t",0.98
1356,"9/06/2014","within an hour","t",2,"t","Manly",-33.79036,151.2785,"Entire home/apt",3,1,1,"$148.00",3,365,8,130,2,4.95,"t",1.26
924,"30/11/2015","within an hour","f",3,"t","Randwick",-33.90484,151.24964,"Private room",1,1,1,"$57.00",1,1125,12,259,0,4.73,"f",2.25
9465,"11/02/2020","within a few hours","t",2,"t","Pittwater",-33.7064516,151.295388,"Entire home/apt",10,3,4,"$1,675.00",7,365,1,5,0,5,"f",0.28
1373,"19/12/2016","N/A","f",1,"f","Randwick",-33.94513,151.25561,"Private room",1,1,1,"$210.00",90,1125,29,0,0,NA,"t",NA
6418,"13/01/2025","N/A","f",57,"t","Sydney",-33.87848,151.21596,"Entire home/apt",9,1.5,3,"$220.00",1,365,13,151,2,4.68,"f",4.25
5521,"24/02/2013","within an hour","t",92,"t","Hornsby",-33.77807,151.05547,"Entire home/apt",6,2,2,"$126.00",5,365,14,54,1,4.57,"t",1.36
565,"18/10/2014","N/A","f",2,"t","Warringah",-33.75837,151.24892,"Entire home/apt",10,2,5,"$3,743.00",90,1125,22,2,0,4.5,"f",0.02
11206,"12/02/2016","within an hour","t",21,"t","Pittwater",-33.674747,151.3138446,"Entire home/apt",13,5,5,"$1,499.00",7,21,0,0,0,NA,"f",NA
6867,"30/06/2018","within an hour","t",1,"t","Sydney",-33.87693,151.21959,"Entire home/apt",2,1,1,"$159.00",4,1125,2,30,1,4.87,"f",1.01
8501,"6/01/2015","within an hour","f",27,"t","Sydney",-33.90124,151.2107,"Entire home/apt",4,1,1,"$129.00",2,10,19,97,1,4.7,"f",4.15
1381,"27/08/2015","N/A","f",1,"t","North Sydney",-33.81798,151.21088,"Entire home/apt",5,2,3,"$450.00",90,1125,29,8,0,4.63,"t",0.08
8064,"2/05/2015","N/A","f",1,"t","Leichhardt",-33.87949949,151.1645777,"Entire home/apt",6,NA,3,"",2,365,0,8,0,4.88,"f",0.3
5568,"14/06/2020","within a few hours","f",1,"t","Warringah",-33.754223,151.296127,"Entire home/apt",5,2,2,"$626.00",4,60,28,20,0,4.9,"f",0.48
10667,"18/02/2013","within a few hours","t",1,"t","Randwick",-33.9131874,151.2372294,"Entire home/apt",2,1,1,"$222.00",2,183,2,14,1,5,"f",0.85
7801,"28/05/2015","within a day","f",19,"t","Marrickville",-33.89620175,151.1689701,"Entire home/apt",4,1,1,"$175.00",2,28,20,48,0,4.85,"f",1.86
7663,"12/03/2014","within an hour","t",1,"t","Woollahra",-33.88022396,151.2237395,"Entire home/apt",2,1,0,"$180.00",2,1125,14,32,0,4.91,"f",1.13
15945,"12/04/2017","within an hour","f",14,"t","Sydney",-33.8825769,151.1959472,"Private room",3,1,1,"$210.00",1,90,29,0,0,NA,"t",NA
13168,"19/06/2023","within an hour","t",5,"t","Willoughby",-33.80115343,151.1773333,"Entire home/apt",8,NA,2,"",60,365,0,1,0,5,"f",0.13
7397,"10/09/2012","within an hour","f",6,"t","Woollahra",-33.87936,151.24227,"Private room",2,3,1,"$93.00",2,90,16,52,0,4.54,"t",1.76
17080,"30/06/2017","N/A","f",1,"t","Sydney",-33.8716578,151.225772,"Entire home/apt",2,1,0,"$329.00",1,7,26,0,0,NA,"f",NA
16104,"8/10/2020","within an hour","f",29,"t","Pittwater",-33.6537457,151.2852734,"Entire home/apt",11,3,5,"$2,500.00",7,1125,0,0,0,NA,"f",NA
6022,"27/06/2018","within a few hours","t",2,"t","North Sydney",-33.83773,151.21195,"Entire home/apt",6,1.5,3,"$468.00",2,15,17,145,1,4.94,"f",4.01
6096,"19/04/2022","within an hour","t",1,"t","The Hills Shire",-33.759647,151.035294,"Entire home/apt",2,1,1,"$102.00",2,1125,13,127,4,4.93,"t",3.31
241,"18/09/2013","within a few hours","t",1,"t","Pittwater",-33.5942,151.30144,"Entire home/apt",4,1,2,"$836.00",2,30,24,268,1,4.99,"f",2.16
15191,"30/11/2024","within an hour","f",10,"t","Sutherland Shire",-34.03907321,151.1207609,"Entire home/apt",2,NA,1,"",3,365,0,1,0,4,"f",0.3
3199,"30/08/2020","N/A","f",1,"t","Parramatta",-33.77427,151.06707,"Entire home/apt",4,NA,2,"",90,1125,0,83,0,4.84,"f",1.1
3655,"23/04/2018","N/A","f",46,"t","Randwick",-33.92124,151.22825,"Entire home/apt",6,1.5,2,"$168.00",2,90,0,84,0,4.4,"f",1.21
9398,"12/03/2015","within an hour","t",1,"t","Penrith",-33.78458,150.66349,"Entire home/apt",8,NA,4,"",2,365,0,4,0,5,"f",0.24
10696,"12/12/2013","N/A","f",1,"t","North Sydney",-33.83359654,151.2224215,"Entire home/apt",2,NA,1,"",2,365,0,15,0,4.8,"f",0.83
9713,"20/05/2017","within a day","t",3,"t","The Hills Shire",-33.63292,150.89914,"Private room",2,1,1,"$81.00",2,365,22,11,0,5,"f",0.59
11922,"4/03/2024","within an hour","t",2,"t","Pittwater",-33.6600724,151.3157158,"Entire home/apt",2,1,1,"$102.00",2,1125,5,24,4,5,"f",2.36
8094,"7/03/2016","N/A","f",1,"t","Sutherland Shire",-34.0585143,151.1522539,"Entire home/apt",2,1,1,"$144.00",90,365,0,16,0,4.88,"f",0.59
459,"24/07/2012","within a few hours","t",126,"t","Pittwater",-33.60659,151.33184,"Entire home/apt",6,1,3,"$1,056.00",1,1125,29,15,0,4.93,"f",0.15
5445,"13/11/2014","within a day","t",82,"t","Pittwater",-33.60201,151.32869,"Entire home/apt",12,4,6,"$3,296.00",1,1125,28,0,0,NA,"f",NA
8688,"20/09/2016","within an hour","t",6,"t","Campbelltown",-33.97718,150.86187,"Private room",2,1,1,"$74.00",1,365,29,31,0,4.81,"t",1.31
15546,"23/07/2023","within an hour","f",10,"t","Sydney",-33.8889709,151.1830638,"Entire home/apt",4,1,1,"$199.00",2,45,17,7,1,4.86,"t",2.02
12826,"19/02/2015","within an hour","f",2,"t","Waverley",-33.89087,151.28284,"Entire home/apt",2,1,2,"$209.00",5,365,11,6,0,5,"f",0.61
12523,"6/08/2014","within an hour","t",1,"t","Sydney",-33.87796822,151.2084934,"Entire home/apt",2,1,1,"$186.00",2,365,14,17,0,5,"f",1.48
5077,"6/04/2016","within an hour","t",1,"t","Warringah",-33.7828,151.27953,"Entire home/apt",4,1,2,"$176.00",3,730,12,130,2,4.89,"f",2.46
10886,"25/08/2019","within an hour","f",169,"t","Auburn",-33.8722782,151.0342427,"Private room",2,2.5,1,"$53.00",2,365,21,8,0,4,"f",0.48
12132,"22/12/2016","within an hour","f",120,"t","Woollahra",-33.88853066,151.2478071,"Entire home/apt",4,1,2,"$245.00",3,365,19,24,0,4.67,"f",1.99
11261,"5/03/2016","within an hour","f",3,"t","Camden",-33.96366121,150.8004126,"Private room",2,1,1,"$52.00",1,365,28,19,1,4.84,"f",1.21
3589,"27/05/2014","within an hour","t",61,"t","Woollahra",-33.87616,151.23979,"Entire home/apt",2,1,1,"$272.00",5,90,27,5,0,4.2,"f",0.08
8209,"26/03/2023","within an hour","t",1,"t","Auburn",-33.85695689,151.057739,"Entire home/apt",2,1,1,"$131.00",1,365,18,163,4,4.92,"f",6.07
1404,"3/06/2015","within an hour","t",1,"t","Pittwater",-33.63573,151.31402,"Entire home/apt",3,1,2,"$204.00",1,600,25,586,1,4.96,"t",5.55
12368,"18/07/2011","within a few hours","f",1,"t","Randwick",-33.92462339,151.2492699,"Entire home/apt",6,3.5,3,"$550.00",10,14,10,6,0,5,"f",0.71
2211,"20/04/2016","within an hour","t",1,"t","Canada Bay",-33.85845,151.10793,"Entire home/apt",11,2,5,"$380.00",3,365,19,34,1,5,"t",1.39
13840,"2/02/2023","within an hour","t",2,"t","Waverley",-33.89307627,151.2727143,"Entire home/apt",5,1,2,"$287.00",3,365,28,11,0,4.91,"f",1.29
15853,"15/10/2024","within a few hours","f",34,"t","Sydney",-33.91573999,151.2086584,"Entire home/apt",4,2,2,"$164.00",90,365,27,0,0,NA,"t",NA
12836,"10/05/2023","within an hour","f",21,"t","Fairfield",-33.8922271,150.9262709,"Entire home/apt",6,1,3,"$136.00",2,365,20,7,0,4.86,"f",0.75
488,"10/05/2015","within an hour","t",1,"t","North Sydney",-33.83251,151.19332,"Private room",2,1,1,"$384.00",1,5,29,313,3,4.86,"t",2.57
2449,"5/02/2015","within an hour","t",19,"t","Sydney",-33.87981,151.21178,"Entire home/apt",16,3,5,"$720.00",4,200,3,129,0,4.7,"f",1.52
16735,"1/10/2012","within an hour","f",45,"t","Sydney",-33.8883364,151.1787661,"Entire home/apt",4,1,2,"$222.00",2,90,22,7,3,4.57,"t",2.53
2948,"11/03/2018","within an hour","t",9,"t","Botany Bay",-33.93026,151.18853,"Private room",2,1,1,"$143.00",1,730,29,224,0,4.77,"f",2.85
3322,"18/12/2015","within an hour","f",8,"t","Sydney",-33.89046,151.1976,"Private room",2,2,1,"$79.00",2,14,29,125,1,4.58,"f",1.63
16269,"13/05/2012","N/A","f",1,"t","Waverley",-33.88881,151.2629,"Entire home/apt",2,1,2,"$228.00",180,180,29,0,0,NA,"t",NA
7958,"11/10/2019","within an hour","f",138,"t","Ku-Ring-Gai",-33.78608,151.18112,"Entire home/apt",4,2,2,"$204.00",2,1125,0,12,0,4.75,"f",0.45
6236,"19/08/2017","within an hour","f",1,"t","Manly",-33.802612,151.289154,"Entire home/apt",3,NA,1,"",2,10,0,13,0,4.77,"f",0.33
16864,"24/07/2019","N/A","f",912,"t","Sydney",-33.8905526,151.2134503,"Entire home/apt",2,1,1,"$169.00",3,365,0,2,1,4.5,"t",1.54
7630,"27/05/2014","within an hour","t",61,"t","Waverley",-33.89549139,151.2721845,"Entire home/apt",2,1,1,"$361.00",5,90,0,8,0,4.38,"f",0.28
3594,"23/04/2018","N/A","f",46,"t","Sydney",-33.87288,151.20305,"Entire home/apt",6,2,3,"$324.00",3,90,17,153,3,4.75,"t",2.22
6423,"21/10/2015","within an hour","f",1,"t","Pittwater",-33.6486,151.32544,"Entire home/apt",8,2.5,4,"$1,591.00",2,365,0,14,0,4.93,"f",0.37
13716,"1/08/2012","within an hour","f",1,"t","Hornsby",-33.63640163,151.0341007,"Entire home/apt",4,1,2,"$213.00",2,60,19,6,1,5,"f",0.82
2823,"27/05/2014","within an hour","t",61,"t","Sydney",-33.89032,151.21163,"Entire home/apt",4,2,2,"$265.00",5,90,29,20,0,4.75,"f",0.31
7440,"26/10/2022","within an hour","f",6,"t","Sydney",-33.87599,151.2206,"Entire home/apt",5,1,2,"$254.00",2,28,2,133,5,4.79,"t",4.36
15299,"21/10/2022","within an hour","f",60,"t","Penrith",-33.7790971,150.7858479,"Entire home/apt",4,1,2,"$135.00",2,365,4,7,1,4.43,"f",1.19
12376,"4/08/2013","within an hour","t",68,"t","Randwick",-33.94748,151.24634,"Entire home/apt",12,2.5,4,"$464.00",28,365,29,1,0,5,"f",0.48
9175,"2/04/2015","N/A","f",1,"t","Warringah",-33.7783651,151.2789013,"Entire home/apt",2,1,2,"$250.00",2,365,0,1,0,5,"t",0.11
843,"13/04/2014","within a day","f",4,"t","Warringah",-33.77097,151.27869,"Private room",2,1,1,"$222.00",90,1125,0,1,0,5,"f",0.01
12964,"17/12/2022","within an hour","f",4,"t","Parramatta",-33.79674,151.05372,"Private room",1,2,1,"$54.00",2,90,19,31,3,4.48,"f",2.92
1169,"28/02/2016","N/A","f",1,"t","Parramatta",-33.81613,151.01127,"Private room",1,1,1,"$285.00",90,1125,29,0,0,NA,"f",NA
4879,"21/11/2020","within an hour","f",5,"t","Willoughby",-33.79065,151.17931,"Private room",2,3,1,"$52.00",5,1125,13,12,1,4.33,"t",0.24
3640,"1/01/2015","within an hour","t",2,"t","Warringah",-33.7594,151.27128,"Private room",1,1,1,"$58.00",3,30,0,121,0,4.87,"t",1.68
5315,"26/05/2016","N/A","f",1,"t","Sydney",-33.89498,151.19844,"Entire home/apt",2,1,1,"$180.00",2,1125,0,14,0,4.93,"t",0.35
7402,"22/05/2018","N/A","f",1,"t","Waverley",-33.89104,151.26228,"Private room",1,NA,NA,"",90,365,27,8,0,4.88,"f",0.26
10829,"1/10/2012","within an hour","f",45,"t","Sydney",-33.87651,151.2154,"Entire home/apt",4,1,2,"$207.00",2,90,10,39,2,4.67,"t",2.36
10480,"15/08/2014","within a day","f",1,"t","Waverley",-33.85795984,151.2841718,"Entire home/apt",2,1,1,"$405.00",4,50,0,5,0,4.8,"f",0.28
4999,"29/09/2020","within an hour","f",18,"t","Hornsby",-33.70681,151.09596,"Entire home/apt",6,2.5,3,"$855.00",3,1125,29,20,0,4.2,"t",0.36
11942,"18/04/2024","within an hour","f",4,"t","Penrith",-33.72479877,150.7248706,"Private room",2,1.5,1,"$48.00",1,365,0,16,1,4.75,"f",1.17
11240,"3/10/2017","within an hour","f",4,"t","Willoughby",-33.79621178,151.1841238,"Entire home/apt",2,1,0,"$128.00",1,365,13,33,1,4.76,"f",2.23
4167,"23/06/2018","within an hour","t",1,"t","Manly",-33.79214,151.28519,"Entire home/apt",8,2,4,"$525.00",5,60,8,84,1,4.98,"f",1.27
7785,"11/12/2013","N/A","f",1,"t","Warringah",-33.7789048,151.2760542,"Entire home/apt",4,1,2,"$320.00",12,365,26,1,0,5,"f",0.06
5002,"30/06/2020","within an hour","t",24,"t","Parramatta",-33.8203,151.00498,"Private room",2,NA,NA,"",5,365,0,47,0,4.89,"f",0.87
8046,"17/02/2019","N/A","f",1,"t","Manly",-33.78330659,151.242481,"Entire home/apt",8,2,4,"$563.00",5,365,5,5,0,5,"f",0.28
13461,"20/12/2017","N/A","f",1,"t","Warringah",-33.74511185,151.2457493,"Entire home/apt",7,NA,4,"",3,28,0,2,0,5,"t",0.35
17208,"25/08/2019","within an hour","f",169,"t","City Of Kogarah",-33.9855381,151.1318194,"Private room",2,3,1,"$51.00",4,365,26,1,0,1,"f",0.67
7855,"22/12/2016","within an hour","f",120,"t","North Sydney",-33.8361614,151.2049396,"Entire home/apt",4,2,2,"$273.00",4,365,21,78,3,4.74,"f",4.93
10758,"28/06/2019","within an hour","f",3,"t","Liverpool",-33.90899685,150.926289,"Entire home/apt",4,1,2,"$142.00",1,365,20,41,1,4.88,"f",2.34
5452,"28/09/2021","within an hour","t",11,"t","Waverley",-33.891457,151.245239,"Entire home/apt",4,1,1,"$160.00",3,90,6,129,3,4.64,"f",2.95
2435,"13/05/2014","within an hour","f",55,"t","Sydney",-33.88115,151.20354,"Entire home/apt",2,1,1,"$237.00",90,1124,28,2,0,5,"f",0.02
13835,"12/04/2019","within an hour","f",63,"t","Ku-Ring-Gai",-33.7441908,151.1318771,"Private room",2,1,1,"$47.00",90,365,24,3,0,4,"f",0.42
9613,"14/04/2017","within an hour","f",12,"f","Marrickville",-33.9138122,151.1613262,"Entire home/apt",3,1,1,"$120.00",1,365,21,2,2,5,"t",2
10361,"28/11/2023","N/A","f",1,"t","Botany Bay",-33.92534,151.21326,"Entire home/apt",4,NA,2,"",6,15,0,4,0,4.75,"f",0.24
16265,"24/07/2019","N/A","f",912,"t","Waverley",-33.892493,151.2831738,"Entire home/apt",2,1,1,"$195.00",3,365,18,1,0,5,"t",0.48
1861,"7/07/2012","N/A","f",1,"t","Warringah",-33.7707061,151.2778087,"Entire home/apt",9,3,5,"$1,200.00",12,730,7,3,0,5,"f",0.17
11191,"1/11/2014","N/A","f",1,"t","Sutherland Shire",-34.01095,151.20587,"Entire home/apt",5,NA,2,"",90,365,0,1,0,5,"f",0.18
14787,"24/01/2021","within a few hours","t",2,"t","Sydney",-33.88586811,151.1979919,"Entire home/apt",2,1,1,"$399.00",2,365,29,12,0,5,"f",2.11
7029,"27/08/2014","within an hour","f",3,"t","Pittwater",-33.63807,151.29452,"Private room",2,1,1,"$256.00",2,365,22,6,0,5,"t",0.19
6195,"19/10/2017","within a few hours","f",2,"t","Liverpool",-33.96692,150.82049,"Private room",1,1.5,1,"$56.00",2,30,21,42,0,4.83,"f",1.11
12437,"22/03/2018","N/A","f",1,"t","Marrickville",-33.89595,151.16795,"Entire home/apt",2,1,1,"$208.00",28,90,29,1,0,5,"f",0.1
6958,"19/07/2014","within a few hours","f",1,"t","Randwick",-33.92351,151.25591,"Entire home/apt",2,1,1,"$234.00",2,5,28,13,1,4.62,"f",0.39
9533,"1/10/2012","within an hour","f",45,"t","Sydney",-33.8643,151.2077,"Entire home/apt",2,1,1,"$199.00",2,90,9,64,2,4.92,"t",3.06
6356,"12/03/2016","within an hour","t",6,"t","Sutherland Shire",-34.00997,151.11483,"Entire home/apt",4,1,1,"$299.00",1,1125,25,102,2,4.81,"t",2.58
2957,"4/09/2018","N/A","f",1,"t","Parramatta",-33.81661,151.01065,"Private room",1,1,1,"$76.00",90,1125,22,0,0,NA,"f",NA
17096,"27/01/2024","within an hour","f",3,"t","Liverpool",-33.916106,150.9279058,"Entire home/apt",3,NA,1,"",2,365,25,2,0,2.5,"t",1.03
6265,"14/05/2012","N/A","f",1,"t","Randwick",-33.9197197,151.2507324,"Entire home/apt",3,NA,2,"",90,120,0,11,0,5,"f",0.33
9889,"30/12/2014","within a day","f",1,"t","The Hills Shire",-33.65933325,150.897828,"Private room",2,1,1,"$122.00",1,1125,29,2,0,5,"f",0.1
6338,"24/04/2016","within a few hours","f",1,"t","Sutherland Shire",-34.04875816,151.1422994,"Entire home/apt",4,1,1,"$113.00",2,365,12,2,1,5,"f",1.76
16904,"11/08/2022","within an hour","t",8,"t","Manly",-33.7897498,151.2855473,"Entire home/apt",6,2,3,"$525.00",4,365,17,0,0,NA,"t",NA
5660,"11/12/2011","within an hour","f",7,"t","Sydney",-33.87361,151.2238,"Private room",4,3,1,"$218.00",1,90,25,23,0,4.22,"f",0.58
143,"1/12/2014","N/A","f",1,"t","Pittwater",-33.68032,151.30232,"Entire home/apt",8,NA,4,"",90,1125,0,3,0,4.67,"f",0.02
14194,"4/04/2023","within an hour","f",23,"t","Canada Bay",-33.82667408,151.0929256,"Entire home/apt",8,1,3,"$221.00",3,365,16,4,0,4.5,"f",0.66
13636,"8/07/2017","within an hour","",83,"t","Burwood",-33.88039,151.10024,"Private room",2,1,1,"$74.00",1,365,29,11,0,3.82,"t",1.41
4424,"3/02/2015","N/A","f",1,"t","Leichhardt",-33.88193,151.15298,"Private room",2,1,1,"$90.00",90,1125,27,0,0,NA,"f",NA
2379,"25/07/2017","N/A","f",1,"t","Waverley",-33.86636,151.28303,"Entire home/apt",12,3.5,4,"$727.00",90,1125,29,46,0,4.89,"t",0.49
18081,"23/03/2011","within a few hours","t",8,"t","Woollahra",-33.88989,151.23945,"Entire home/apt",4,1,2,"$202.00",5,365,8,1,1,5,"f",1
16568,"8/12/2024","within an hour","f",3,"t","Sydney",-33.87617,151.19721,"Entire home/apt",2,1,1,"$161.00",1,365,28,2,0,4,"f",1.33
9534,"12/05/2018","within an hour","f",3,"t","Sydney",-33.87852137,151.2087082,"Entire home/apt",2,1,1,"$176.00",2,12,15,18,0,4.78,"t",0.88
15394,"17/06/2023","within an hour","f",3,"t","Auburn",-33.84802606,151.0606536,"Entire home/apt",6,2,2,"$156.00",1,365,17,24,2,4.88,"f",4.26
17358,"1/09/2024","N/A","f",44,"t","Mosman",-33.8238,151.24142,"Entire home/apt",4,2,2,"$281.00",5,1125,5,0,0,NA,"t",NA
6403,"6/02/2014","within an hour","",28,"t","Waverley",-33.902576,151.260086,"Entire home/apt",5,NA,3,"",5,90,0,7,0,5,"f",0.19
13720,"30/06/2020","within an hour","t",1,"f","The Hills Shire",-33.40098896,150.9783068,"Entire home/apt",7,1,2,"$337.00",2,30,21,16,2,4.81,"t",2.25
4216,"9/09/2014","within an hour","f",28,"t","Sydney",-33.87177,151.22468,"Private room",3,1,0,"$475.00",1,1125,16,25,0,4.32,"f",0.4
13881,"24/07/2019","N/A","f",912,"t","Sydney",-33.8848396,151.2079581,"Entire home/apt",2,1,0,"$169.00",3,365,5,10,1,4.9,"t",1.69
7951,"19/04/2014","within an hour","t",1,"t","Warringah",-33.77896,151.28743,"Private room",2,1,1,"$171.00",1,14,7,39,4,5,"f",1.87
2031,"10/02/2017","N/A","f",2,"t","Willoughby",-33.82073,151.19351,"Entire home/apt",2,1,1,"$77.00",1,1125,1,268,6,4.69,"t",2.91
13979,"16/04/2015","within an hour","f",2,"t","Sydney",-33.90452,151.2013,"Entire home/apt",2,NA,1,"",5,35,0,1,0,4,"f",0.2
14725,"27/12/2021","within an hour","t",1,"t","Sydney",-33.87514849,151.2281972,"Entire home/apt",4,1,2,"$345.00",2,90,15,9,0,5,"f",1.48
2163,"26/06/2017","N/A","f",1,"t","Bankstown",-33.91507,151.03666,"Entire home/apt",4,2,2,"$86.00",90,720,0,3,0,5,"f",0.03
3474,"20/06/2019","N/A","f",53,"t","Waverley",-33.89122,151.27427,"Entire home/apt",2,1,1,"$242.00",2,90,19,222,0,4.77,"t",2.97
14118,"22/06/2019","within a few hours","t",1,"t","Pittwater",-33.65951969,151.3147988,"Entire home/apt",2,1,1,"$182.00",2,365,0,27,4,5,"f",3.79
14088,"4/09/2019","within an hour","f",6,"t","Sydney",-33.9143748,151.2080227,"Entire home/apt",3,1,2,"$150.00",1,365,14,13,1,4.15,"f",1.89
4242,"31/07/2018","within a few hours","t",1,"t","Warringah",-33.77960769,151.2870677,"Entire home/apt",2,1,1,"$369.00",1,14,22,29,0,5,"f",0.43
6693,"25/11/2019","N/A","f",1,"t","Sydney",-33.89011,151.20245,"Entire home/apt",2,1,1,"$144.00",1,365,18,12,0,4.75,"t",0.35
6787,"10/06/2013","within an hour","f",2,"t","Manly",-33.79395,151.27584,"Entire home/apt",7,2,3,"$765.00",5,365,0,12,0,5,"f",0.37
18037,"12/04/2019","within an hour","f",63,"t","Liverpool",-33.916413,150.9168358,"Private room",2,1,1,"$42.00",1,89,27,0,0,NA,"f",NA
7821,"24/07/2012","within a few hours","t",126,"t","Pittwater",-33.60531419,151.3340098,"Entire home/apt",10,3,5,"$2,304.00",1,1125,27,1,0,5,"f",0.04
8476,"28/03/2023","within an hour","t",3,"t","Rockdale",-33.94065,151.14491,"Entire home/apt",15,3,6,"$446.00",1,365,7,29,0,4.9,"t",1.19
16628,"17/04/2024","within an hour","f",13,"t","Burwood",-33.871075,151.1046253,"Entire home/apt",4,2,2,"$172.00",4,365,25,1,0,4,"t",0.51
5133,"19/06/2016","within a day","t",1,"f","Marrickville",-33.90839,151.18098,"Private room",2,1,1,"$123.00",2,1125,8,69,0,4.87,"f",1.35
2785,"19/08/2015","within an hour","t",2,"t","Pittwater",-33.62238,151.33739,"Entire home/apt",7,2,4,"$1,279.00",5,1125,29,14,0,5,"f",0.18
2176,"4/06/2014","within a day","f",0,"t","North Sydney",-33.83639,151.21984,"Entire home/apt",4,2,2,"$583.00",7,1125,0,4,0,4.75,"f",0.04
9584,"1/10/2012","within an hour","f",45,"t","Waverley",-33.8931179,151.272618,"Entire home/apt",4,1,2,"$189.00",2,90,8,65,1,4.8,"t",3.19
14956,"21/10/2023","within an hour","f",42,"t","Sydney",-33.87867065,151.2017593,"Entire home/apt",4,NA,2,"",90,365,10,3,3,4.67,"t",3
9275,"19/08/2023","within an hour","f",1,"t","Sydney",-33.8756019,151.2257919,"Entire home/apt",2,1,1,"$115.00",1,365,8,93,4,4.74,"f",4.31
2194,"25/01/2018","N/A","f",3,"t","Lane Cove",-33.82769,151.14706,"Private room",2,1,1,"$100.00",1,1125,0,1,0,5,"t",0.01
16033,"2/11/2015","within an hour","f",7,"t","Botany Bay",-33.9214375,151.185765,"Entire home/apt",8,NA,3,"",2,365,0,14,0,4.71,"f",3.04
4353,"13/02/2020","N/A","f",1,"t","Sydney",-33.88049,151.21535,"Entire home/apt",2,1,0,"$4,500.00",90,1125,27,0,0,NA,"f",NA
10071,"14/06/2017","within a day","f",4,"t","Pittwater",-33.6266071,151.2839623,"Private room",2,0,1,"$124.00",1,365,23,0,0,NA,"t",NA
510,"1/06/2014","within an hour","t",2,"t","Manly",-33.80779,151.28412,"Entire home/apt",3,1,1,"$226.00",2,365,5,168,0,4.95,"t",1.65
8758,"3/07/2023","within an hour","f",11,"t","Auburn",-33.84548,151.03743,"Entire home/apt",6,2,3,"$174.00",1,365,18,92,0,4.68,"f",3.99
541,"26/04/2010","within an hour","f",51,"t","Waverley",-33.89756,151.27445,"Entire home/apt",4,1,2,"$520.00",2,1125,21,171,0,4.71,"f",1.33
16928,"23/11/2015","within an hour","t",12,"t","Sutherland Shire",-34.01253658,151.1148494,"Private room",3,1,1,"$72.00",2,92,0,0,0,NA,"f",NA
17891,"4/06/2023","within an hour","f",13,"t","Rockdale",-33.9314497,151.1506302,"Entire home/apt",4,2,2,"$139.00",6,365,11,0,0,NA,"f",NA
3101,"11/08/2015","within an hour","f",34,"t","Waverley",-33.89658,151.27385,"Entire home/apt",4,1,2,"$520.00",4,1125,29,1,0,5,"f",0.3
12726,"24/08/2016","within an hour","f",11,"t","Waverley",-33.89154688,151.2522981,"Entire home/apt",2,1,1,"$164.00",1,365,1,1,1,5,"t",1
5432,"15/06/2021","within an hour","t",1,"t","Manly",-33.79933,151.28506,"Entire home/apt",2,1,1,"$207.00",2,365,24,63,0,4.84,"f",1.41
4495,"10/08/2015","N/A","f",2,"t","Waverley",-33.89154,151.24569,"Entire home/apt",2,1,0,"$709.00",90,1125,29,1,0,5,"t",0.02
9051,"14/07/2015","within an hour","f",32,"t","Lane Cove",-33.81358,151.16824,"Entire home/apt",2,1,1,"$192.00",2,365,16,30,2,4.83,"f",1.31
900,"1/07/2015","N/A","f",1,"f","Waverley",-33.88729,151.2699,"Entire home/apt",3,1,1,"$133.00",90,1125,29,19,0,4.42,"f",0.16
6061,"18/12/2015","within an hour","f",8,"t","Sydney",-33.89194,151.19748,"Private room",2,2,1,"$75.00",2,14,21,72,1,4.31,"f",1.99
10901,"23/06/2017","within an hour","",26,"t","Sydney",-33.91319,151.20987,"Entire home/apt",4,1,1,"$164.00",2,365,14,14,0,4.71,"t",0.82
2627,"30/06/2017","within an hour","t",5,"t","Burwood",-33.87278,151.11179,"Private room",4,1,2,"$201.00",1,1125,23,70,0,4.77,"t",0.86
14078,"12/04/2019","within an hour","f",63,"t","Campbelltown",-33.9817881,150.9001443,"Private room",1,2.5,1,"$44.00",3,89,20,2,1,3.5,"f",1.5
597,"11/08/2013","within a few hours","t",3,"t","Sydney",-33.89185,151.1801,"Entire home/apt",2,1,0,"$156.00",4,90,7,156,0,4.87,"f",1.13
10942,"19/12/2019","within an hour","f",4,"t","Sydney",-33.8744253,151.2275354,"Entire home/apt",2,1,1,"$125.00",3,365,4,41,2,4.61,"f",2.39
6287,"12/12/2015","within an hour","f",13,"t","Strathfield",-33.86583,151.08804,"Entire home/apt",5,2,2,"$124.00",3,365,14,113,1,4.76,"t",3.01
14401,"17/11/2023","within a few hours","f",40,"t","Botany Bay",-33.9243265,151.1891625,"Entire home/apt",4,NA,2,"",6,365,0,1,0,5,"f",0.21
14853,"17/11/2023","within a few hours","f",40,"t","Sydney",-33.8789285,151.2020672,"Entire home/apt",4,NA,2,"",6,365,0,3,0,5,"f",0.48
2965,"5/03/2014","within an hour","t",3,"t","Marrickville",-33.89747,151.169,"Private room",1,1,1,"$90.00",3,250,4,62,4,4.98,"t",0.79
12397,"10/07/2013","within an hour","f",244,"t","Waverley",-33.88889245,151.267378,"Entire home/apt",9,NA,4,"",1,1125,0,0,0,NA,"t",NA
12745,"22/10/2022","within an hour","f",1,"t","Penrith",-33.74910439,150.6820047,"Entire home/apt",4,1,2,"$198.00",1,365,25,22,2,4.86,"f",2.16
9673,"17/10/2014","N/A","f",1,"f","Waverley",-33.88485,151.27297,"Entire home/apt",4,1,2,"$405.00",90,365,28,0,0,NA,"f",NA
10717,"27/09/2010","within an hour","f",26,"t","Mosman",-33.81718814,151.2445895,"Entire home/apt",2,1,1,"$125.00",1,1125,29,11,0,3.45,"t",0.63
5994,"14/10/2016","within an hour","f",1,"t","Waverley",-33.8819,151.27875,"Private room",2,1,1,"$126.00",2,40,27,20,0,5,"f",0.67
11729,"4/02/2013","within a day","f",1,"t","Sydney",-33.8927104,151.1994227,"Entire home/apt",2,1,1,"$207.00",10,30,0,1,0,5,"f",0.08
13724,"25/04/2019","within an hour","t",68,"t","Sydney",-33.8791713,151.2134048,"Entire home/apt",2,1,0,"$123.00",1,365,13,26,2,4.62,"f",3.2
2457,"15/01/2013","within an hour","f",8,"t","Waverley",-33.89768,151.26775,"Entire home/apt",6,2,3,"$529.00",2,1125,17,231,0,4.68,"f",2.73
3639,"22/09/2014","within an hour","t",1,"t","Canada Bay",-33.84646,151.09033,"Entire home/apt",2,1,1,"$154.00",2,30,21,78,1,4.95,"f",1.09
13116,"4/08/2015","within a day","f",1,"t","Randwick",-33.91555,151.25033,"Entire home/apt",6,2,3,"$998.00",3,21,18,5,0,5,"f",0.59
3011,"14/12/2018","N/A","f",1,"t","Willoughby",-33.81079,151.1851,"Private room",2,1.5,1,"$180.00",90,1125,29,1,0,5,"f",0.01
16714,"26/07/2016","within an hour","f",1,"t","Randwick",-33.9072373,151.2229908,"Entire home/apt",2,NA,1,"",2,21,0,4,4,5,"f",4
11210,"12/10/2021","within an hour","f",34,"t","Willoughby",-33.7951394,151.1885233,"Entire home/apt",4,1,1,"$140.00",2,365,3,11,2,4.82,"t",0.74
8911,"14/02/2022","within an hour","f",1,"t","Rockdale",-33.92977992,151.1519568,"Entire home/apt",6,2,3,"$288.00",21,365,22,30,1,4.67,"f",1.49
14448,"2/11/2015","within an hour","f",7,"t","Sydney",-33.90868832,151.2116829,"Entire home/apt",4,2,3,"$274.00",2,365,16,15,3,4.87,"f",2.59
14919,"20/07/2014","within an hour","f",1,"t","Sydney",-33.903986,151.2017296,"Entire home/apt",2,1,1,"$127.00",3,90,15,9,1,4.44,"t",1.79
8405,"5/01/2014","within a few hours","f",3,"t","Sydney",-33.88680192,151.1793272,"Entire home/apt",3,NA,1,"",90,365,0,19,0,4.68,"f",0.76
15369,"14/06/2024","within an hour","f",12,"t","Sydney",-33.87398,151.22209,"Entire home/apt",2,1,1,"$159.00",7,365,29,5,1,3.6,"t",1.07
4081,"4/10/2019","N/A","f",1,"t","Blacktown",-33.67253,150.8702,"Private room",2,1.5,1,"$69.00",90,1125,28,13,0,5,"f",0.2
7925,"23/01/2023","within an hour","f",2,"t","Manly",-33.7984414,151.2832745,"Entire home/apt",4,NA,2,"",4,30,0,21,0,4.57,"f",0.73
4705,"29/08/2016","within an hour","t",1,"t","Sutherland Shire",-34.008496,151.196471,"Entire home/apt",4,1,2,"$285.00",2,1125,25,102,0,4.97,"f",1.97
7888,"17/08/2016","N/A","f",1,"f","Randwick",-33.96525,151.24158,"Private room",1,1,2,"$200.00",170,180,29,20,0,4.8,"f",0.71
501,"16/06/2013","within an hour","t",2,"t","Pittwater",-33.63134,151.33437,"Entire home/apt",2,1,1,"$266.00",2,365,29,61,0,4.97,"f",0.53
8730,"2/06/2023","N/A","f",1,"t","Ryde",-33.79236955,151.1338712,"Entire home/apt",4,NA,2,"",90,1125,0,6,0,5,"f",0.25
505,"11/05/2015","within an hour","f",8,"t","Waverley",-33.89037,151.27091,"Entire home/apt",4,1,1,"$250.00",1,1125,0,627,0,4.8,"f",5.12
5462,"16/06/2021","within an hour","f",57,"t","Sydney",-33.88192,151.21537,"Entire home/apt",2,NA,1,"",7,120,0,40,0,4.5,"f",0.83
12874,"11/10/2019","within an hour","f",138,"t","Auburn",-33.82599325,151.0797992,"Entire home/apt",4,2,2,"$206.00",2,365,29,16,2,5,"f",1.84
5455,"24/02/2013","within an hour","t",92,"t","North Sydney",-33.84424,151.2298,"Entire home/apt",4,1,1,"$217.00",2,1125,7,239,2,4.63,"t",5.41
18113,"9/08/2022","within a few hours","f",40,"t","Ku-Ring-Gai",-33.77770674,151.1668312,"Entire home/apt",6,2,3,"$230.00",1,365,29,0,0,NA,"f",NA
15395,"17/04/2015","N/A","f",2,"t","Sydney",-33.87545007,151.2238342,"Private room",4,2,2,"$593.00",1,365,29,0,0,NA,"f",NA
1664,"19/03/2014","within an hour","f",3,"t","Sydney",-33.87562,151.22406,"Entire home/apt",2,1,0,"$121.00",7,1125,21,18,0,4.56,"f",0.18
6215,"13/06/2022","within an hour","t",7,"t","Sutherland Shire",-34.0592456,151.1571834,"Entire home/apt",6,1,2,"$259.00",3,180,29,54,0,4.85,"t",1.5
5291,"22/12/2016","within an hour","f",120,"t","Sydney",-33.88032,151.21258,"Entire home/apt",4,2,2,"$331.00",4,365,19,263,2,4.79,"f",5.35
567,"18/10/2014","N/A","f",1,"t","Ryde",-33.79664,151.11298,"Entire home/apt",4,NA,2,"",186,365,27,62,0,4.92,"f",0.49
1839,"13/11/2014","within a day","t",82,"t","Pittwater",-33.6138875,151.327778,"Entire home/apt",6,2.5,3,"$971.00",1,1125,28,1,0,4,"f",0.01
15391,"2/10/2017","within an hour","f",5,"f","Canada Bay",-33.85052,151.15955,"Entire home/apt",6,1,2,"$301.00",2,100,4,0,0,NA,"f",NA
15052,"29/08/2015","N/A","t",3,"t","Sydney",-33.87864573,151.1995444,"Private room",1,NA,NA,"",2,30,0,3,0,5,"f",0.6
187,"31/03/2014","within an hour","t",6,"t","Warringah",-33.75615,151.2986,"Entire home/apt",8,1,3,"$287.00",5,365,5,184,1,4.88,"f",1.39
16616,"4/03/2018","within an hour","f",1,"t","Holroyd",-33.81760762,150.9287661,"Entire home/apt",8,4,5,"$365.00",2,60,12,3,1,5,"f",1.11
411,"6/08/2014","within a day","t",1,"t","Manly",-33.79767,151.28524,"Entire home/apt",2,1,0,"$265.00",3,730,0,55,0,4.82,"f",0.45
10017,"12/10/2019","within an hour","t",1,"t","Waverley",-33.85871,151.28354,"Entire home/apt",4,2,3,"$566.00",3,365,5,74,1,4.91,"f",3.71
10463,"17/03/2017","N/A","f",9,"t","Sydney",-33.88931,151.20205,"Private room",2,NA,NA,"",1,365,0,3,0,3.33,"t",0.18
4551,"9/09/2014","within an hour","f",28,"t","Sydney",-33.87789,151.22059,"Entire home/apt",2,1,0,"$900.00",1,1125,20,41,0,4.24,"f",0.69
15089,"25/08/2019","within an hour","f",169,"t","Randwick",-33.9229508,151.2275339,"Private room",1,1.5,1,"$78.00",1,89,13,8,1,4.13,"f",1.4
3166,"24/11/2018","within an hour","t",2,"t","Sydney",-33.8762,151.21387,"Entire home/apt",4,NA,2,"",90,200,0,109,0,4.84,"f",1.4
13676,"22/08/2024","N/A","f",1,"t","Warringah",-33.78222,151.28426,"Entire home/apt",4,1,1,"$268.00",1,31,0,2,0,4.5,"t",0.36
18133,"21/10/2022","within an hour","f",60,"t","Penrith",-33.7546801,150.724482,"Entire home/apt",8,2,4,"$204.00",2,365,28,0,0,NA,"f",NA
6805,"25/05/2014","within an hour","t",2,"t","Woollahra",-33.88301297,151.2233939,"Entire home/apt",3,1,2,"$300.00",2,4,21,78,1,4.91,"f",2.36
2797,"10/07/2013","within an hour","f",244,"t","Sydney",-33.88887,151.20713,"Entire home/apt",6,2,2,"$315.00",1,1125,13,74,2,4.54,"t",0.92
12895,"5/12/2013","within an hour","t",64,"t","Parramatta",-33.8231289,151.0160224,"Entire home/apt",4,1,2,"$283.00",3,365,29,7,0,4.57,"f",0.72
17519,"7/06/2023","N/A","f",1,"f","Pittwater",-33.70099,151.30247,"Entire home/apt",8,3.5,4,"$1,078.00",7,21,0,0,0,NA,"f",NA
3785,"20/05/2019","within an hour","f",3,"t","Sydney",-33.8787,151.22424,"Private room",2,NA,NA,"",1,90,0,16,0,4.25,"t",0.24
3147,"11/01/2015","within a day","f",1,"t","Sutherland Shire",-34.04477,151.14549,"Entire home/apt",2,NA,1,"",4,365,0,36,0,5,"f",0.46
4931,"10/07/2013","within an hour","f",244,"t","Woollahra",-33.88331,151.24493,"Entire home/apt",2,1,1,"$173.00",1,1125,29,1,0,4,"t",0.02
5518,"24/11/2015","within a few hours","f",1,"t","Sutherland Shire",-34.04678,151.14213,"Entire home/apt",10,2.5,4,"$466.00",5,365,28,10,1,4.9,"f",0.23
13252,"18/07/2024","within an hour","f",9,"t","Burwood",-33.87872042,151.0996787,"Private room",5,1,1,"$117.00",30,365,29,1,0,5,"f",0.11
16767,"14/10/2024","a few days or more","f",18,"t","Auburn",-33.84975624,151.0603271,"Entire home/apt",6,2,3,"$263.00",1,365,0,0,0,NA,"f",NA
13803,"8/09/2014","within an hour","t",3,"t","Sutherland Shire",-34.0843583,151.1489535,"Entire home/apt",6,2,3,"$360.00",2,365,29,5,0,4.6,"f",0.84
16396,"9/11/2024","within an hour","f",4,"t","Marrickville",-33.904328,151.1485242,"Entire home/apt",6,1.5,3,"$197.00",2,365,17,1,0,5,"t",0.6
9323,"24/02/2013","within an hour","t",92,"t","Sydney",-33.87228,151.20324,"Entire home/apt",6,2,2,"$313.00",2,365,3,163,7,4.64,"t",7.36
174,"10/12/2014","N/A","f",1,"t","Waverley",-33.88992,151.27028,"Private room",1,NA,NA,"",90,90,28,2,0,5,"f",0.02
12370,"26/08/2016","within an hour","f",78,"t","Warringah",-33.78206911,151.2663599,"Entire home/apt",5,NA,1,"",90,90,0,14,0,4.86,"t",1.24
4540,"24/12/2014","within an hour","t",3,"t","Randwick",-33.94161,151.24747,"Entire home/apt",2,1,1,"$120.00",1,1125,26,30,1,4.7,"f",0.96
13851,"25/04/2016","within an hour","f",88,"t","Hornsby",-33.68146,151.11134,"Entire home/apt",8,2.5,4,"$330.00",1,365,0,2,0,4.5,"t",0.35
3618,"12/08/2019","within an hour","f",9,"t","Sydney",-33.87236,151.20627,"Private room",2,NA,1,"",1,1125,19,274,0,4.54,"t",3.92
9246,"26/11/2019","N/A","f",1,"t","Sydney",-33.8821026,151.1958106,"Entire home/apt",4,NA,2,"",5,60,14,38,0,4.89,"f",1.67
8020,"18/02/2018","within an hour","t",2,"t","Sydney",-33.8758271,151.2170295,"Entire home/apt",2,NA,1,"",90,120,0,97,0,4.92,"t",3.47
4274,"21/03/2016","within an hour","f",1,"t","Waverley",-33.88278427,151.2714193,"Private room",2,1,1,"$100.00",1,180,13,17,0,4.76,"f",0.88
125,"30/11/2014","N/A","f",1,"t","Sydney",-33.89582,151.20369,"Entire home/apt",4,2.5,2,"$289.00",90,1125,26,1,0,5,"f",0.01
1592,"29/08/2024","N/A","f",39,"t","Sydney",-33.87585,151.20418,"Entire home/apt",5,2,2,"$311.00",5,1125,4,38,0,4.45,"t",0.35
16517,"29/11/2023","within an hour","f",46,"t","Sutherland Shire",-34.0613275,151.1071983,"Private room",2,1,1,"$68.00",1,89,22,3,1,5,"f",1.61
3578,"14/04/2017","within an hour","f",12,"f","Sydney",-33.87772,151.20623,"Entire home/apt",7,2,2,"$222.00",1,730,10,117,4,4.43,"f",1.65
5102,"2/08/2014","within an hour","t",11,"t","Warringah",-33.77883,151.28,"Entire home/apt",10,3.5,5,"$540.00",4,120,15,0,0,NA,"f",NA
2318,"8/04/2014","N/A","f",1,"t","Sydney",-33.89293,151.20927,"Entire home/apt",4,2,2,"$120.00",90,1125,0,16,0,5,"f",0.21
507,"21/04/2015","within an hour","t",2,"t","Randwick",-33.91735,151.25586,"Entire home/apt",6,2,3,"$449.00",3,1125,15,133,1,4.92,"t",1.44
12130,"8/10/2020","within an hour","f",29,"t","Mosman",-33.82531,151.23944,"Entire home/apt",4,2,2,"$373.00",2,1125,0,10,0,5,"f",0.85
12871,"31/01/2016","within an hour","t",48,"t","Woollahra",-33.8710628,151.2367243,"Entire home/apt",6,2,3,"$455.00",1,365,21,24,3,5,"f",3.09
8672,"6/02/2016","N/A","f",4,"t","Penrith",-33.77312402,150.7647761,"Private room",2,1,1,"$114.00",90,365,29,2,0,5,"t",0.12
13415,"6/09/2024","within an hour","t",3,"t","Sydney",-33.86251,151.20302,"Entire home/apt",5,1,1,"$249.00",3,365,5,23,2,4.83,"t",2.57
16279,"21/04/2024","within an hour","f",1,"f","Sutherland Shire",-34.04906663,151.1535591,"Entire home/apt",4,1,2,"$248.00",2,365,11,11,4,5,"f",3.75
8714,"7/12/2017","N/A","f",1,"t","Lane Cove",-33.82524058,151.1856996,"Private room",2,1,1,"$200.00",2,10,29,3,0,5,"f",0.17
12340,"23/12/2020","within an hour","f",44,"t","Sydney",-33.8767541,151.1904769,"Private room",2,1,1,"$93.00",1,365,16,4,0,3.25,"f",0.62
3491,"11/11/2018","within an hour","f",19,"t","Sydney",-33.85989,151.20773,"Entire home/apt",6,1,3,"$351.00",3,89,15,67,3,4.76,"f",0.92
6027,"28/05/2022","within an hour","t",1,"t","Warringah",-33.75537786,151.2846377,"Entire home/apt",4,1,2,"$168.00",1,7,0,69,2,4.97,"f",1.94
17223,"2/12/2024","within a few hours","f",5,"t","Auburn",-33.848184,151.0603344,"Entire home/apt",5,2,3,"$174.00",2,365,16,2,2,5,"f",2
4585,"24/10/2016","within an hour","f",72,"t","North Sydney",-33.84845734,151.2061157,"Entire home/apt",2,1,1,"$264.00",2,181,22,167,3,4.92,"t",2.81
8991,"3/10/2022","N/A","f",14,"t","Sydney",-33.86292,151.20506,"Private room",2,1,1,"$800.00",90,365,29,0,0,NA,"f",NA
661,"26/03/2015","N/A","f",6,"t","Manly",-33.79397,151.28533,"Entire home/apt",4,1,2,"$295.00",90,1125,29,0,0,NA,"t",NA
12218,"7/06/2024","within an hour","t",1,"t","Sutherland Shire",-34.02933,151.11369,"Entire home/apt",8,3,4,"$305.00",2,365,7,43,3,4.86,"f",3.68
6275,"16/03/2021","within an hour","t",5,"t","Sydney",-33.86235258,151.207001,"Entire home/apt",4,1,1,"$279.00",2,28,6,294,3,4.96,"f",8.14
17604,"30/11/2023","within a few hours","f",49,"t","Sydney",-33.88513,151.17814,"Entire home/apt",2,1,1,"$121.00",5,365,19,0,0,NA,"f",NA
17806,"29/11/2017","within an hour","f",1,"t","Warringah",-33.7794053,151.2873287,"Entire home/apt",6,2,2,"$399.00",2,30,27,0,0,NA,"t",NA
6143,"22/01/2017","within an hour","t",1,"t","Woollahra",-33.88648224,151.2570496,"Entire home/apt",4,2,2,"$270.00",5,90,8,40,1,5,"f",1.21
4499,"31/01/2016","within an hour","t",48,"t","Randwick",-33.91693,151.25869,"Entire home/apt",3,1,1,"$276.00",2,1123,13,96,1,4.8,"t",1.72
16843,"20/02/2018","within an hour","f",55,"t","Waverley",-33.8896,151.27077,"Entire home/apt",8,3,4,"$2,152.00",1,120,22,0,0,NA,"f",NA
2157,"10/10/2013","within a few hours","f",3,"t","Warringah",-33.77688,151.28084,"Entire home/apt",2,1,0,"$189.00",2,1125,0,51,0,4.88,"f",0.59
1154,"16/09/2015","N/A","f",1,"t","Warringah",-33.7229,151.28704,"Private room",1,1.5,1,"$90.00",90,1125,29,0,0,NA,"f",NA
7362,"27/05/2013","within an hour","t",9,"t","Sydney",-33.88676,151.21141,"Entire home/apt",5,2,2,"$271.00",2,365,11,111,1,4.73,"f",3.66
3862,"12/08/2019","N/A","f",3,"t","Sydney",-33.85847,151.20232,"Private room",2,NA,NA,"",90,1125,29,4,0,4.5,"f",0.06
809,"5/12/2015","within an hour","",5,"t","Sydney",-33.87514,151.22754,"Entire home/apt",2,1,1,"$213.00",1,1125,4,415,2,4.94,"f",3.62
11870,"25/08/2019","within an hour","f",169,"t","Auburn",-33.8694884,151.0322848,"Private room",1,2,1,"$43.00",4,365,22,13,0,3.92,"f",1.09
15572,"24/07/2019","N/A","f",912,"t","Waverley",-33.8936828,151.2633911,"Entire home/apt",2,1,NA,"$176.00",3,365,29,4,1,4.5,"t",0.84
10464,"5/02/2016","within an hour","f",2,"t","Waverley",-33.89199,151.26108,"Entire home/apt",2,1,1,"$288.00",90,365,27,0,0,NA,"f",NA
9847,"3/01/2013","N/A","f",1,"t","Waverley",-33.89030684,151.2727792,"Entire home/apt",2,NA,1,"",30,60,0,2,0,5,"f",0.1
12705,"28/10/2018","within an hour","f",1,"t","Willoughby",-33.79629205,151.1799283,"Entire home/apt",4,2,2,"$190.00",2,60,0,37,0,4.62,"t",3.29
8576,"14/03/2018","within an hour","f",44,"t","Parramatta",-33.81739995,151.0072613,"Entire home/apt",6,1,2,"$237.00",5,120,22,52,0,4.5,"f",2.02
17073,"3/04/2025","within an hour","f",1,"t","Randwick",-33.9029041,151.2441186,"Private room",3,2,1,"$131.00",3,14,7,1,1,5,"f",1
3471,"7/04/2017","within a day","f",1,"t","Canterbury",-33.92248,151.0943,"Private room",2,1,1,"$59.00",90,1125,29,0,0,NA,"f",NA
13526,"20/11/2018","N/A","f",1,"t","Waverley",-33.89728043,151.2658776,"Entire home/apt",4,1,2,"$236.00",4,365,0,1,0,5,"t",0.21
14534,"23/11/2024","within an hour","f",1,"t","Woollahra",-33.8751021,151.2586828,"Private room",2,1,1,"$124.00",1,14,28,11,1,4.91,"f",1.95
676,"23/05/2014","within an hour","t",15,"t","Sydney",-33.87157,151.21674,"Private room",1,1.5,1,"$88.00",2,28,11,381,1,4.87,"f",3.15
11430,"9/11/2023","N/A","f",1,"t","Auburn",-33.84958,151.02966,"Entire home/apt",4,NA,3,"",90,365,0,3,0,5,"f",0.2
4996,"7/08/2018","within an hour","f",1,"t","Warringah",-33.77497,151.28326,"Entire home/apt",7,2,4,"$978.00",3,25,27,9,0,5,"f",0.16
14647,"12/06/2017","within a day","t",1,"t","Warringah",-33.7326563,151.2992404,"Entire home/apt",10,4,5,"$1,100.00",3,28,12,5,0,4.8,"f",0.78
3400,"30/05/2019","within an hour","t",1,"t","Pittwater",-33.64205,151.32661,"Entire home/apt",7,1.5,3,"$440.00",1,14,12,155,0,4.91,"f",2.15
15627,"1/11/2019","within an hour","t",3,"t","Waverley",-33.8932666,151.2617513,"Entire home/apt",6,2,2,"$243.00",2,365,0,4,0,5,"f",0.84
8431,"12/04/2012","N/A","f",1,"f","Marrickville",-33.91587,151.15287,"Entire home/apt",2,1,1,"$189.00",21,1125,27,6,0,5,"f",0.29
12801,"25/11/2014","within an hour","f",2,"t","Sydney",-33.90575943,151.2056031,"Private room",2,1,1,"$84.00",1,365,22,0,0,NA,"f",NA
9295,"26/08/2016","within an hour","f",78,"t","Waverley",-33.89263,151.24669,"Private room",3,1,0,"$155.00",1,90,22,114,3,4.74,"t",4.84
17005,"28/01/2022","within an hour","t",11,"t","Penrith",-33.77256566,150.7116892,"Entire home/apt",8,1,4,"$248.00",1,365,19,4,4,5,"t",4
6570,"16/02/2019","within an hour","f",5,"t","Bankstown",-33.95896,151.02309,"Entire home/apt",3,1,1,"$107.00",1,325,15,83,2,4.57,"t",2.37
1055,"20/10/2015","N/A","f",1,"t","Sydney",-33.88332,151.21602,"Entire home/apt",2,1,1,"$279.00",5,1125,22,39,0,4.64,"f",0.34
15401,"8/09/2019","within an hour","f",5,"t","North Sydney",-33.83595,151.20469,"Entire home/apt",4,1,1,"$148.00",2,60,10,12,1,4.58,"f",2.31
13708,"10/07/2013","within an hour","f",244,"t","Lane Cove",-33.82712124,151.1612271,"Entire home/apt",8,NA,4,"",1,1125,0,1,0,5,"t",0.17
7153,"14/09/2012","within an hour","t",1,"t","Woollahra",-33.86015538,151.2762635,"Entire home/apt",14,3,5,"$1,021.00",21,730,0,21,0,4.86,"f",1.15
7460,"26/09/2022","within an hour","f",27,"t","Randwick",-33.92402521,151.2563384,"Entire home/apt",4,NA,1,"",90,365,0,17,0,4.88,"t",0.57
5006,"23/07/2017","N/A","f",1,"t","Parramatta",-33.80586,150.98912,"Private room",2,1,1,"$70.00",90,365,29,2,0,4.5,"f",0.04
9033,"13/02/2018","within an hour","t",27,"t","Pittwater",-33.64768126,151.3068397,"Entire home/apt",8,4,4,"$675.00",2,36,25,65,2,4.97,"f",2.75
15438,"28/03/2016","within a day","f",1,"f","Sydney",-33.88631,151.21672,"Entire home/apt",2,NA,1,"",7,60,11,1,0,5,"f",0.46
12522,"24/02/2013","within an hour","t",92,"t","Sydney",-33.86136078,151.2059097,"Entire home/apt",6,1,3,"$346.00",2,365,8,62,4,4.66,"t",5.18
16544,"16/08/2020","within an hour","f",7,"t","Rockdale",-33.93042,151.14037,"Entire home/apt",2,1,1,"$143.00",90,365,0,0,0,NA,"f",NA
11334,"26/04/2016","within a day","t",1,"t","Woollahra",-33.88711661,151.2411603,"Entire home/apt",3,1,1,"$270.00",3,365,20,13,0,4.85,"f",0.91
11842,"24/07/2019","N/A","f",912,"t","Sydney",-33.8724031,151.2225286,"Entire home/apt",2,1,0,"$231.00",3,365,21,22,0,4.55,"t",1.64
542,"27/05/2014","within an hour","t",61,"t","Sydney",-33.89007,151.2062,"Entire home/apt",4,1,2,"$250.00",5,90,29,28,0,4.61,"f",0.23
3767,"3/10/2018","within an hour","f",11,"t","The Hills Shire",-33.51398,150.90129,"Entire home/apt",11,5.5,5,"$5,966.00",2,365,0,0,0,NA,"f",NA
1590,"23/07/2016","within an hour","t",1,"t","Waverley",-33.89017,151.26696,"Entire home/apt",2,1,1,"$113.00",4,1125,9,272,3,4.74,"f",2.52
12569,"24/07/2015","within an hour","f",22,"t","Randwick",-33.9167013,151.2242742,"Private room",1,2,1,"$90.00",2,365,9,11,1,4.91,"f",1.02
13930,"19/04/2018","within an hour","f",59,"t","Strathfield",-33.86096215,151.0810594,"Entire home/apt",8,2,3,"$180.00",60,365,0,10,1,4.2,"t",1.4
4962,"21/01/2019","N/A","f",4,"t","Ashfield",-33.88654,151.1261,"Entire home/apt",2,NA,1,"",90,1125,28,2,0,5,"f",0.05
11638,"28/05/2017","within an hour","f",50,"t","Auburn",-33.84748,151.06056,"Entire home/apt",6,2,2,"$185.00",3,365,8,26,4,4.77,"f",1.86
12840,"4/09/2019","within an hour","f",6,"t","Parramatta",-33.8046713,151.0376014,"Entire home/apt",6,2.5,3,"$155.00",1,365,29,10,2,4.9,"f",1.04
11926,"18/12/2019","within an hour","t",25,"t","North Sydney",-33.8506309,151.2167909,"Entire home/apt",6,NA,2,"",1,365,0,47,0,4.96,"f",3.67
5318,"24/01/2018","within an hour","f",56,"t","Ryde",-33.81893872,151.09907,"Entire home/apt",5,2,2,"$227.00",3,365,17,28,0,4.32,"t",0.57
2699,"23/05/2012","within a few hours","t",117,"t","Woollahra",-33.87297,151.24782,"Entire home/apt",5,2,3,"$712.00",14,89,28,13,0,4.85,"f",0.19
17034,"7/07/2011","within an hour","f",1,"t","Pittwater",-33.63862,151.31121,"Entire home/apt",2,1,1,"$169.00",2,365,28,3,2,5,"t",2.25
4205,"25/02/2017","within an hour","f",5,"t","Sydney",-33.86898,151.19268,"Entire home/apt",2,1,1,"$631.00",6,1125,0,27,0,4.89,"f",0.42
10254,"20/11/2023","within an hour","t",5,"t","Marrickville",-33.91566632,151.1664919,"Private room",2,2,1,"$93.00",7,365,6,11,0,4.91,"t",0.59
3462,"28/04/2019","N/A","f",1,"t","Willoughby",-33.80504,151.20165,"Entire home/apt",8,2.5,4,"$1,500.00",3,15,0,4,0,4.75,"f",0.06
5557,"17/07/2020","within an hour","f",1,"t","Sydney",-33.87783,151.21458,"Entire home/apt",6,2,3,"$282.00",5,100,15,24,0,4.96,"f",0.56
11973,"11/01/2020","within an hour","t",45,"t","Auburn",-33.84834,151.05936,"Entire home/apt",5,NA,3,"",21,365,0,14,0,4.93,"f",1.11
15997,"6/02/2025","within an hour","f",19,"t","Ryde",-33.7856216,151.12602,"Private room",3,1,1,"$235.00",1,90,30,0,0,NA,"t",NA
13853,"2/06/2023","within an hour","f",31,"t","Sydney",-33.88393,151.19853,"Entire home/apt",2,1,1,"$120.00",6,365,22,2,0,4.5,"f",0.28
6553,"24/07/2012","within a few hours","t",126,"t","Pittwater",-33.60120048,151.3162163,"Entire home/apt",8,3,4,"$1,559.00",1,1125,29,1,0,5,"f",0.05
5392,"12/10/2020","within an hour","f",2,"t","North Sydney",-33.84885,151.21555,"Entire home/apt",4,1,2,"$474.00",3,365,11,79,2,4.91,"f",1.85
13370,"19/12/2017","a few days or more","f",1,"t","Randwick",-33.964927,151.2510476,"Entire home/apt",6,2,3,"$481.00",2,365,29,0,0,NA,"f",NA
10407,"19/12/2014","within an hour","t",47,"t","Woollahra",-33.869703,151.2376067,"Entire home/apt",9,4,4,"$1,341.00",7,365,12,14,0,5,"f",0.85
7169,"15/11/2013","N/A","f",1,"t","Warringah",-33.75684,151.2817,"Entire home/apt",2,1,1,"$259.00",2,35,0,20,0,4.9,"f",0.67
13474,"8/09/2024","N/A","f",1,"t","Sydney",-33.87163,151.22641,"Entire home/apt",4,1,2,"$2,495.00",2,365,29,1,0,5,"f",0.21
17808,"15/04/2025","within a few hours","f",20,"t","North Sydney",-33.83665737,151.2068235,"Entire home/apt",4,1,2,"$237.00",10,365,23,0,0,NA,"f",NA
2757,"24/06/2018","within an hour","t",2,"t","Warringah",-33.72476,151.27698,"Entire home/apt",2,1,1,"$124.00",1,1125,21,189,3,4.88,"t",2.34
13893,"20/10/2024","within a day","f",1,"t","Sutherland Shire",-34.04145,151.15848,"Entire home/apt",2,1,1,"$247.00",1,365,28,5,0,5,"f",0.81
9958,"7/02/2020","within a few hours","t",2,"t","Mosman",-33.82079573,151.2483357,"Entire home/apt",12,5.5,5,"$5,000.00",8,30,0,0,0,NA,"f",NA
13549,"13/01/2025","N/A","f",57,"t","Campbelltown",-33.9737694,150.8613106,"Entire home/apt",8,NA,4,"",21,365,0,1,0,4,"t",0.22
7638,"25/11/2022","N/A","f",2,"t","Sydney",-33.90036,151.20154,"Entire home/apt",6,NA,2,"",1,365,29,0,0,NA,"f",NA
16443,"22/05/2018","N/A","f",1,"t","Canada Bay",-33.82439392,151.0870361,"Private room",2,1,1,"$78.00",90,90,29,0,0,NA,"f",NA
1258,"27/08/2014","within an hour","f",3,"t","Pittwater",-33.6384,151.29428,"Private room",2,1,1,"$275.00",2,10,22,12,0,5,"t",0.12
8679,"9/06/2016","within an hour","t",2,"t","Camden",-34.05831,150.75005,"Entire home/apt",10,2.5,5,"$286.00",4,1125,0,15,0,4.87,"f",0.63
11229,"21/01/2024","within an hour","t",31,"t","Parramatta",-33.8174,151.01078,"Entire home/apt",6,2,2,"$216.00",1,365,8,87,6,4.87,"f",5.46
7534,"25/08/2015","within an hour","f",15,"t","Leichhardt",-33.88675,151.15855,"Entire home/apt",2,1,1,"$125.00",1,365,29,15,0,4.4,"f",0.51
11166,"13/08/2018","within an hour","f",57,"t","Sydney",-33.87966,151.20643,"Entire home/apt",2,1,0,"$128.00",1,365,20,30,1,4.23,"f",1.98
17004,"3/12/2017","within a few hours","f",1,"t","Sutherland Shire",-34.00025305,151.095274,"Entire home/apt",10,4.5,5,"$1,665.00",2,365,29,0,0,NA,"f",NA
15062,"27/11/2024","N/A","f",1,"t","Blacktown",-33.684844,150.8935083,"Private room",3,1,1,"$183.00",3,30,27,0,0,NA,"f",NA
13702,"20/05/2018","a few days or more","f",10,"t","Burwood",-33.87391,151.09655,"Entire home/apt",3,1,0,"$150.00",1,365,0,0,0,NA,"f",NA
16238,"26/11/2023","within an hour","t",43,"t","Sydney",-33.8573349,151.2067058,"Entire home/apt",6,2,2,"$217.00",1,365,5,16,3,4.81,"t",4.85
2851,"31/01/2017","within a few hours","t",2,"t","Sydney",-33.88422,151.19241,"Entire home/apt",2,1,0,"$126.00",2,1125,12,190,1,4.88,"f",2.35
8905,"25/04/2023","within an hour","f",5,"t","Sydney",-33.87848506,151.2020802,"Entire home/apt",6,1,2,"$325.00",2,365,3,89,2,4.71,"f",3.71
12185,"10/07/2013","within an hour","f",244,"t","Woollahra",-33.87805,151.23258,"Entire home/apt",4,NA,2,"",90,1125,0,3,0,4.67,"t",0.24
6487,"3/10/2020","within an hour","t",1,"t","North Sydney",-33.84284,151.22309,"Entire home/apt",3,1,2,"$255.00",3,1125,9,120,2,4.99,"f",3.37
15433,"10/07/2013","within an hour","f",244,"t","Woollahra",-33.88128,151.22303,"Entire home/apt",5,1.5,3,"$484.00",1,1125,6,6,2,4.83,"t",1.43
3801,"14/05/2020","within an hour","t",13,"t","Sydney",-33.87859726,151.2198944,"Entire home/apt",2,1,1,"$221.00",2,1125,8,156,6,4.82,"f",2.22
3855,"14/07/2015","within an hour","f",32,"t","Sydney",-33.88385,151.1817,"Entire home/apt",2,1,1,"$100.00",1,365,24,47,1,4.26,"f",0.69
1256,"21/05/2016","N/A","f",1,"t","Warringah",-33.74778,151.28263,"Entire home/apt",7,2,3,"$941.00",7,28,26,3,0,5,"f",0.1
2246,"23/05/2017","within an hour","t",1,"t","Pittwater",-33.64779,151.31346,"Entire home/apt",2,1,1,"$294.00",1,7,17,607,3,4.96,"f",6.79
15481,"15/10/2024","within a few hours","f",34,"t","Botany Bay",-33.92411,151.18984,"Entire home/apt",2,NA,1,"",7,365,0,0,0,NA,"f",NA
13485,"23/08/2023","within an hour","f",3,"t","Parramatta",-33.8173051,151.0181383,"Entire home/apt",4,2,2,"$174.00",90,365,23,13,0,4.31,"t",1.37
6793,"7/09/2022","within an hour","t",1,"t","Marrickville",-33.89636,151.16618,"Entire home/apt",2,1,1,"$107.00",2,14,7,87,2,4.92,"f",2.6
9993,"11/12/2014","within a day","f",72,"t","Warringah",-33.77702277,151.2890939,"Entire home/apt",2,NA,1,"",90,1125,0,4,0,5,"f",0.22
2121,"20/09/2015","within an hour","t",1,"t","Woollahra",-33.87678,151.24613,"Entire home/apt",2,1,1,"$116.00",3,730,12,169,0,4.85,"t",1.74
3856,"1/08/2019","within a day","f",10,"t","The Hills Shire",-33.52422,150.91436,"Entire home/apt",11,5,5,"$5,500.00",2,365,22,0,0,NA,"f",NA
16647,"21/09/2017","within an hour","f",2,"t","Blacktown",-33.76799543,150.9133279,"Entire home/apt",10,1,4,"$203.00",2,365,22,1,0,4,"t",0.51
6025,"30/07/2016","within an hour","t",1,"t","The Hills Shire",-33.69142,150.92511,"Entire home/apt",2,1,1,"$150.00",3,1125,1,94,2,4.98,"t",2.35
13764,"24/07/2014","within an hour","t",9,"t","Waverley",-33.89061711,151.2473677,"Entire home/apt",2,1,1,"$159.00",10,365,0,0,0,NA,"f",NA
4724,"18/06/2019","within an hour","f",2,"t","Liverpool",-33.93214,150.92172,"Entire home/apt",3,1,1,"$163.00",5,1125,27,69,0,4.46,"t",1.2
13970,"16/08/2022","N/A","f",1,"t","Sutherland Shire",-34.0857416,151.1552783,"Entire home/apt",6,1.5,3,"$831.00",3,14,19,5,0,5,"f",0.9
4336,"13/05/2014","within an hour","f",55,"t","Sydney",-33.86818,151.204,"Entire home/apt",2,1,0,"$149.00",90,90,28,1,0,4,"f",0.02
829,"16/02/2015","within a few hours","t",3,"t","Sydney",-33.87767,151.21825,"Entire home/apt",6,2,3,"$600.00",2,5,25,127,0,4.84,"f",1.08
11049,"23/07/2023","within an hour","t",1,"t","Sydney",-33.8714058,151.223141,"Entire home/apt",4,1,2,"$200.00",3,365,5,59,3,4.75,"f",3.55
12986,"13/05/2017","within an hour","f",1,"t","Sydney",-33.89738204,151.2001612,"Private room",1,1,1,"$79.00",3,365,23,1,0,5,"f",0.1
13198,"24/10/2011","within an hour","t",75,"t","Manly",-33.80987597,151.2631187,"Entire home/apt",8,4,4,"$1,200.00",3,365,0,2,0,5,"f",0.32
1946,"18/07/2012","within a day","f",1,"t","Randwick",-33.92091,151.23536,"Entire home/apt",6,2,3,"$440.00",2,1125,28,44,0,4.89,"f",0.48
5131,"21/07/2020","a few days or more","f",6,"t","Canada Bay",-33.82739,151.08682,"Entire home/apt",6,2,2,"$143.00",90,90,29,0,0,NA,"t",NA
2639,"20/12/2015","within a few hours","f",2,"t","Woollahra",-33.85293,151.2756,"Entire home/apt",10,4.5,5,"$1,800.00",8,100,22,3,0,4.67,"f",0.05
12249,"9/09/2015","within an hour","t",1,"t","The Hills Shire",-33.74226126,151.0257616,"Entire home/apt",4,1,2,"$138.00",4,1125,4,28,2,5,"f",2.37
4523,"10/03/2020","within an hour","f",6,"t","Sydney",-33.87266,151.20425,"Entire home/apt",2,1,1,"$234.00",1,1125,24,48,0,4.1,"t",0.77
3818,"8/05/2017","within an hour","f",8,"t","Liverpool",-33.92437,150.92089,"Entire home/apt",6,2,2,"$143.00",1,90,16,102,1,4.72,"f",1.44
11654,"26/03/2024","within an hour","f",2,"t","Willoughby",-33.79604706,151.1849039,"Entire home/apt",3,1,1,"$140.00",2,365,7,16,0,4.5,"t",1.29
14417,"9/11/2024","within an hour","f",1,"t","Parramatta",-33.8198,151.00422,"Entire home/apt",6,2,3,"$521.00",2,365,11,7,1,5,"f",1.53
14259,"29/12/2014","N/A","f",1,"t","Randwick",-33.9131852,151.2636349,"Entire home/apt",4,2,3,"$1,200.00",5,21,27,0,0,NA,"f",NA
15454,"21/11/2016","within an hour","f",3,"t","Marrickville",-33.88975,151.15525,"Entire home/apt",4,1,2,"$177.00",2,365,8,27,3,4.7,"f",4.79
17360,"8/04/2025","within an hour","f",4,"t","The Hills Shire",-33.75259,151.04269,"Private room",2,1,1,"$80.00",3,365,13,0,0,NA,"f",NA
17030,"20/03/2025","within a few hours","f",1,"t","Auburn",-33.85284194,151.0207842,"Entire home/apt",4,1,2,"$180.00",1,7,29,4,1,3.5,"f",1.6
1089,"19/10/2015","within an hour","t",11,"t","Warringah",-33.72418,151.29953,"Entire home/apt",5,1,2,"$244.00",3,1080,4,57,0,4.79,"t",0.53
3122,"15/08/2014","within a day","f",1,"t","Ryde",-33.82909,151.12,"Entire home/apt",6,2,3,"$199.00",5,1125,29,43,0,4.37,"f",0.54
15390,"2/10/2017","within an hour","f",5,"f","Canada Bay",-33.85075,151.15774,"Private room",4,1,1,"$91.00",2,100,0,1,0,3,"f",0.22
10832,"26/07/2012","within an hour","t",1,"t","Marrickville",-33.91520762,151.1714013,"Entire home/apt",2,1,1,"$174.00",1,1125,2,85,4,4.99,"t",5.02
12789,"28/07/2024","within an hour","t",1,"t","Sydney",-33.8740052,151.197435,"Entire home/apt",4,1,1,"$153.00",2,1125,23,21,1,4.71,"f",2.04
7520,"31/12/2022","within an hour","t",1,"t","Waverley",-33.8916322,151.273153,"Entire home/apt",2,1,1,"$251.00",2,365,19,120,3,4.83,"t",4.07
11940,"18/04/2024","within an hour","f",4,"t","Penrith",-33.72444183,150.7250422,"Private room",1,NA,NA,"",1,365,0,14,0,4.07,"f",1.06
2999,"13/07/2018","within an hour","f",31,"t","Canada Bay",-33.83799,151.08761,"Private room",1,1.5,1,"$80.00",1,365,29,85,0,4.58,"f",1.12
2464,"3/07/2018","within an hour","f",1,"t","Holroyd",-33.84563,150.97945,"Entire home/apt",10,3,5,"$643.00",3,90,28,28,0,4.54,"f",0.4
7114,"29/11/2016","within an hour","t",5,"t","Hurstville",-33.97055118,151.0673497,"Entire home/apt",14,3,4,"$443.00",2,1125,16,42,0,4.86,"f",1.75
15972,"6/02/2025","within an hour","f",19,"t","Ryde",-33.78731,151.12599,"Private room",2,1,1,"$189.00",1,90,29,1,0,4,"t",0.28
17025,"23/05/2012","within a few hours","t",117,"t","Waverley",-33.89000773,151.2732679,"Entire home/apt",4,2,2,"$578.00",5,89,12,0,0,NA,"f",NA
3444,"24/04/2019","N/A","f",1,"t","Parramatta",-33.85901,150.9935,"Private room",2,1,1,"$41.00",90,1125,7,17,0,5,"f",0.23
1959,"17/04/2013","within a day","f",1,"t","Canada Bay",-33.861,151.09445,"Entire home/apt",4,1,1,"$206.00",1,365,5,25,0,4.88,"f",3.07
11453,"19/04/2018","within an hour","f",59,"t","Camden",-34.0525121,150.7619966,"Entire home/apt",12,3,6,"$482.00",10,365,0,3,0,4.67,"f",0.19
17663,"29/01/2016","N/A","f",15,"t","Botany Bay",-33.92881737,151.188245,"Entire home/apt",6,2,3,"$200.00",5,365,0,0,0,NA,"f",NA
2687,"27/05/2014","within an hour","t",61,"t","Woollahra",-33.87403,151.23956,"Entire home/apt",4,2,2,"$380.00",28,112,6,7,0,5,"f",0.18
5645,"7/11/2019","within an hour","f",25,"t","Camden",-34.00765,150.7487,"Entire home/apt",5,1,2,"$749.00",2,120,29,32,0,4.53,"t",1.06
953,"23/05/2012","within a few hours","t",117,"t","Woollahra",-33.88393021,151.2245636,"Entire home/apt",6,NA,3,"",89,89,0,24,0,4.63,"f",0.31
4926,"30/10/2019","within an hour","t",1,"f","Penrith",-33.73728,150.71008,"Entire home/apt",6,1.5,3,"$205.00",2,365,8,159,3,4.84,"t",2.92
14581,"13/08/2019","within an hour","",37,"t","Sydney",-33.87935,151.22204,"Entire home/apt",7,2,4,"$690.00",3,30,7,2,0,5,"t",0.52
14864,"27/04/2020","within an hour","f",1,"t","Canada Bay",-33.82943,151.08734,"Private room",1,1,3,"$140.00",3,90,29,0,0,NA,"f",NA
1776,"13/05/2014","within an hour","f",55,"t","Sydney",-33.88129,151.20391,"Entire home/apt",4,2,2,"$299.00",90,1124,28,13,0,4.85,"f",0.14
371,"12/12/2011","N/A","f",1,"t","Waverley",-33.89321,151.26078,"Entire home/apt",2,1,1,"$267.00",2,90,12,7,0,4.86,"f",0.06
4635,"3/05/2016","N/A","f",2,"t","North Sydney",-33.82004,151.22328,"Private room",1,1.5,1,"$52.00",90,1125,29,1,0,5,"f",0.02
14168,"30/11/2023","within a few hours","f",49,"t","Botany Bay",-33.9252,151.18856,"Entire home/apt",4,NA,2,"",7,365,0,1,0,5,"f",0.18
8790,"10/12/2016","within an hour","f",3,"t","Manly",-33.788651,151.283086,"Entire home/apt",4,1,2,"$360.00",2,1125,15,13,0,4.77,"f",0.64
14022,"31/08/2012","within a few hours","f",1,"t","Randwick",-33.9768833,151.2438617,"Entire home/apt",2,1,1,"$238.00",3,1125,14,5,0,5,"f",1.06
8243,"19/12/2014","within an hour","t",47,"t","Mosman",-33.83360799,151.2525954,"Entire home/apt",9,NA,5,"",5,365,29,0,0,NA,"f",NA
14950,"16/09/2019","N/A","f",1,"t","Sydney",-33.90454,151.21152,"Entire home/apt",6,NA,3,"",2,365,0,0,0,NA,"f",NA
9039,"18/08/2014","within an hour","t",12,"t","Waverley",-33.89507,151.26034,"Private room",2,1,1,"$98.00",5,365,29,17,0,4.76,"f",0.76
4226,"9/09/2014","within an hour","f",28,"t","Sydney",-33.8732,151.22523,"Private room",2,NA,NA,"",1,1125,13,77,2,4.45,"f",1.25
15584,"12/10/2023","within an hour","f",11,"t","Sydney",-33.86540001,151.2043783,"Entire home/apt",2,0.5,1,"$325.00",30,45,28,0,0,NA,"f",NA
1471,"4/11/2013","N/A","f",1,"t","Sydney",-33.89841,151.18119,"Entire home/apt",2,1,1,"$135.00",90,1125,10,16,0,5,"f",0.16
12947,"23/05/2012","within a few hours","t",117,"t","Waverley",-33.8891089,151.2831731,"Entire home/apt",2,1,1,"$159.00",5,365,23,6,0,4.83,"f",0.72
9875,"2/10/2021","within a day","f",1,"t","Woollahra",-33.8857992,151.2666954,"Entire home/apt",6,2,3,"$650.00",14,365,3,4,0,5,"f",0.22
11180,"5/08/2017","within an hour","t",6,"t","Waverley",-33.89466,151.27136,"Entire home/apt",4,1,2,"$238.00",1,365,7,42,2,4.9,"f",2.81
2007,"18/10/2016","N/A","f",2,"t","Warringah",-33.72478,151.27852,"Entire home/apt",10,3,5,"$650.00",90,1125,29,0,0,NA,"f",NA
14065,"17/09/2024","within an hour","f",5,"t","Canada Bay",-33.83006,151.08696,"Entire home/apt",6,2,3,"$300.00",1,365,11,4,2,5,"f",0.61
8554,"30/04/2023","within an hour","",7,"t","Auburn",-33.8269331,151.0779529,"Entire home/apt",5,2,2,"$165.00",3,21,11,67,0,4.87,"f",3.04
17565,"25/08/2016","within a day","f",1,"t","Randwick",-33.91667,151.25023,"Entire home/apt",2,1,1,"$194.00",14,35,27,0,0,NA,"f",NA
15174,"17/09/2014","N/A","f",1,"t","Randwick",-33.9182,151.2461,"Entire home/apt",2,NA,1,"",6,50,0,0,0,NA,"f",NA
12388,"20/11/2020","within an hour","t",2,"t","Woollahra",-33.87136083,151.2634561,"Private room",2,1,1,"$135.00",2,365,0,11,0,5,"f",0.93
6663,"30/05/2013","within an hour","",9,"t","Waverley",-33.89449165,151.2443229,"Entire home/apt",6,2,3,"$452.00",3,365,6,26,0,4.96,"f",1.84
431,"2/07/2012","within an hour","f",1,"t","Sydney",-33.87724,151.22199,"Entire home/apt",2,1,1,"$103.00",90,1125,13,237,0,4.69,"t",2
8118,"4/06/2014","within a day","f",0,"t","Manly",-33.79747,151.25537,"Entire home/apt",6,NA,3,"",90,365,0,1,0,4,"f",0.06
5579,"28/07/2019","within an hour","t",1,"t","Pittwater",-33.68191,151.29982,"Private room",4,1.5,2,"$176.00",1,7,29,64,1,4.92,"t",2.15
14650,"6/08/2023","within a few hours","f",1,"t","North Sydney",-33.8509866,151.2161039,"Private room",4,1,2,"$303.00",1,365,5,41,4,4.88,"f",5.91
6422,"28/01/2020","within an hour","f",9,"t","Sydney",-33.87593,151.21457,"Entire home/apt",2,1,0,"$165.00",1,365,3,91,3,4.77,"t",2.56
15281,"6/12/2015","N/A","f",1,"f","Sydney",-33.88181647,151.1963815,"Entire home/apt",2,NA,1,"",2,365,0,3,0,5,"f",0.48
824,"8/11/2012","within an hour","f",1,"t","Sydney",-33.87447302,151.1820507,"Private room",1,1,1,"$122.00",2,30,28,21,0,4.9,"f",0.18
16968,"2/01/2025","within an hour","t",2,"t","Sydney",-33.8763,151.20412,"Entire home/apt",4,0,1,"$183.00",3,365,6,0,0,NA,"t",NA
16990,"1/07/2024","within an hour","",14,"t","Waverley",-33.89797,151.26937,"Entire home/apt",3,1,1,"$314.00",1,365,0,0,0,NA,"t",NA
17710,"14/04/2023","within an hour","f",81,"t","Sydney",-33.89796,151.21197,"Entire home/apt",2,1,1,"$153.00",1,365,27,0,0,NA,"t",NA
1535,"11/01/2014","within an hour","t",3,"t","Manly",-33.79149,151.27522,"Entire home/apt",2,1,1,"$177.00",2,365,25,122,0,4.89,"f",1.37
2855,"11/12/2015","within an hour","t",1,"t","North Sydney",-33.82418,151.20894,"Entire home/apt",4,1,2,"$220.00",4,14,22,155,1,4.91,"f",1.82
2630,"9/10/2018","within an hour","f",10,"t","Bankstown",-33.9202,151.02986,"Private room",2,1,1,"$87.00",1,14,29,35,0,4.8,"t",0.43
17465,"15/09/2024","within an hour","t",22,"t","Bankstown",-33.9138679,151.0286886,"Entire home/apt",4,1,1,"$85.00",4,365,9,4,3,5,"f",3.75
9583,"21/10/2022","within an hour","f",60,"t","Sydney",-33.91352,151.21015,"Entire home/apt",4,2,2,"$176.00",2,365,6,20,0,4.5,"f",0.95
18031,"23/12/2014","within an hour","f",1,"t","Sydney",-33.88671173,151.226312,"Entire home/apt",2,1,1,"$160.00",2,120,22,1,1,5,"t",1
13661,"10/07/2013","within an hour","f",244,"t","Randwick",-33.90873933,151.2555378,"Entire home/apt",8,NA,4,"",1,1125,0,0,0,NA,"t",NA
11808,"12/12/2020","within an hour","f",16,"t","Blacktown",-33.7472233,150.8036013,"Private room",2,1,1,"$60.00",1,365,24,2,0,5,"f",0.18
15701,"5/11/2017","within an hour","",7,"t","North Sydney",-33.8342047,151.2273021,"Entire home/apt",3,NA,1,"",3,59,22,0,0,NA,"t",NA
7903,"23/06/2016","within a day","f",6,"t","Ryde",-33.78912,151.08318,"Entire home/apt",6,1.5,2,"$214.00",5,730,0,16,0,5,"f",0.56
7033,"21/10/2022","within an hour","f",60,"t","Sydney",-33.8717206,151.2046739,"Entire home/apt",2,1,1,"$195.00",1,1125,16,69,0,4.48,"f",2.18
16961,"5/05/2022","within an hour","f",6,"t","Botany Bay",-33.92385698,151.185347,"Entire home/apt",6,2,3,"$229.00",3,365,12,2,0,4.5,"f",1.5
9987,"15/10/2023","within a day","f",18,"f","Sydney",-33.88995987,151.1944391,"Private room",2,1.5,1,"$90.00",3,365,28,16,0,4.75,"f",0.8
363,"16/06/2014","N/A","f",1,"t","Warringah",-33.73779,151.29851,"Entire home/apt",8,3,4,"$831.00",90,1125,29,6,0,4.67,"f",0.05
2017,"24/11/2013","within an hour","f",2,"t","Sydney",-33.86891,151.20406,"Entire home/apt",5,1,1,"$175.00",3,365,16,197,2,4.63,"t",2.17
6835,"21/08/2014","within a day","f",1,"t","North Sydney",-33.8330425,151.2284406,"Entire home/apt",6,2,3,"$570.00",5,365,4,8,0,5,"f",0.27
1774,"4/05/2013","within an hour","t",11,"t","Mosman",-33.82022,151.24721,"Entire home/apt",2,1,1,"$170.00",2,91,29,88,1,4.86,"t",1.08
17076,"12/10/2023","within an hour","f",11,"t","Sydney",-33.8774,151.21173,"Entire home/apt",4,1,2,"$150.00",30,365,0,0,0,NA,"f",NA
1423,"31/07/2014","within a day","f",3,"t","Sydney",-33.87606,151.22274,"Entire home/apt",2,1,1,"$91.00",3,1124,10,77,0,4.7,"f",0.71
7794,"19/01/2022","within an hour","t",42,"t","Hornsby",-33.71702774,151.1074591,"Entire home/apt",5,1,2,"$170.00",28,365,4,0,0,NA,"f",NA
13486,"24/07/2012","within a few hours","t",126,"t","Sydney",-33.89281,151.2113,"Entire home/apt",4,2.5,3,"$784.00",1,1125,0,1,0,5,"f",0.21
15307,"13/08/2018","within an hour","f",57,"t","Sydney",-33.87861687,151.2062574,"Entire home/apt",5,2,1,"$226.00",1,365,18,2,0,5,"f",0.43
6090,"5/02/2016","within an hour","f",9,"t","Auburn",-33.825668,151.076126,"Entire home/apt",2,1,1,"$240.00",2,365,29,1,0,5,"f",0.03
4592,"23/12/2014","within an hour","f",1,"f","Randwick",-33.92315,151.25573,"Entire home/apt",3,NA,2,"",1,14,0,9,0,4.67,"f",0.31
15585,"13/03/2024","within an hour","t",2,"t","Sutherland Shire",-34.03184,151.10931,"Entire home/apt",8,3,4,"$487.00",14,365,8,7,0,4.86,"f",1.33
8956,"10/06/2014","within an hour","f",1,"t","Sutherland Shire",-34.041105,151.1603242,"Entire home/apt",6,1.5,3,"$275.00",30,200,0,2,0,5,"f",0.12
17424,"8/07/2017","within an hour","",83,"t","Camden",-33.99413,150.72572,"Entire home/apt",8,2,4,"$231.00",1,365,0,0,0,NA,"t",NA
5022,"1/04/2018","within an hour","t",7,"t","Botany Bay",-33.95029,151.22863,"Entire home/apt",5,2,3,"$163.00",1,1125,5,67,1,4.85,"t",1.26
14209,"4/11/2024","within an hour","f",1,"t","Marrickville",-33.91525,151.14368,"Entire home/apt",6,1,2,"$138.00",1,365,9,13,3,4.62,"f",1.95
11873,"8/11/2015","within an hour","t",1,"t","Randwick",-33.9162354,151.2587312,"Entire home/apt",4,1,2,"$205.00",1,120,11,44,1,5,"f",4.13
13991,"24/07/2019","N/A","f",912,"t","Waverley",-33.8929692,151.2468243,"Entire home/apt",2,1,0,"$176.00",3,365,22,8,0,4.75,"t",1.05
5630,"27/02/2016","within a day","f",1,"t","Warringah",-33.74407,151.27906,"Entire home/apt",2,1,1,"$200.00",2,10,27,6,0,5,"f",0.14
16798,"10/12/2015","within an hour","f",32,"t","Sydney",-33.9131274,151.2029875,"Entire home/apt",5,2,2,"$256.00",2,365,29,1,0,5,"f",0.65
7444,"24/07/2012","within a few hours","t",126,"t","Pittwater",-33.60028432,151.3291089,"Entire home/apt",10,5,5,"$1,922.00",1,1125,13,1,0,5,"f",0.05
11250,"24/02/2024","within an hour","f",1,"t","Sydney",-33.87467639,151.2045905,"Private room",1,1,1,"$191.00",1,365,29,9,0,4.67,"t",0.6
6059,"29/08/2024","N/A","f",39,"t","Sydney",-33.893307,151.184586,"Entire home/apt",2,1,1,"$202.00",90,1125,0,0,0,NA,"t",NA
3330,"11/08/2015","within an hour","f",34,"t","Woollahra",-33.88813,151.23456,"Entire home/apt",6,2,3,"$935.00",3,1125,2,4,0,4.75,"f",0.06
6439,"25/11/2016","within an hour","t",5,"t","Sydney",-33.91272352,151.2097602,"Private room",2,NA,NA,"",3,30,0,6,0,4.67,"f",0.17
15121,"31/05/2017","within an hour","f",2,"t","Camden",-34.06422389,150.7212638,"Entire home/apt",6,1,3,"$251.00",1,28,13,18,4,4.83,"t",4.15
14372,"5/10/2024","within an hour","f",4,"t","Bankstown",-33.91035724,151.037796,"Entire home/apt",8,2.5,4,"$264.00",2,365,14,11,1,4.45,"t",1.49
16001,"18/08/2022","within an hour","f",10,"t","The Hills Shire",-33.7339634,150.9677195,"Private room",3,1,1,"$206.00",1,90,28,10,0,4.1,"t",2.97
15988,"15/10/2014","N/A","f",3,"t","Mosman",-33.82343627,151.2464512,"Entire home/apt",4,2,2,"$499.00",2,14,0,0,0,NA,"t",NA
10357,"26/11/2023","within an hour","t",43,"t","Sydney",-33.8608572,151.2031712,"Entire home/apt",6,1,2,"$192.00",1,365,16,55,3,4.73,"t",2.93
5582,"16/06/2021","within an hour","f",57,"t","Sydney",-33.88247,151.20934,"Entire home/apt",2,NA,1,"",90,120,0,15,0,4.47,"f",0.34
17838,"29/10/2024","within an hour","f",16,"t","Sydney",-33.8822909,151.203401,"Entire home/apt",2,1,1,"$122.00",7,365,4,0,0,NA,"f",NA
509,"18/06/2013","N/A","f",1,"t","Waverley",-33.89045,151.26821,"Entire home/apt",6,2.5,3,"$1,308.00",90,1125,29,12,0,4.92,"f",0.11
3053,"26/03/2018","N/A","f",1,"f","Blacktown",-33.75251,150.9282,"Private room",2,1,1,"$90.00",90,100,29,4,0,5,"f",0.05
15793,"4/12/2024","within a few hours","f",53,"t","Sydney",-33.90252004,151.2120179,"Entire home/apt",4,2,2,"$183.00",7,365,0,1,0,5,"f",0.21
13110,"11/01/2020","within an hour","t",45,"t","Auburn",-33.8482442,151.0733323,"Entire home/apt",4,2,2,"$280.00",4,365,18,10,1,5,"f",2.01
6014,"18/11/2017","within an hour","t",1,"t","Sydney",-33.88655,151.20915,"Entire home/apt",2,1,1,"$228.00",3,14,13,149,3,4.93,"f",3.82
13890,"29/04/2016","within an hour","t",12,"t","Sydney",-33.8780506,151.2208838,"Entire home/apt",4,1,2,"$208.00",1,365,2,17,3,4.94,"t",3.05
1286,"1/09/2024","N/A","f",44,"t","Willoughby",-33.82128,151.19359,"Entire home/apt",2,1,1,"$227.00",5,1125,20,14,1,4.64,"t",0.16
15711,"15/02/2016","within an hour","f",1,"t","Ryde",-33.82028689,151.112311,"Entire home/apt",8,3,5,"$313.00",3,365,3,1,1,5,"f",1
15890,"1/02/2025","within an hour","f",1,"t","Auburn",-33.84824,151.06172,"Entire home/apt",4,2,2,"$373.00",1,365,19,4,1,4.75,"t",1.01
8687,"8/06/2023","within an hour","f",1,"t","Woollahra",-33.8759118,151.2345211,"Entire home/apt",2,1,1,"$127.00",1,1125,24,140,0,4.66,"f",5.9
15176,"10/04/2016","N/A","f",1,"t","North Sydney",-33.830097,151.193832,"Entire home/apt",5,1,3,"$500.00",1,365,29,0,0,NA,"f",NA
11328,"10/07/2013","within an hour","f",244,"t","Randwick",-33.92455,151.2505,"Entire home/apt",10,NA,3,"",1,1125,0,7,0,5,"t",0.48
3932,"26/01/2018","within an hour","f",13,"t","Willoughby",-33.79731,151.17789,"Entire home/apt",4,NA,1,"",365,365,28,20,0,4.4,"f",0.31
4202,"9/10/2019","within an hour","f",6,"t","Bankstown",-33.89918518,151.047821,"Private room",2,0,1,"$180.00",1,1125,29,26,0,4.31,"t",0.41
13497,"16/04/2015","within an hour","f",2,"t","Sydney",-33.90362848,151.2011734,"Private room",1,1,1,"$90.00",4,180,10,5,0,5,"f",0.73
9872,"29/11/2017","within a few hours","f",1,"t","Ryde",-33.76741826,151.1055071,"Entire home/apt",4,2,2,"$219.00",2,90,25,13,0,4.92,"f",0.67
16793,"7/04/2023","within an hour","f",67,"t","Bankstown",-33.91428,151.05333,"Private room",2,1,1,"$41.00",1,365,23,0,0,NA,"t",NA
15389,"25/08/2019","within an hour","f",169,"t","Burwood",-33.87159,151.1111,"Private room",1,3,1,"$50.00",4,365,13,3,0,3.33,"f",0.59
9348,"1/06/2020","within an hour","t",2,"t","Warringah",-33.7860051,151.2901078,"Entire home/apt",4,2,2,"$354.00",28,90,28,6,0,5,"f",0.82
3109,"26/03/2014","N/A","f",1,"t","Rockdale",-33.93892,151.14631,"Entire home/apt",7,2,2,"$177.00",90,1125,28,0,0,NA,"t",NA
2789,"12/04/2017","within an hour","f",14,"t","Sydney",-33.88256,151.19594,"Private room",3,1,1,"$235.00",1,90,26,28,0,4.82,"t",0.54
1437,"26/02/2015","within an hour","t",1,"t","Warringah",-33.76212,151.28322,"Entire home/apt",4,1,1,"$125.00",2,60,6,231,3,4.84,"t",2.14
5067,"24/11/2020","a few days or more","f",1,"t","Randwick",-33.91165,151.2537,"Entire home/apt",2,1,1,"$111.00",90,1125,5,0,0,NA,"f",NA
833,"12/02/2013","within a few hours","t",1,"t","Sydney",-33.8733,151.22387,"Entire home/apt",2,1,0,"$151.00",4,400,3,58,1,4.9,"f",0.5
18023,"10/09/2012","within an hour","f",6,"t","Woollahra",-33.87416,151.23993,"Private room",2,1,1,"$95.00",2,90,29,1,1,5,"t",1
12807,"6/08/2018","N/A","f",1,"t","Auburn",-33.82348214,151.0792399,"Entire home/apt",2,1,1,"$450.00",2,365,29,2,0,4.5,"f",0.27
12518,"17/04/2024","within an hour","f",13,"t","Rockdale",-33.9564892,151.1435467,"Entire home/apt",2,1,1,"$130.00",90,730,4,26,1,4.73,"t",2.33
10053,"24/07/2019","N/A","f",912,"t","Manly",-33.79666,151.28635,"Entire home/apt",2,1,1,"$195.00",3,365,21,16,0,4.31,"t",0.93
12671,"20/06/2024","within an hour","f",1,"t","Sydney",-33.87761587,151.2139799,"Entire home/apt",2,1,1,"$154.00",2,7,22,38,5,4.66,"f",3.29
3412,"7/12/2014","within an hour","f",1,"f","Pittwater",-33.59834,151.32343,"Entire home/apt",5,1.5,2,"$765.00",2,1125,29,58,0,4.98,"f",0.78
3754,"30/07/2015","N/A","f",2,"t","Sydney",-33.87278,151.22318,"Entire home/apt",2,1,0,"$265.00",90,365,0,95,0,4.35,"f",1.36
15244,"23/06/2013","within an hour","f",1,"t","Waverley",-33.90477942,151.2594751,"Entire home/apt",2,1,1,"$185.00",2,10,14,5,0,5,"f",0.91
14049,"18/02/2017","within a few hours","t",8,"t","Sutherland Shire",-34.00722656,151.0568525,"Entire home/apt",7,3.5,4,"$895.00",5,365,29,1,0,5,"f",0.18
12590,"16/07/2014","within a few hours","f",1,"t","Canterbury",-33.92018,151.11889,"Entire home/apt",4,1,2,"$213.00",3,45,28,15,0,4.6,"f",1.45
5960,"22/06/2018","within a few hours","f",1,"t","Manly",-33.7893,151.24145,"Entire home/apt",6,2.5,3,"$765.00",5,30,18,5,0,5,"f",0.17
16292,"16/04/2019","within an hour","t",21,"t","Penrith",-33.76575,150.79101,"Entire home/apt",2,1,1,"$119.00",2,365,1,4,0,5,"f",1.19
7081,"17/10/2022","within an hour","f",2,"t","The Hills Shire",-33.71905,150.9524,"Entire home/apt",6,2.5,3,"$176.00",2,365,19,36,1,4.47,"f",1.14
4844,"24/02/2013","within an hour","t",92,"t","Sydney",-33.87958,151.20349,"Entire home/apt",4,1,1,"$190.00",60,1125,0,13,0,4.92,"t",0.24
10607,"30/09/2018","within a day","f",1,"t","Pittwater",-33.66068087,151.3113111,"Entire home/apt",2,1,1,"$190.00",2,90,28,13,0,4.85,"f",0.81
105,"8/03/2012","within an hour","f",1,"t","Waverley",-33.88498132,151.2741928,"Entire home/apt",8,NA,4,"",10,25,0,16,0,4.75,"f",0.11
10673,"31/03/2022","within an hour","f",10,"t","Sydney",-33.9161342,151.2001872,"Entire home/apt",2,1,1,"$212.00",3,365,0,22,1,4.91,"t",1.39
6672,"4/10/2016","within an hour","f",1,"t","Manly",-33.79362,151.28247,"Entire home/apt",6,1,3,"$630.00",6,50,0,14,0,4.93,"f",0.46
9065,"28/01/2022","within an hour","t",11,"t","Penrith",-33.77453765,150.7135244,"Entire home/apt",12,2,5,"$403.00",1,1125,12,19,1,4.95,"t",1
17454,"9/07/2022","within an hour","t",7,"t","Botany Bay",-33.92243,151.19459,"Entire home/apt",4,1,1,"$184.00",1,60,29,0,0,NA,"f",NA
14051,"12/04/2019","within an hour","f",63,"t","Campbelltown",-33.9819942,150.9000968,"Private room",2,2.5,1,"$53.00",3,89,25,5,0,3.8,"f",0.68
4393,"25/10/2013","within a few hours","f",1,"t","Hornsby",-33.53799,151.24177,"Entire home/apt",4,NA,3,"",2,1125,0,38,0,4.89,"f",0.86
4064,"22/12/2018","N/A","t",2,"t","Sydney",-33.87759,151.21475,"Entire home/apt",5,NA,2,"",3,90,0,227,0,4.97,"f",3.38
832,"28/08/2015","within a day","f",1,"t","Ashfield",-33.87642,151.12749,"Private room",2,1,1,"$68.00",90,180,16,59,0,4.71,"f",0.5
13592,"23/09/2024","N/A","f",1,"t","Randwick",-33.92519986,151.2349382,"Entire home/apt",6,1.5,3,"$491.00",3,90,0,0,0,NA,"f",NA
3622,"12/08/2019","within an hour","f",9,"t","Sydney",-33.87236,151.20627,"Private room",2,1,1,"$267.00",1,1125,13,5,0,4.8,"t",0.07
6425,"26/08/2016","within an hour","f",78,"t","Ashfield",-33.8909,151.13337,"Entire home/apt",3,1,0,"$143.00",90,180,0,45,0,4.51,"t",1.14
16835,"16/04/2019","within an hour","t",21,"t","Penrith",-33.76509327,150.7927924,"Entire home/apt",4,1,2,"$110.00",2,365,0,4,0,5,"f",1.67
5299,"2/12/2012","within an hour","f",1,"t","Waverley",-33.88864,151.27641,"Entire home/apt",5,1,2,"$380.00",3,60,0,58,0,4.86,"f",1.13
6099,"1/10/2012","within an hour","f",45,"t","Waverley",-33.88877869,151.283371,"Entire home/apt",2,1,1,"$217.00",3,90,29,89,0,4.74,"t",2.32
5305,"10/07/2013","within an hour","f",244,"t","Sydney",-33.86963329,151.2116115,"Entire home/apt",2,NA,1,"",90,1125,0,0,0,NA,"t",NA
615,"22/08/2013","within a few hours","f",2,"t","Manly",-33.79048,151.27685,"Entire home/apt",2,1,1,"$135.00",2,30,15,150,2,4.77,"f",1.36
611,"15/07/2013","N/A","f",1,"t","Randwick",-33.92322,151.24813,"Entire home/apt",2,NA,1,"",7,54,0,6,0,4.83,"f",0.09
13172,"1/08/2021","within an hour","f",1,"t","Blacktown",-33.7512108,150.8984676,"Entire home/apt",4,1,2,"$136.00",2,1125,6,3,3,5,"t",3
213,"11/01/2015","N/A","f",1,"t","Woollahra",-33.8671,151.24962,"Entire home/apt",5,1,2,"$360.00",90,1125,29,28,0,4.93,"f",0.25
16247,"28/02/2024","within an hour","f",10,"t","Parramatta",-33.8194389,151.0041737,"Entire home/apt",6,2,2,"$181.00",2,365,5,12,5,4.83,"t",3.3
16293,"29/04/2024","N/A","f",18,"t","Sydney",-33.88346,151.21789,"Entire home/apt",2,1,1,"$171.00",2,365,4,10,3,4.9,"f",2.68
14152,"9/06/2022","N/A","f",1,"t","North Sydney",-33.83989486,151.2185065,"Entire home/apt",4,NA,2,"",4,365,0,5,0,5,"f",0.72
7351,"13/11/2014","within a day","t",82,"t","Pittwater",-33.60623,151.33089,"Entire home/apt",10,4,5,"$1,836.00",1,1125,28,0,0,NA,"f",NA
453,"15/05/2013","within an hour","f",1,"t","Waverley",-33.88528442,151.2830963,"Entire home/apt",4,2.5,2,"$376.00",2,1125,29,31,0,4.77,"t",0.21
14330,"29/08/2021","N/A","f",1,"t","Warringah",-33.763952,151.2959278,"Entire home/apt",2,1,1,"$147.00",90,365,0,1,0,5,"f",0.19
14419,"13/08/2019","within an hour","",37,"t","Waverley",-33.8893327,151.2702308,"Entire home/apt",2,NA,1,"",3,30,0,2,0,5,"t",0.35
11122,"18/07/2018","within an hour","f",2,"t","Liverpool",-33.9444206,150.910938,"Entire home/apt",6,NA,2,"",5,365,16,2,0,5,"f",0.16
5748,"31/05/2021","within a few hours","f",6,"t","Pittwater",-33.60434,151.32305,"Entire home/apt",8,4,4,"$1,200.00",2,5,0,0,0,NA,"f",NA
1216,"17/07/2015","within an hour","t",4,"t","Parramatta",-33.8075037,151.0173393,"Private room",1,1.5,1,"$56.00",1,200,2,62,0,4.77,"f",0.6
5317,"19/02/2014","within an hour","f",1,"t","Manly",-33.80909,151.2576,"Entire home/apt",8,3,5,"$585.00",7,1125,0,7,0,4.57,"f",0.17
16267,"11/12/2023","within an hour","t",2,"t","Waverley",-33.888,151.27835,"Entire home/apt",6,1,2,"$130.00",2,30,0,3,2,4,"t",1.11
7194,"10/12/2018","within an hour","f",6,"f","Campbelltown",-33.99847728,150.8652251,"Entire home/apt",6,1,2,"$217.00",2,365,2,33,0,4.64,"f",1.09
8989,"3/10/2022","N/A","f",14,"t","Sydney",-33.86281,151.20326,"Private room",2,1,1,"$800.00",90,365,29,0,0,NA,"f",NA
18046,"19/01/2015","N/A","f",1,"t","Waverley",-33.88996782,151.2679906,"Entire home/apt",4,3,2,"$480.00",1,365,19,0,0,NA,"f",NA
17917,"18/03/2024","within an hour","f",10,"t","Sydney",-33.88887567,151.180787,"Entire home/apt",4,2,2,"$219.00",2,365,5,0,0,NA,"f",NA
15668,"15/01/2025","within a few hours","f",1,"t","Willoughby",-33.7972719,151.178362,"Entire home/apt",3,1,1,"$163.00",1,365,18,6,1,5,"f",1.37
8401,"16/08/2015","within an hour","t",3,"t","Sydney",-33.8738292,151.2191182,"Private room",2,1,1,"$94.00",2,30,6,103,1,4.97,"f",5.17
12757,"25/02/2022","within a few hours","f",1,"f","Liverpool",-33.92441721,150.9155501,"Private room",2,NA,2,"",1,366,29,0,0,NA,"f",NA
11699,"21/03/2016","within a few hours","f",1,"t","Sydney",-33.9033235,151.186887,"Entire home/apt",2,1,1,"$140.00",5,365,0,3,1,5,"t",0.24
12944,"29/05/2012","N/A","f",1,"f","Randwick",-33.91328584,151.2355208,"Entire home/apt",7,2.5,4,"$1,620.00",7,24,0,1,0,5,"f",0.18
17592,"11/02/2022","within an hour","f",20,"t","Waverley",-33.8868837,151.2707019,"Entire home/apt",4,1,2,"$213.00",3,365,28,0,0,NA,"f",NA
6076,"4/11/2017","N/A","f",1,"t","Sydney",-33.89436,151.21517,"Entire home/apt",8,NA,3,"",2,14,0,14,0,4.71,"f",0.42
941,"12/03/2016","N/A","f",1,"f","Hornsby",-33.58997,151.11601,"Entire home/apt",6,2.5,3,"$732.00",1,1125,27,7,0,4.43,"f",0.07
8090,"1/03/2014","within an hour","f",1,"t","Pittwater",-33.60473565,151.2997392,"Entire home/apt",4,1,2,"$411.00",2,365,29,9,0,4.89,"f",0.42
6199,"1/08/2016","N/A","f",1,"t","Randwick",-33.909439,151.2486338,"Entire home/apt",5,2,2,"$348.00",7,365,28,5,0,5,"f",0.16
17586,"3/10/2024","within a few hours","f",3,"t","Sydney",-33.86860215,151.2036204,"Private room",2,1,1,"$129.00",28,365,28,0,0,NA,"f",NA
2768,"24/05/2018","N/A","f",3,"t","Leichhardt",-33.88663,151.15603,"Entire home/apt",2,1,1,"$175.00",90,1125,29,121,0,4.74,"t",1.41
10200,"23/11/2023","within a day","",3,"t","Sydney",-33.90025903,151.2050319,"Entire home/apt",2,1,1,"$342.00",3,30,29,6,0,5,"f",0.34
8495,"26/04/2023","within an hour","f",2,"t","Fairfield",-33.87701772,150.9340631,"Entire home/apt",4,1,2,"$127.00",1,365,7,135,4,4.74,"f",5.29
6827,"10/07/2013","within an hour","f",244,"t","Sydney",-33.873,151.22465,"Entire home/apt",4,1,2,"$485.00",1,1125,0,0,0,NA,"t",NA
2921,"18/10/2014","within an hour","t",3,"t","Waverley",-33.86135,151.27994,"Entire home/apt",4,1.5,2,"$650.00",7,250,0,1,0,5,"f",0.18
17458,"16/12/2024","within an hour","f",27,"t","Auburn",-33.85042,151.06102,"Entire home/apt",4,2,2,"$218.00",2,365,25,0,0,NA,"f",NA
1962,"7/06/2016","N/A","f",3,"t","Ryde",-33.80248,151.11238,"Entire home/apt",3,1,2,"$189.00",90,365,28,11,0,4.45,"f",0.12
6612,"26/01/2018","within an hour","f",13,"t","Willoughby",-33.79642,151.17918,"Entire home/apt",3,1,1,"$182.00",4,365,4,6,0,4.17,"f",0.2
6170,"20/05/2015","within an hour","f",11,"t","Leichhardt",-33.88662,151.17032,"Private room",2,2,1,"$70.00",2,365,18,105,4,4.79,"t",2.77
3319,"20/12/2012","N/A","f",1,"t","Waverley",-33.89868,151.26155,"Entire home/apt",2,1,1,"$180.00",90,1125,29,1,0,5,"f",0.02
15879,"2/10/2016","within a few hours","f",2,"f","City Of Kogarah",-33.99857,151.10323,"Entire home/apt",8,7,6,"$5,214.00",14,365,29,0,0,NA,"f",NA
17347,"18/06/2012","within a few hours","t",3,"t","Sydney",-33.90031,151.18443,"Entire home/apt",4,NA,2,"",3,9,0,0,0,NA,"f",NA
12436,"24/10/2011","within an hour","t",75,"t","Manly",-33.7985651,151.2837706,"Entire home/apt",4,2,2,"$380.00",3,365,22,22,0,4.91,"f",2.11
14841,"30/11/2023","within a few hours","f",49,"t","Sydney",-33.9136,151.2114,"Entire home/apt",2,NA,1,"",6,365,0,0,0,NA,"f",NA
2479,"8/07/2016","within an hour","f",7,"t","Sydney",-33.87585,151.22575,"Private room",2,1,1,"$156.00",1,999,14,117,2,4.55,"t",1.52
749,"10/11/2014","within a day","f",1,"t","Sydney",-33.91315,151.20383,"Entire home/apt",2,NA,NA,"",90,1125,28,235,0,4.72,"f",2.02
14033,"10/01/2018","within an hour","f",1,"t","Hornsby",-33.53684,151.23822,"Entire home/apt",7,3,4,"$441.00",2,5,20,1,0,5,"f",0.52
15536,"22/02/2016","within an hour","t",1,"t","Sydney",-33.87149156,151.2298994,"Entire home/apt",2,1,1,"$196.00",2,365,12,14,2,4.86,"f",2.53
12458,"20/06/2015","within a few hours","t",1,"t","Marrickville",-33.90219602,151.1761993,"Private room",1,0.5,1,"$90.00",15,365,0,3,0,5,"f",0.32
16874,"18/03/2025","within an hour","f",23,"t","Hornsby",-33.7679234,151.0768281,"Private room",2,1,1,"$53.00",1,365,29,2,0,5,"t",0.78
4228,"7/01/2016","within an hour","f",1,"t","Sydney",-33.87775,151.20986,"Entire home/apt",2,1,1,"$275.00",1,1125,0,170,0,4.91,"f",3.38
17220,"20/06/2022","within a few hours","f",32,"t","Botany Bay",-33.9546198,151.2298477,"Shared room",1,1,1,"$24.00",7,365,0,0,0,NA,"f",NA
12080,"23/10/2014","within an hour","t",1,"t","Ku-Ring-Gai",-33.7345488,151.1065899,"Entire home/apt",4,1.5,1,"$159.00",1,28,12,103,3,4.97,"t",8.7
13819,"3/07/2013","within a few hours","f",1,"t","Randwick",-33.94343865,151.258273,"Entire home/apt",4,1,2,"$324.00",5,365,3,2,0,5,"f",0.36
12755,"24/10/2011","within an hour","t",75,"t","Manly",-33.7986679,151.2843402,"Entire home/apt",2,1,1,"$160.00",3,365,14,21,0,4.9,"f",1.97
18034,"31/08/2016","within an hour","",45,"t","Auburn",-33.84873216,151.0762511,"Entire home/apt",2,1,1,"$219.00",2,365,29,1,1,5,"f",1
9910,"21/10/2023","within an hour","f",42,"t","Sydney",-33.88252217,151.1935271,"Entire home/apt",8,NA,3,"",90,365,0,3,0,4,"t",0.17
5084,"24/07/2019","N/A","f",912,"t","Randwick",-33.92071,151.24881,"Entire home/apt",4,1,2,"$265.00",3,365,16,65,0,4.4,"t",1.17
13811,"29/04/2024","N/A","f",18,"t","Marrickville",-33.9098847,151.1590473,"Entire home/apt",4,NA,2,"",2,365,0,0,0,NA,"f",NA
6632,"22/01/2017","N/A","f",1,"t","Pittwater",-33.66118,151.2857,"Entire home/apt",12,4.5,6,"$3,750.00",90,1125,29,0,0,NA,"f",NA
4694,"12/11/2018","within an hour","f",8,"t","Waverley",-33.89064,151.27089,"Entire home/apt",4,1,1,"$170.00",4,1125,22,46,2,4.76,"t",1.5
17713,"8/05/2019","within an hour","f",1,"f","Warringah",-33.74574,151.28259,"Entire home/apt",5,1,2,"$289.00",2,128,28,0,0,NA,"f",NA
15266,"9/04/2024","within an hour","f",50,"t","Sydney",-33.90263757,151.1871435,"Entire home/apt",6,2,3,"$271.00",1,65,0,5,0,4.2,"t",0.89
16241,"19/01/2021","within an hour","f",1,"t","Campbelltown",-34.0425558,150.8511675,"Entire home/apt",10,2.5,4,"$238.00",2,187,29,3,0,4,"t",0.83
9857,"11/08/2015","within an hour","f",34,"t","Woollahra",-33.87288324,151.2355093,"Entire home/apt",3,NA,1,"",90,365,0,1,0,3,"f",0.05
6638,"4/07/2021","within an hour","t",1,"t","Rockdale",-33.95363,151.16045,"Entire home/apt",10,3,3,"$419.00",2,1125,23,126,3,4.92,"t",3.82
17410,"31/03/2012","a few days or more","f",1,"t","Willoughby",-33.81489897,151.2110917,"Entire home/apt",2,0,1,"$105.00",2,30,28,0,0,NA,"f",NA
15327,"9/04/2024","within an hour","f",50,"t","Auburn",-33.84853,151.05977,"Entire home/apt",4,2,2,"$225.00",1,365,24,7,0,4.43,"f",1.47
9433,"29/07/2018","within an hour","f",2,"t","Ryde",-33.81742898,151.1038562,"Entire home/apt",4,1,2,"$191.00",2,1125,4,33,0,4.64,"t",1.58
9981,"24/02/2013","within an hour","t",92,"t","Sydney",-33.87644941,151.2038,"Entire home/apt",8,NA,3,"",2,365,3,91,4,4.68,"t",4.7
8269,"21/01/2018","within a few hours","t",1,"t","Sydney",-33.8726723,151.2241081,"Entire home/apt",2,1,1,"$151.00",5,90,17,36,1,4.83,"f",1.42
14597,"17/09/2024","within an hour","f",5,"t","Canada Bay",-33.82792,151.08731,"Entire home/apt",5,2,2,"$244.00",2,365,11,16,4,4.94,"f",2.38
6609,"25/07/2021","within an hour","t",5,"t","Camden",-34.00565,150.75481,"Entire home/apt",8,2,4,"$302.00",1,365,22,78,2,4.97,"f",2.39
4577,"17/03/2020","a few days or more","f",1,"f","North Sydney",-33.83364,151.19296,"Private room",1,1,1,"$63.00",90,1125,29,0,0,NA,"t",NA
17173,"3/01/2012","within an hour","f",1,"t","Sydney",-33.87931,151.21246,"Entire home/apt",2,1,1,"$270.00",30,100,14,0,0,NA,"f",NA
13315,"30/07/2024","within an hour","f",6,"t","Penrith",-33.74318,150.67942,"Entire home/apt",5,1,2,"$194.00",1,1125,13,1,0,5,"t",0.16
17289,"27/08/2024","within an hour","t",3,"t","Sydney",-33.87594028,151.1993491,"Entire home/apt",4,1,1,"$249.00",3,365,19,1,1,5,"f",1
11831,"10/11/2021","N/A","f",1,"t","Fairfield",-33.88100626,150.9759342,"Entire home/apt",4,NA,2,"",90,1125,0,17,0,4.76,"t",1.36
3442,"19/11/2015","within an hour","t",3,"t","Liverpool",-33.94883,150.87495,"Entire home/apt",5,1,3,"$228.00",3,365,29,35,1,4.89,"f",0.48
11373,"22/06/2016","within an hour","t",3,"t","Bankstown",-33.95154,150.99306,"Entire home/apt",8,2,3,"$111.00",1,365,3,52,3,4.85,"f",3.9
9151,"4/11/2017","within an hour","t",2,"t","Pittwater",-33.63739172,151.3307614,"Entire home/apt",4,1,1,"$210.00",2,365,26,59,2,4.92,"t",2.67
1778,"11/04/2017","within an hour","t",1,"t","Sutherland Shire",-34.07142984,151.1505589,"Entire home/apt",2,1,1,"$110.00",2,90,18,196,2,4.87,"f",1.99
15475,"20/05/2012","within an hour","f",1,"t","Sydney",-33.90191619,151.1868856,"Entire home/apt",4,1,2,"$270.00",2,30,12,14,4,5,"f",5.19
9104,"11/06/2014","within a few hours","f",2,"t","Warringah",-33.77618577,151.2884083,"Entire home/apt",4,1.5,2,"$293.00",90,1125,29,6,0,4.33,"t",0.28
7127,"16/07/2014","within an hour","t",5,"t","City Of Kogarah",-33.992015,151.0973379,"Entire home/apt",12,4.5,4,"$1,257.00",2,1125,0,28,0,4.96,"f",0.94
7050,"16/08/2016","within an hour","f",1,"t","Woollahra",-33.88296,151.22239,"Entire home/apt",2,1,0,"$145.00",5,1125,6,90,1,4.86,"t",2.93
9233,"16/10/2018","within an hour","f",10,"t","North Sydney",-33.8477641,151.2057241,"Entire home/apt",2,1,1,"$213.00",1,1125,13,72,3,4.78,"t",3.03
9789,"24/06/2013","within a few hours","f",1,"t","Warringah",-33.78104836,151.2695349,"Entire home/apt",2,1,1,"$100.00",5,365,2,16,0,4.94,"f",0.78
16044,"19/01/2024","within an hour","t",5,"t","Penrith",-33.77608024,150.7865443,"Private room",1,1,1,"$63.00",1,365,29,5,0,5,"f",1.28
8246,"1/12/2017","N/A","f",1,"t","Sydney",-33.900874,151.2074149,"Entire home/apt",5,NA,2,"",3,1125,0,1,0,5,"t",0.04
13093,"31/07/2024","within an hour","f",7,"t","Waverley",-33.89224933,151.2722524,"Private room",4,1,1,"$231.00",1,365,29,1,0,1,"t",0.12
8833,"26/04/2010","within an hour","f",51,"t","Waverley",-33.8880596,151.2743915,"Entire home/apt",6,2,2,"$286.00",2,365,16,24,2,4.54,"f",1.06
13600,"24/09/2024","within an hour","f",1,"t","Blacktown",-33.72345426,150.8136222,"Entire home/apt",8,2,4,"$271.00",1,365,15,21,1,4.62,"t",3.52
8912,"4/07/2020","within a day","f",4,"t","Rockdale",-33.95119146,151.1419564,"Private room",2,1,1,"$89.00",1,1125,28,6,0,4.67,"f",0.32
4299,"2/04/2013","within an hour","t",3,"t","Waverley",-33.88825,151.27397,"Private room",2,1,1,"$92.00",1,30,20,77,1,4.94,"f",1.16
12655,"21/06/2024","within an hour","f",3,"t","Canterbury",-33.91304,151.0746,"Private room",1,1,1,"$56.00",1,1125,10,10,1,4.4,"t",0.96
17672,"19/05/2025","within an hour","f",1,"t","Woollahra",-33.8760833,151.2456413,"Entire home/apt",3,1,2,"$244.00",2,180,11,0,0,NA,"f",NA
1213,"1/06/2014","within an hour","t",2,"t","Manly",-33.79544,151.28688,"Entire home/apt",3,1,1,"$168.00",2,365,5,203,1,4.77,"t",1.98
15747,"7/04/2023","within an hour","f",67,"t","Ryde",-33.80494123,151.0742308,"Private room",2,1,1,"$59.00",1,365,27,1,0,1,"t",0.55
1819,"4/09/2017","within an hour","f",1,"t","Pittwater",-33.60415,151.32848,"Entire home/apt",6,1,2,"$179.00",1,177,27,140,1,4.55,"f",1.49
7100,"27/06/2013","N/A","t",1,"f","Sydney",-33.87889,151.19185,"Entire home/apt",2,NA,1,"",2,5,0,17,0,4.76,"t",1.47
16368,"29/04/2016","within an hour","f",4,"t","Hornsby",-33.71153403,151.0955177,"Entire home/apt",4,1,3,"$167.00",1,60,15,1,0,5,"f",0.29
4511,"10/03/2020","within an hour","f",6,"t","Sydney",-33.87266,151.20425,"Entire home/apt",3,1,1,"$339.00",1,1125,17,42,0,4.6,"t",0.82
3665,"1/12/2016","within an hour","f",3,"t","Liverpool",-33.92436,150.84597,"Entire home/apt",11,NA,3,"",5,1125,20,37,0,4.59,"t",0.51
10460,"11/12/2014","within a day","f",72,"t","Warringah",-33.7338473,151.3044015,"Entire home/apt",6,3,3,"$1,235.00",2,1125,28,2,0,5,"f",0.27
2818,"27/08/2018","N/A","f",1,"t","Pittwater",-33.694,151.27701,"Entire home/apt",5,1.5,2,"$109.00",90,1125,0,79,0,4.87,"f",0.99
6909,"15/04/2017","N/A","f",1,"t","Pittwater",-33.63314,151.3304,"Entire home/apt",3,1,1,"$165.00",1,90,0,49,0,4.92,"f",1.55
10910,"3/01/2023","within an hour","t",5,"t","Rockdale",-33.92757,151.15528,"Entire home/apt",7,2,3,"$301.00",1,365,9,60,2,4.95,"f",4.42
17132,"31/12/2022","within an hour","f",3,"t","Rockdale",-33.96423,151.14694,"Entire home/apt",2,1,1,"$146.00",2,365,17,0,0,NA,"t",NA
8973,"2/02/2014","within a few hours","t",1,"t","Woollahra",-33.88384206,151.2266166,"Entire home/apt",2,1,1,"$215.00",3,365,0,23,0,4.96,"f",2.76
14576,"23/04/2021","within a day","f",1,"t","Botany Bay",-33.9511163,151.2279778,"Entire home/apt",2,1,1,"$143.00",7,22,29,0,0,NA,"f",NA
9429,"13/01/2025","N/A","f",57,"t","Sydney",-33.85896,151.203,"Entire home/apt",7,2.5,3,"$261.00",1,365,8,89,3,4.66,"f",4.32
9678,"20/08/2012","within an hour","t",2,"t","Hornsby",-33.5396025,151.2422805,"Entire home/apt",6,NA,3,"",2,1125,0,0,0,NA,"f",NA
5069,"29/05/2018","within a day","f",3,"t","Manly",-33.80289,151.2873,"Entire home/apt",2,1,0,"$134.00",2,352,25,58,1,4.71,"f",1.17
17656,"12/04/2019","within an hour","f",63,"t","Holroyd",-33.8483814,150.9620768,"Private room",1,2.5,1,"$45.00",1,89,20,1,1,2,"f",1
9285,"10/01/2018","within an hour","f",16,"t","Randwick",-33.91686422,151.2479115,"Entire home/apt",2,1,1,"$322.00",2,90,0,16,0,4.25,"f",0.74
12876,"14/03/2018","within an hour","f",44,"t","Sydney",-33.88071687,151.2145984,"Entire home/apt",2,1,0,"$118.00",1,365,4,20,0,4.6,"f",1.97
7719,"19/01/2022","within an hour","t",42,"t","Hornsby",-33.716291,151.1083268,"Entire home/apt",3,NA,1,"",28,365,0,0,0,NA,"f",NA
8861,"10/07/2023","within an hour","t",1,"t","Randwick",-33.91954,151.22432,"Private room",1,1,1,"$64.00",1,30,10,92,1,4.84,"f",3.93
13371,"5/01/2023","within an hour","f",50,"t","Blacktown",-33.74,150.89822,"Private room",1,1,1,"$51.00",1,89,27,6,0,4.17,"f",0.63
16726,"17/11/2023","within a few hours","f",40,"t","Botany Bay",-33.933578,151.194023,"Entire home/apt",4,2,2,"$128.00",5,365,7,0,0,NA,"f",NA
15421,"13/05/2015","within an hour","f",14,"t","Sydney",-33.89292067,151.2068529,"Entire home/apt",2,1,0,"$170.00",2,30,23,1,0,5,"t",0.19
10975,"12/10/2014","within a few hours","f",1,"t","Warringah",-33.77211298,151.2805066,"Entire home/apt",2,1,1,"$128.00",7,60,20,10,0,4.7,"f",0.57
952,"24/07/2012","within a few hours","t",126,"t","Pittwater",-33.60213636,151.32935,"Entire home/apt",8,2.5,4,"$941.00",1,1125,21,43,3,4.95,"f",0.36
6566,"13/12/2016","within an hour","f",5,"t","Sutherland Shire",-34.0426662,151.1569827,"Entire home/apt",3,1,1,"$136.00",2,90,27,19,2,4.63,"f",0.61
8564,"5/07/2017","within a day","f",517,"t","Sydney",-33.864636,151.2081775,"Entire home/apt",2,1,1,"$499.00",6,365,27,1,0,5,"f",0.06
7670,"13/07/2018","within an hour","f",31,"t","Canada Bay",-33.851626,151.0863245,"Private room",1,1,1,"$82.00",1,365,29,56,1,4.61,"f",1.88
12054,"30/04/2024","within an hour","f",4,"t","Pittwater",-33.64544631,151.2835262,"Private room",2,1,1,"$272.00",1,365,24,0,0,NA,"t",NA
328,"5/03/2015","within a day","f",2,"t","Sydney",-33.88032,151.18025,"Entire home/apt",3,1,0,"$152.00",3,90,28,105,0,4.74,"f",0.84
4861,"8/10/2020","within an hour","f",29,"t","Sydney",-33.87307,151.22467,"Entire home/apt",4,1,2,"$239.00",2,1125,6,169,3,4.7,"f",3.01
10796,"1/01/2024","within an hour","f",2,"t","Sutherland Shire",-34.08411,151.15771,"Entire home/apt",4,1,1,"$150.00",2,30,17,30,1,4.87,"f",1.93
119,"3/04/2012","N/A","f",2,"t","Parramatta",-33.82469,151.02031,"Private room",2,1.5,2,"$112.00",168,672,22,0,0,NA,"f",NA
15736,"25/08/2019","within an hour","f",169,"t","Rockdale",-33.9608289,151.1193149,"Private room",1,2,1,"$48.00",1,89,11,2,0,2.5,"f",0.53
9531,"24/07/2012","within a few hours","t",126,"t","Sydney",-33.86945,151.22795,"Entire home/apt",4,3,2,"$1,428.00",1,1125,19,3,0,5,"f",0.19
9165,"8/01/2015","within an hour","t",1,"t","Pittwater",-33.64372173,151.3068779,"Entire home/apt",7,2,3,"$316.00",1,365,26,75,0,4.91,"t",3.59
9754,"22/04/2014","N/A","f",18,"t","Sydney",-33.88085515,151.211637,"Private room",2,NA,NA,"",1,365,0,2,0,3,"t",0.17
6400,"11/10/2019","within an hour","f",138,"t","Ryde",-33.77962,151.12211,"Entire home/apt",4,1,2,"$300.00",2,365,29,5,0,4,"f",0.14
6943,"19/09/2014","N/A","f",1,"t","Sydney",-33.89046,151.23218,"Entire home/apt",2,NA,2,"",5,50,0,1,0,5,"f",0.03
16695,"10/12/2024","within a day","f",7,"t","Randwick",-33.9197518,151.2503784,"Private room",2,1,1,"$120.00",1,365,17,5,0,5,"f",1.63
6290,"20/05/2015","within an hour","f",11,"t","Leichhardt",-33.88705,151.1706,"Private room",2,2,1,"$69.00",3,365,17,84,0,4.48,"t",2.3
9853,"13/11/2014","within a day","t",82,"t","Pittwater",-33.61687,151.32927,"Entire home/apt",10,3,5,"$1,591.00",90,1125,0,0,0,NA,"f",NA
17094,"3/12/2023","within a day","f",2,"t","Fairfield",-33.88778163,150.9164826,"Private room",1,1,3,"$52.00",1,365,21,0,0,NA,"f",NA
5175,"24/07/2019","N/A","f",912,"t","Marrickville",-33.89859772,151.1447601,"Entire home/apt",2,1,0,"$138.00",3,365,29,37,0,4.41,"t",0.73
5055,"15/08/2014","N/A","f",1,"f","Warringah",-33.74095,151.21331,"Private room",1,NA,NA,"",90,180,0,1,0,5,"f",0.02
15458,"24/07/2012","within a few hours","t",126,"t","Sydney",-33.87805,151.2143,"Entire home/apt",2,NA,1,"",1,1125,0,1,0,5,"f",0.22
9548,"29/10/2014","N/A","f",1,"t","Warringah",-33.7546,151.28369,"Entire home/apt",4,2,2,"$346.00",10,32,0,2,0,5,"f",0.11
4057,"18/12/2019","within an hour","t",25,"t","Sydney",-33.85875,151.2042,"Entire home/apt",8,2,3,"$300.00",1,300,13,146,5,4.86,"f",2.23
1891,"5/12/2017","within an hour","f",1,"t","Ashfield",-33.89305,151.13922,"Entire home/apt",8,2.5,3,"$390.00",7,1125,28,17,0,4.53,"f",0.25
8541,"4/04/2023","within an hour","f",23,"t","Parramatta",-33.81867,151.00372,"Entire home/apt",5,1,2,"$157.00",1,365,14,67,4,4.78,"t",2.69
15220,"21/03/2017","within a few hours","f",2,"t","Lane Cove",-33.8057834,151.1561753,"Entire home/apt",2,NA,2,"",2,365,0,2,1,5,"f",1.02
10389,"27/09/2010","within an hour","f",26,"t","North Sydney",-33.83128,151.20269,"Entire home/apt",3,1,1,"$195.00",1,1125,13,14,0,4,"t",0.76
1482,"4/08/2016","within an hour","t",2,"t","Ku-Ring-Gai",-33.77279,151.15931,"Entire home/apt",2,1,1,"$101.00",3,45,14,186,2,4.96,"f",1.81
14612,"26/01/2016","within an hour","f",1,"t","Warringah",-33.75353948,151.2962095,"Entire home/apt",6,2,3,"$750.00",3,60,25,12,2,5,"f",2.09
3781,"13/12/2018","within an hour","t",2,"t","Waverley",-33.88832,151.26921,"Entire home/apt",2,1,0,"$190.00",2,1125,0,128,0,4.8,"t",1.88
4144,"3/10/2018","within an hour","f",11,"t","Pittwater",-33.64207,151.31005,"Entire home/apt",6,3,4,"$2,290.00",90,180,22,0,0,NA,"f",NA
3716,"14/10/2019","within a few hours","f",2,"t","Warringah",-33.78585434,151.2888184,"Entire home/apt",6,2,3,"$400.00",90,1000,17,5,0,5,"f",0.08
3410,"16/04/2019","within an hour","t",21,"t","Marrickville",-33.91988,151.1634,"Entire home/apt",2,1,1,"$121.00",2,730,10,138,1,4.86,"f",1.84
15355,"15/12/2023","within an hour","f",14,"t","Botany Bay",-33.9335663,151.1939726,"Entire home/apt",2,1,1,"$125.00",18,365,28,0,0,NA,"f",NA
17666,"11/12/2014","within a day","f",72,"t","Pittwater",-33.59413304,151.3221573,"Entire home/apt",6,2,3,"$553.00",2,1125,25,0,0,NA,"t",NA
8282,"22/02/2023","within an hour","f",1,"t","Blacktown",-33.71042049,150.8411307,"Entire home/apt",8,1.5,4,"$190.00",2,1125,4,26,0,4.73,"f",1.09
3150,"4/01/2018","within an hour","t",1,"t","Penrith",-33.72206,150.73172,"Entire home/apt",2,1,1,"$73.00",2,1125,10,249,3,4.82,"f",3.28
11668,"13/05/2022","within an hour","f",16,"t","Ku-Ring-Gai",-33.78397,151.17705,"Entire home/apt",2,1,1,"$178.00",1,365,16,9,0,3.89,"f",0.64
12673,"18/07/2014","within an hour","f",2,"f","Campbelltown",-34.01078885,150.8158091,"Private room",2,1,1,"$143.00",1,1125,24,20,1,5,"f",1.92
13648,"14/10/2015","within a day","f",2,"t","Warringah",-33.78101,151.28234,"Private room",1,1,1,"$113.00",3,50,20,3,0,5,"f",0.48
9164,"13/11/2014","within a day","t",82,"t","Pittwater",-33.66708057,151.3098403,"Entire home/apt",10,4.5,5,"$1,519.00",1,1125,28,0,0,NA,"f",NA
11065,"6/06/2017","within an hour","f",9,"t","Randwick",-33.92390904,151.255718,"Entire home/apt",4,2,2,"$749.00",2,1125,18,0,0,NA,"t",NA
5516,"21/11/2014","N/A","f",1,"t","Manly",-33.784355,151.241119,"Entire home/apt",6,2,4,"$1,022.00",6,21,0,7,0,5,"f",0.17
8116,"25/04/2019","within an hour","t",68,"t","Sydney",-33.8722342,151.2246991,"Entire home/apt",2,1,1,"$170.00",21,365,24,23,0,4.91,"f",0.91
4609,"9/12/2018","within a day","f",11,"t","North Sydney",-33.82979,151.20997,"Private room",2,1,1,"$69.00",7,1125,28,10,0,4.1,"f",0.24
13442,"5/01/2023","within an hour","f",50,"t","Bankstown",-33.9546767,150.9941755,"Private room",2,2,1,"$52.00",4,365,8,9,1,4.78,"f",1.1
861,"13/12/2015","N/A","f",1,"f","Burwood",-33.87952,151.11552,"Private room",2,1,1,"$153.00",90,1125,29,0,0,NA,"f",NA
3575,"12/03/2017","within an hour","f",3,"t","Canada Bay",-33.86576,151.12839,"Entire home/apt",2,1,1,"$85.00",3,1125,6,83,1,4.35,"t",1.61
443,"25/08/2014","within an hour","f",1,"f","Waverley",-33.89502,151.27157,"Entire home/apt",2,1,1,"$180.00",2,30,0,80,0,4.7,"f",0.61
12439,"24/11/2014","N/A","f",1,"t","Sydney",-33.87094,151.197632,"Entire home/apt",4,2,2,"$392.00",2,365,0,68,5,4.85,"t",5.65
15165,"14/04/2023","within an hour","f",81,"t","Botany Bay",-33.94430321,151.2266113,"Entire home/apt",3,1,2,"$402.00",1,365,0,2,0,4.5,"t",0.35
12916,"5/01/2023","within an hour","f",50,"t","Blacktown",-33.7397373,150.8985802,"Private room",2,1,1,"$54.00",1,89,29,6,0,3.33,"f",0.58
2284,"9/10/2016","within an hour","f",4,"t","Bankstown",-33.91888,151.04718,"Private room",2,1,1,"$68.00",2,60,0,50,0,4.7,"t",0.56
4780,"1/08/2016","within a day","f",39,"t","Canada Bay",-33.8268251,151.0850285,"Entire home/apt",5,2,2,"$194.00",2,1125,29,22,2,4.32,"f",0.4
9245,"10/04/2022","within an hour","t",1,"t","Parramatta",-33.81662481,150.9935898,"Entire home/apt",6,1.5,2,"$184.00",2,365,23,49,0,4.88,"t",2.09
17516,"27/08/2024","within an hour","t",6,"t","Strathfield",-33.86048,151.06256,"Entire home/apt",7,2,4,"$247.00",1,365,17,0,0,NA,"f",NA
8618,"3/12/2011","within a few hours","t",1,"t","Sydney",-33.89346522,151.2006284,"Private room",2,1,1,"$126.00",3,30,21,66,2,4.95,"f",2.63
15698,"13/09/2018","within an hour","t",20,"t","Sydney",-33.878,151.21438,"Entire home/apt",2,NA,NA,"",2,725,0,0,0,NA,"t",NA
16559,"11/03/2025","within an hour","f",2,"f","Marrickville",-33.891208,151.17589,"Entire home/apt",6,2,3,"$514.00",3,30,12,7,1,5,"t",2.84
1504,"8/05/2015","within a day","t",1,"t","Sydney",-33.85854,151.20421,"Private room",4,1,2,"$255.00",2,1125,8,92,1,4.86,"f",1.13
1098,"24/05/2014","within a few hours","f",1,"t","Sydney",-33.86406,151.20719,"Entire home/apt",4,1,2,"$339.00",2,1125,8,425,0,4.76,"f",3.78
9869,"17/12/2015","within an hour","",15,"t","Sydney",-33.87086,151.19881,"Entire home/apt",6,2,2,"$330.00",2,90,3,29,1,4.66,"t",1.51
18131,"21/10/2022","within an hour","f",60,"t","Hornsby",-33.732934,151.0564629,"Entire home/apt",6,2.5,3,"$216.00",2,365,9,1,1,5,"t",1
1382,"27/09/2016","N/A","f",1,"t","North Sydney",-33.83858,151.22536,"Private room",2,1,1,"$53.00",90,100,28,54,0,4.61,"f",0.52
8794,"3/07/2023","within an hour","f",11,"t","Auburn",-33.84542,151.03945,"Entire home/apt",2,1,1,"$100.00",1,365,14,58,0,4.64,"f",2.71
5556,"29/01/2017","within a few hours","f",1,"t","Pittwater",-33.6377,151.28994,"Entire home/apt",6,2,3,"$900.00",2,1125,11,30,0,4.83,"f",0.69
13427,"23/05/2015","N/A","f",1,"t","Warringah",-33.7621637,151.2662718,"Entire home/apt",3,2,2,"$176.00",5,365,0,0,0,NA,"f",NA
15499,"14/03/2020","within an hour","f",12,"t","Parramatta",-33.8187554,151.0033468,"Entire home/apt",2,1,1,"$149.00",2,365,29,5,1,4.4,"f",0.98
655,"28/06/2015","within a few hours","f",1,"t","Waverley",-33.888786,151.276398,"Entire home/apt",2,1,1,"$108.00",3,365,0,26,0,4.85,"f",0.63
6710,"10/06/2018","within an hour","t",1,"t","Waverley",-33.8890768,151.2825,"Entire home/apt",4,1,2,"$206.00",2,1125,13,62,0,4.89,"f",1.95
30,"24/01/2014","within a few hours","f",1,"t","Sydney",-33.87175,151.22878,"Entire home/apt",2,1,1,"$250.00",4,1125,26,51,0,4.8,"f",0.4
5187,"7/01/2020","N/A","f",1,"t","Sydney",-33.88529,151.20162,"Entire home/apt",1,1,0,"$537.00",90,365,29,0,0,NA,"t",NA
14000,"30/05/2018","within an hour","t",3,"t","Warringah",-33.75819023,151.2182197,"Entire home/apt",2,1,0,"$149.00",1,365,25,45,6,4.87,"f",5.58
9498,"18/12/2019","within an hour","t",25,"t","Sydney",-33.8591056,151.2030291,"Entire home/apt",8,2,3,"$245.00",1,365,0,71,0,4.75,"f",3.39
14782,"25/08/2019","within an hour","f",169,"t","Sydney",-33.9044287,151.2123728,"Entire home/apt",4,1,2,"$221.00",4,89,15,7,1,4.14,"f",1.26
13435,"25/04/2019","within an hour","t",68,"t","Fairfield",-33.8844325,150.9254914,"Entire home/apt",10,3,5,"$295.00",1,365,18,19,3,5,"f",1.97
2451,"3/04/2018","N/A","f",1,"t","Fairfield",-33.85307,150.93267,"Private room",2,NA,NA,"",90,1125,29,1,0,5,"f",0.01
6270,"1/06/2016","within an hour","t",2,"t","Rockdale",-33.93992,151.1126,"Entire home/apt",2,1,1,"$138.00",1,365,20,50,2,4.94,"f",3.08
14355,"15/10/2024","within a few hours","f",34,"t","Botany Bay",-33.93279615,151.1930812,"Entire home/apt",4,NA,2,"",7,365,0,1,0,5,"f",0.19
3682,"12/10/2019","N/A","f",1,"t","Parramatta",-33.80584,150.97287,"Entire home/apt",2,1.5,1,"$149.00",90,352,28,80,0,4.91,"f",1.17
16485,"13/12/2013","within an hour","t",3,"t","Sydney",-33.89802115,151.2127537,"Private room",2,1,1,"$86.00",2,30,15,0,0,NA,"t",NA
14275,"4/04/2023","within an hour","f",23,"t","Parramatta",-33.81862031,151.0038076,"Entire home/apt",6,2,2,"$176.00",3,365,12,5,1,5,"f",0.77
17775,"21/10/2022","within an hour","f",60,"t","The Hills Shire",-33.7470031,151.0042312,"Entire home/apt",9,3,5,"$272.00",2,365,0,0,0,NA,"t",NA
11849,"6/06/2017","within an hour","f",5,"t","Marrickville",-33.9022337,151.1788138,"Private room",2,3.5,1,"$118.00",3,30,28,3,0,3.67,"t",0.23
12003,"20/02/2018","within an hour","f",55,"t","Mosman",-33.82480929,151.2463589,"Entire home/apt",8,NA,4,"",90,356,28,0,0,NA,"f",NA
16337,"1/08/2016","within a day","f",39,"t","Auburn",-33.84860176,151.0607769,"Entire home/apt",4,2,2,"$238.00",2,365,29,1,1,3,"f",1
281,"13/02/2015","N/A","f",1,"f","Sydney",-33.87229,151.22866,"Entire home/apt",4,1,2,"$324.00",90,1125,29,0,0,NA,"f",NA
17664,"16/12/2014","within a day","f",7,"t","Sydney",-33.90461,151.20833,"Entire home/apt",4,2,2,"$237.00",5,365,28,0,0,NA,"f",NA
2261,"23/05/2012","within a few hours","t",117,"t","Randwick",-33.91893,151.25195,"Entire home/apt",6,2,3,"$354.00",30,89,8,17,0,4.82,"f",0.2
15819,"11/11/2013","within an hour","t",10,"t","North Sydney",-33.85017,151.21519,"Entire home/apt",2,1,1,"$231.00",1,365,7,27,6,4.96,"f",6.04
158,"10/03/2014","within an hour","t",1,"t","Sydney",-33.88385,151.17607,"Entire home/apt",4,2,2,"$287.00",2,1125,0,341,4,4.94,"f",2.57
15064,"10/06/2024","within an hour","f",3,"t","Sydney",-33.86976643,151.1925812,"Entire home/apt",7,1,3,"$262.00",1,365,17,7,0,3.86,"t",1.38
11981,"11/10/2019","within an hour","f",138,"t","Hornsby",-33.71443864,151.1074081,"Entire home/apt",4,2.5,2,"$238.00",2,365,29,2,0,5,"f",0.16
12861,"11/12/2014","within a day","f",72,"t","Pittwater",-33.64966888,151.3143508,"Entire home/apt",8,NA,4,"",2,1125,28,0,0,NA,"f",NA
13310,"10/12/2014","within an hour","f",26,"f","Marrickville",-33.90166,151.16303,"Entire home/apt",4,2,2,"$204.00",5,365,22,4,0,4.25,"f",0.44
17182,"15/04/2025","within a few hours","f",20,"t","Marrickville",-33.91627,151.14964,"Entire home/apt",4,1,2,"$228.00",2,365,24,1,0,2,"f",0.67
4033,"5/11/2014","N/A","f",1,"t","Waverley",-33.87986,151.28258,"Entire home/apt",7,NA,4,"",7,21,0,1,0,5,"f",0.13
15861,"1/01/2025","within an hour","f",1,"t","North Sydney",-33.82906376,151.2014767,"Entire home/apt",4,NA,2,"",2,365,4,13,4,5,"t",2.95
14246,"3/02/2014","within an hour","f",1,"t","Pittwater",-33.6502898,151.3147909,"Entire home/apt",4,NA,2,"$400.00",2,7,27,7,1,5,"f",1.05
16438,"25/08/2019","within an hour","f",169,"t","Auburn",-33.8695051,151.0362207,"Private room",4,1,1,"$69.00",1,89,19,5,1,2.8,"f",1.7
1369,"28/09/2014","within a few hours","",8,"t","Sydney",-33.86986,151.22575,"Entire home/apt",2,1,0,"$113.00",1,1124,2,599,5,4.88,"f",5.5
1364,"27/05/2014","within an hour","t",61,"t","Waverley",-33.89622,151.27346,"Entire home/apt",4,1,2,"$370.00",5,90,16,18,0,4.56,"f",0.24
8050,"14/07/2016","within an hour","f",39,"t","Sydney",-33.85913368,151.21324,"Entire home/apt",4,2,2,"$1,389.00",90,365,0,9,0,4.67,"f",0.33
4337,"5/01/2020","N/A","f",1,"t","Liverpool",-33.9296,150.90486,"Private room",1,NA,NA,"",90,1125,29,2,0,5,"f",0.03
1983,"5/03/2014","within an hour","t",4,"t","Pittwater",-33.6946,151.27733,"Private room",2,1,1,"$89.00",90,1125,27,0,0,NA,"f",NA
849,"7/09/2015","N/A","f",1,"t","North Sydney",-33.84709,151.20345,"Entire home/apt",2,NA,1,"",10,100,0,48,0,4.77,"f",0.41
3678,"20/11/2014","within a few hours","t",2,"t","Manly",-33.7911,151.23896,"Entire home/apt",8,4,5,"$1,140.00",7,22,0,1,0,5,"f",0.19
690,"30/11/2013","N/A","f",2,"f","Waverley",-33.88836,151.28093,"Entire home/apt",2,NA,1,"",90,1125,13,0,0,NA,"t",NA
17129,"14/10/2024","a few days or more","f",18,"t","Sydney",-33.9071182,151.2061891,"Entire home/apt",2,1,1,"$176.00",1,365,29,0,0,NA,"f",NA
1059,"3/04/2016","within an hour","t",1,"t","Sydney",-33.88241,151.18239,"Entire home/apt",2,1,1,"$190.00",2,1125,13,170,2,4.85,"f",1.52
8362,"1/09/2024","N/A","f",44,"t","Mosman",-33.83049111,151.2449685,"Entire home/apt",5,2,2,"$311.00",5,1125,11,6,0,4.33,"t",0.43
13077,"16/07/2024","within a few hours","f",49,"t","Sydney",-33.90908739,151.2043379,"Entire home/apt",8,3,3,"$359.00",2,365,15,4,0,2.5,"f",0.4
2179,"12/05/2013","within an hour","t",1,"t","Sydney",-33.88517,151.17871,"Private room",2,1.5,1,"$109.00",7,730,29,40,0,4.83,"f",0.43
2376,"12/09/2014","N/A","f",1,"t","Sutherland Shire",-34.04936,151.15045,"Entire home/apt",4,1,2,"$143.00",90,1125,27,22,0,4.95,"f",0.23
8951,"27/06/2017","within an hour","f",46,"t","Parramatta",-33.817829,151.009918,"Entire home/apt",4,2,2,"$132.00",2,45,10,33,1,4.67,"t",1.48
6240,"23/05/2012","within a few hours","t",117,"t","Woollahra",-33.87625122,151.2600708,"Entire home/apt",5,1,2,"$263.00",5,89,1,15,2,4.8,"f",0.43
8062,"29/07/2012","within an hour","f",2,"t","Lane Cove",-33.83263736,151.1655669,"Private room",1,1,1,"$61.00",2,42,0,26,1,4.88,"f",0.92
8660,"16/03/2017","within an hour","t",2,"t","North Sydney",-33.84553702,151.2136178,"Entire home/apt",2,NA,1,"",90,365,0,7,0,5,"f",0.28
252,"8/11/2012","within a few hours","f",1,"t","Sydney",-33.87847,151.21367,"Entire home/apt",3,1,1,"$172.00",3,800,1,125,0,4.49,"f",0.82
2918,"7/12/2018","N/A","f",1,"f","Waverley",-33.89465,151.26283,"Private room",2,1,1,"$130.00",90,1125,6,0,0,NA,"f",NA
13232,"9/08/2024","within an hour","t",1,"t","Leichhardt",-33.8741653,151.1519932,"Private room",2,1,1,"$177.00",1,31,28,17,0,4.88,"f",1.79
9590,"31/12/2014","within an hour","t",2,"t","Penrith",-33.7540408,150.7100796,"Private room",2,1.5,1,"$81.00",3,90,17,33,1,4.91,"f",1.53
11881,"11/07/2011","within an hour","",14,"t","Woollahra",-33.8410489,151.2795694,"Entire home/apt",6,2.5,3,"$932.00",4,365,3,11,0,5,"f",0.95
4007,"7/03/2012","within an hour","t",2,"t","Hornsby",-33.75655,151.07075,"Entire home/apt",4,1,2,"$161.00",2,365,5,159,0,4.95,"f",2.37
8927,"5/03/2017","within an hour","f",1,"t","Blacktown",-33.705858,150.8883105,"Entire home/apt",8,2.5,4,"$252.00",2,89,3,24,1,4.67,"f",1
3413,"20/12/2017","N/A","f",2,"t","Auburn",-33.84833,151.07607,"Private room",2,1,1,"$450.00",2,14,29,22,0,4.95,"f",0.3
7885,"5/02/2023","within a few hours","t",3,"t","Camden",-34.01278,150.74277,"Private room",1,1,1,"$47.00",3,365,29,4,0,5,"f",0.19
9996,"12/06/2015","within an hour","t",2,"t","Sydney",-33.87661678,151.2124119,"Entire home/apt",4,1,1,"$259.00",2,1125,15,59,2,4.76,"f",3.18
177,"24/07/2012","within a few hours","t",126,"t","Sydney",-33.87665,151.21458,"Entire home/apt",2,1,1,"$267.00",1,1125,29,25,1,4.72,"f",0.22
7955,"13/01/2025","N/A","f",57,"t","Ryde",-33.78166,151.11253,"Entire home/apt",4,1,2,"$143.00",21,365,12,38,2,4.79,"f",1.36
1076,"28/06/2015","within an hour","f",1,"t","Sutherland Shire",-34.04487,151.12692,"Entire home/apt",3,NA,2,"",4,30,0,52,0,4.79,"f",0.47
7501,"26/12/2019","N/A","f",1,"t","North Sydney",-33.82731,151.2181,"Entire home/apt",5,2,3,"$470.00",90,365,28,1,0,4,"f",0.03
654,"25/11/2013","within a day","f",9,"f","Waverley",-33.89072,151.27376,"Entire home/apt",3,1,0,"$129.00",90,120,0,94,0,4.59,"f",0.79
14158,"8/12/2023","within an hour","f",13,"t","Sydney",-33.8779254,151.1959323,"Entire home/apt",5,1,2,"$228.00",2,365,17,25,2,4.28,"f",3.41
9603,"23/03/2021","N/A","f",1,"f","Hunters Hill",-33.8359082,151.1582303,"Entire home/apt",4,1,2,"$252.00",5,365,26,0,0,NA,"f",NA
12470,"11/12/2014","within a day","f",72,"t","Warringah",-33.70939,151.30174,"Entire home/apt",4,NA,2,"",2,1125,0,0,0,NA,"f",NA
6121,"24/07/2019","N/A","f",912,"t","Marrickville",-33.8985473,151.1447759,"Entire home/apt",2,1,0,"$138.00",3,365,22,28,2,4.36,"t",0.8
4040,"3/10/2019","within an hour","f",1,"t","Ryde",-33.81886,151.08978,"Entire home/apt",3,1,1,"$168.00",5,90,19,26,1,4.81,"f",0.38
750,"26/03/2015","N/A","f",6,"t","Pittwater",-33.66637,151.31793,"Private room",2,1,1,"$154.00",90,1125,29,0,0,NA,"f",NA
3452,"18/07/2019","within an hour","f",5,"t","Sydney",-33.87618,151.20583,"Hotel room",2,1,1,"$210.00",1,1125,27,87,0,4.57,"t",1.21
4736,"27/05/2014","within an hour","t",61,"t","Sydney",-33.89183,151.2319,"Entire home/apt",2,1,0,"$128.00",21,90,8,39,0,4.79,"f",0.77
17706,"20/06/2019","N/A","f",53,"t","Mosman",-33.8317379,151.2437228,"Entire home/apt",2,1,1,"$150.00",2,90,13,0,0,NA,"f",NA
772,"17/12/2012","within a few hours","f",1,"t","Waverley",-33.89144,151.27362,"Entire home/apt",4,1,2,"$284.00",4,1125,0,21,0,4.67,"f",0.65
2434,"26/04/2011","within an hour","f",1,"t","Pittwater",-33.67619,151.31199,"Entire home/apt",2,1.5,1,"$143.00",3,30,19,50,0,4.64,"f",0.57
3020,"3/02/2018","within an hour","f",1,"t","Holroyd",-33.81254,150.96084,"Entire home/apt",4,0.5,2,"$125.00",2,5,3,400,4,4.69,"f",5.12
11936,"1/04/2024","within a few hours","t",1,"t","Bankstown",-33.91945726,151.0101668,"Private room",1,1,1,"$63.00",1,30,29,13,0,4.85,"f",0.93
819,"9/12/2013","within an hour","t",14,"t","Waverley",-33.89405,151.27206,"Entire home/apt",6,NA,3,"",3,60,0,42,0,4.93,"f",0.37
6939,"20/02/2018","within an hour","f",55,"t","Waverley",-33.8903,151.27126,"Entire home/apt",6,2,3,"$843.00",90,1125,12,0,0,NA,"f",NA
17074,"9/02/2025","within an hour","f",2,"t","Parramatta",-33.81488,151.00001,"Entire home/apt",4,1,1,"$196.00",22,90,0,1,0,5,"t",0.53
18109,"7/03/2017","within an hour","f",2,"t","Sydney",-33.90849231,151.2028855,"Private room",2,1,1,"$137.00",1,365,16,0,0,NA,"t",NA
11449,"26/11/2023","within an hour","t",43,"t","Sydney",-33.86015816,151.2039017,"Entire home/apt",6,1,2,"$194.00",2,365,1,39,3,4.87,"t",2.65
10698,"25/12/2023","within an hour","t",1,"t","Leichhardt",-33.8648,151.17142,"Entire home/apt",6,2.5,3,"$417.00",2,365,0,67,0,4.99,"f",5.29
16399,"20/10/2018","within a few hours","f",1,"t","Rockdale",-33.93160715,151.140639,"Entire home/apt",3,1,1,"$135.00",2,365,13,5,1,5,"f",1.6
6594,"29/05/2016","within an hour","f",3,"t","Sydney",-33.8598534,151.2030311,"Entire home/apt",4,1,2,"$313.00",1,365,9,103,4,4.77,"t",4.58
1826,"24/04/2017","within a few hours","f",1,"t","Sydney",-33.87434,151.18292,"Entire home/apt",4,1,2,"$225.00",90,1125,28,10,1,4.9,"f",0.13
2580,"9/01/2018","within an hour","t",1,"t","Blacktown",-33.77164,150.8404,"Entire home/apt",4,1,2,"$150.00",2,1125,2,226,0,4.88,"f",2.67
5935,"3/01/2020","N/A","t",1,"t","Blacktown",-33.70649,150.85582,"Entire home/apt",4,NA,2,"",2,21,0,48,0,4.92,"f",1.15
10712,"31/05/2023","N/A","f",6,"t","Botany Bay",-33.9218162,151.1950366,"Entire home/apt",4,NA,2,"",7,365,0,1,0,5,"f",0.24
17550,"13/08/2019","within an hour","",37,"t","Waverley",-33.8928132,151.263788,"Entire home/apt",4,2,2,"$257.00",3,30,9,0,0,NA,"t",NA
8779,"25/04/2019","within an hour","t",68,"t","Rockdale",-34.0025333,151.1267707,"Entire home/apt",4,1,2,"$155.00",3,365,5,48,1,4.77,"f",2.23
15552,"3/12/2015","within a day","f",1,"t","Sydney",-33.88778,151.20089,"Shared room",1,1,1,"$81.00",3,200,27,0,0,NA,"f",NA
16268,"6/06/2016","within an hour","f",37,"t","Sydney",-33.85794,151.20154,"Entire home/apt",6,1.5,3,"$235.00",1,1125,12,14,3,4.5,"t",4.29
3755,"8/07/2017","within an hour","",83,"t","Sydney",-33.8792038,151.2036591,"Entire home/apt",6,2,2,"$322.00",5,1125,10,154,1,4.79,"t",2.14
16458,"30/01/2025","within an hour","f",5,"t","Sydney",-33.88088839,151.2151094,"Private room",4,1,1,"$209.00",1,365,17,10,5,4.8,"t",5.77
8631,"1/12/2018","within an hour","t",2,"t","The Hills Shire",-33.70443118,150.9450277,"Entire home/apt",2,1,1,"$88.00",3,730,1,80,2,4.78,"t",3.22
5079,"25/08/2019","within an hour","f",169,"t","Fairfield",-33.8821644,150.9595761,"Private room",1,1,1,"$41.00",90,365,27,25,0,4.28,"f",0.51
15802,"30/01/2025","within an hour","f",3,"t","Marrickville",-33.89572,151.1774,"Entire home/apt",4,1,2,"$518.00",1,1125,24,0,0,NA,"t",NA
2182,"8/03/2012","N/A","f",1,"f","Canterbury",-33.90814,151.10502,"Private room",1,1,0,"$74.00",90,1125,28,0,0,NA,"t",NA
13728,"16/01/2023","N/A","f",1,"t","Waverley",-33.8919475,151.271917,"Entire home/apt",2,1,1,"$360.00",90,365,29,0,0,NA,"f",NA
2304,"23/09/2015","within an hour","t",2,"t","Randwick",-33.92416,151.25621,"Entire home/apt",4,1,2,"$417.00",2,1125,22,111,1,4.95,"f",1.18
4445,"22/12/2016","within an hour","f",9,"t","Lane Cove",-33.8199,151.18423,"Private room",4,1,1,"$210.00",1,1125,29,15,0,4.33,"t",0.39
2620,"13/08/2016","N/A","f",2,"t","Blacktown",-33.71097,150.88271,"Private room",2,NA,2,"",90,1125,28,1,0,5,"f",0.01
2675,"22/08/2018","within an hour","t",2,"t","Hornsby",-33.77024,151.08755,"Private room",2,1,1,"$45.00",1,60,0,204,0,4.85,"f",2.52
12681,"19/04/2011","within an hour","",2,"t","Manly",-33.78703,151.28055,"Entire home/apt",6,NA,3,"",90,365,0,1,0,5,"f",0.18
18146,"12/12/2023","within a day","f",7,"t","Sydney",-33.90756832,151.2093533,"Entire home/apt",4,2,2,"$161.00",5,365,27,0,0,NA,"f",NA
8127,"30/10/2018","N/A","f",3,"t","Sydney",-33.87574,151.2255889,"Entire home/apt",2,1,1,"$126.00",2,90,29,20,0,4.7,"t",0.75
1181,"4/01/2014","N/A","f",1,"t","Pittwater",-33.63623,151.33161,"Entire home/apt",4,NA,2,"",90,1125,0,29,0,4.86,"f",0.28
624,"18/06/2015","within an hour","f",8,"t","Sydney",-33.88108,151.20935,"Private room",2,1,1,"$163.00",1,365,8,21,0,4.57,"t",0.19
11412,"23/11/2019","within an hour","t",3,"t","Sydney",-33.91909,151.20048,"Entire home/apt",2,NA,1,"",90,365,5,19,0,4.95,"f",1.33
5248,"10/02/2018","N/A","f",4,"t","Waverley",-33.89244,151.27152,"Private room",3,NA,1,"",1,365,12,20,0,4.95,"t",0.46
8325,"17/05/2020","N/A","f",1,"t","Botany Bay",-33.9235555,151.1901641,"Entire home/apt",3,NA,1,"",1,4,0,6,0,5,"f",0.27
14507,"5/11/2012","within a day","t",1,"t","Sydney",-33.87518925,151.2255881,"Entire home/apt",2,1,1,"$228.00",7,120,0,14,0,4.93,"f",2.44
10142,"7/07/2016","N/A","f",1,"t","Sutherland Shire",-34.057695,151.1556016,"Entire home/apt",8,2,4,"$1,280.00",5,180,22,6,0,5,"f",0.33
13650,"12/02/2015","within an hour","f",2,"t","Lane Cove",-33.81048276,151.1749177,"Entire home/apt",4,1,2,"$157.00",5,62,6,6,3,4.83,"f",0.73
18012,"18/03/2024","within an hour","f",10,"t","Marrickville",-33.91691,151.14949,"Entire home/apt",4,2,2,"$149.00",2,365,13,0,0,NA,"f",NA
188,"8/08/2014","within a few hours","f",5,"t","Randwick",-33.92047,151.25229,"Entire home/apt",4,1,2,"$490.00",2,90,0,63,0,4.86,"f",0.46
905,"27/04/2015","N/A","f",1,"t","Pittwater",-33.62552,151.3171,"Entire home/apt",3,1,2,"$270.00",90,1125,28,146,0,4.95,"f",1.27
15906,"4/12/2024","within a few hours","f",53,"t","Burwood",-33.87737152,151.1048301,"Entire home/apt",4,2,2,"$226.00",7,365,0,0,0,NA,"f",NA
3970,"6/08/2019","N/A","f",33,"t","Sydney",-33.89013,151.20821,"Entire home/apt",4,1,2,"$140.00",2,90,6,159,1,4.61,"f",2.35
15752,"4/07/2023","within an hour","f",1,"t","Waverley",-33.89885,151.26823,"Entire home/apt",2,1.5,1,"$219.00",2,365,5,9,1,5,"f",2.33
12849,"17/12/2022","within an hour","f",4,"t","Parramatta",-33.7978579,151.0544918,"Private room",1,2,1,"$48.00",2,100,0,47,4,4.66,"f",4.5
342,"30/07/2013","N/A","f",1,"t","Waverley",-33.89688,151.24897,"Entire home/apt",11,3,5,"$1,991.00",7,14,22,3,0,4.67,"f",0.1
17824,"7/06/2022","within an hour","f",1,"t","The Hills Shire",-33.68751868,150.9573293,"Entire home/apt",10,2.5,5,"$310.00",2,365,19,0,0,NA,"t",NA
9817,"11/07/2021","within an hour","t",28,"t","Waverley",-33.88642256,151.2754023,"Entire home/apt",9,1,3,"$282.00",2,1125,14,46,3,4.98,"f",2.34
10343,"26/11/2023","within an hour","t",43,"t","Sydney",-33.8608572,151.2031712,"Entire home/apt",5,1,2,"$227.00",1,365,10,34,2,4.76,"t",1.89
760,"22/04/2012","within a day","f",2,"t","Leichhardt",-33.86746,151.17117,"Entire home/apt",2,1,1,"$198.00",4,125,26,38,0,4.66,"f",0.28
16588,"10/08/2015","within an hour","t",2,"t","Botany Bay",-33.9222378,151.1853831,"Entire home/apt",6,1,2,"$224.00",2,268,5,9,4,5,"f",4.74
16552,"11/10/2019","within an hour","f",138,"t","Botany Bay",-33.9227,151.19082,"Entire home/apt",6,2,3,"$224.00",2,365,29,0,0,NA,"f",NA
11540,"12/10/2023","within an hour","f",11,"t","North Sydney",-33.84303373,151.2230284,"Private room",5,1,3,"$250.00",90,365,28,0,0,NA,"f",NA
604,"28/05/2015","within a day","f",19,"t","Marrickville",-33.89642,151.16895,"Private room",1,1,1,"$140.00",2,21,17,14,0,4.43,"f",0.13
15338,"25/12/2020","a few days or more","f",1,"t","Campbelltown",-33.97946,150.8624,"Private room",2,NA,NA,"",90,365,29,0,0,NA,"f",NA
6141,"23/05/2012","N/A","f",1,"t","Waverley",-33.89128,151.2598,"Entire home/apt",4,NA,2,"",90,90,0,1,0,5,"f",0.03
6904,"27/08/2017","within an hour","f",1,"t","Warringah",-33.77958,151.28674,"Entire home/apt",4,1,1,"$248.00",7,730,18,34,0,4.82,"f",1.08
15588,"17/11/2023","within a few hours","f",40,"t","Sydney",-33.91361,151.21052,"Entire home/apt",2,NA,1,"",6,365,0,0,0,NA,"f",NA
8636,"5/07/2017","within a day","f",517,"t","Sydney",-33.86754,151.20344,"Entire home/apt",6,2.5,3,"$565.00",7,730,28,1,0,1,"f",0.1
5766,"1/08/2016","within a day","f",39,"t","Sydney",-33.88708,151.17835,"Entire home/apt",4,2,2,"$258.00",2,1125,29,43,0,4.56,"f",1.03
4596,"2/03/2020","within a few hours","f",5,"f","Warringah",-33.76415,151.30054,"Entire home/apt",2,1,0,"$221.00",2,7,21,114,2,4.93,"f",1.82
4508,"16/07/2023","N/A","f",100,"t","Woollahra",-33.87387,151.24684,"Entire home/apt",4,1,2,"$185.00",90,1125,0,101,0,4.51,"f",1.82
8489,"10/06/2015","N/A","f",1,"t","Sydney",-33.8679317,151.225036,"Entire home/apt",2,1,1,"$199.00",4,62,7,43,0,4.95,"t",1.7
3247,"6/04/2016","N/A","f",1,"t","North Sydney",-33.83776,151.22151,"Entire home/apt",4,1,1,"$429.00",90,1125,27,1,0,5,"f",0.02
18038,"12/04/2019","within an hour","f",63,"t","Liverpool",-33.91641,150.91684,"Private room",2,1,1,"$42.00",1,89,20,0,0,NA,"f",NA
15350,"25/08/2019","within an hour","f",169,"t","Ku-Ring-Gai",-33.7774779,151.167744,"Private room",1,2,1,"$58.00",1,89,9,9,3,4.44,"f",1.62
5063,"18/01/2014","within a few hours","t",1,"t","Rockdale",-33.93106,151.15459,"Entire home/apt",2,1,1,"$115.00",45,365,2,36,1,4.97,"f",0.65
759,"31/10/2013","a few days or more","f",1,"t","Sutherland Shire",-34.05958,151.12776,"Entire home/apt",12,0,5,"$1,198.00",2,100,28,46,0,4.93,"f",0.33
18123,"4/12/2024","within a few hours","f",53,"t","Botany Bay",-33.92089,151.18992,"Entire home/apt",2,1,1,"$166.00",7,365,29,0,0,NA,"f",NA
16086,"4/12/2023","within an hour","t",10,"t","Warringah",-33.7568828,151.2968885,"Entire home/apt",5,2,3,"$179.00",1,1125,15,0,0,NA,"t",NA
18069,"14/10/2024","a few days or more","f",18,"t","Auburn",-33.85216,151.06103,"Entire home/apt",4,2,2,"$179.00",1,365,8,0,0,NA,"f",NA
9631,"21/02/2020","within an hour","t",1,"t","Sydney",-33.8688634,151.1952018,"Entire home/apt",6,2,3,"$626.00",2,365,25,34,0,4.82,"f",2.04
2509,"13/09/2018","within an hour","t",20,"t","Randwick",-33.92085,151.25475,"Entire home/apt",4,1,2,"$288.00",2,730,8,332,3,4.85,"f",4.08
12656,"19/02/2016","within an hour","f",2,"t","Randwick",-33.91731,151.25713,"Entire home/apt",6,NA,3,"",90,365,0,8,0,4.75,"f",0.79
10921,"24/02/2013","within an hour","t",92,"t","Sydney",-33.88496,151.2104,"Entire home/apt",6,1,3,"$237.00",2,365,11,64,4,4.45,"t",3.82
7008,"5/02/2015","within an hour","t",19,"t","Sydney",-33.86964,151.19465,"Entire home/apt",5,1,2,"$207.00",28,365,9,15,0,4.87,"t",0.65
11435,"24/07/2019","N/A","f",912,"t","Lane Cove",-33.81903,151.17053,"Entire home/apt",4,1,2,"$167.00",3,365,4,20,1,4.3,"t",1.4
12604,"14/04/2023","within an hour","f",81,"t","Sydney",-33.90277651,151.2102955,"Entire home/apt",5,NA,2,"",1,365,0,3,0,4.67,"t",0.26
16150,"24/07/2012","within a few hours","t",126,"t","Pittwater",-33.61640982,151.3301283,"Entire home/apt",11,4,5,"$1,806.00",1,1125,27,0,0,NA,"f",NA
15503,"24/05/2019","within an hour","f",2,"t","Rockdale",-33.9528,151.14584,"Private room",1,1,1,"$70.00",1,365,29,1,0,4,"f",0.24
3764,"15/09/2016","within a few hours","f",39,"t","Pittwater",-33.68463,151.3005,"Entire home/apt",8,2.5,4,"$360.00",90,1125,28,2,0,4.5,"f",0.03
6515,"6/07/2014","within an hour","t",19,"t","Waverley",-33.88961734,151.2810932,"Entire home/apt",2,1,1,"$160.00",2,1125,25,74,0,4.74,"f",2.09
10906,"3/12/2013","within a few hours","t",2,"t","Sydney",-33.8781,151.21881,"Entire home/apt",2,1,1,"$167.00",2,365,23,37,0,4.78,"f",2.5
14866,"23/07/2023","within a day","f",1,"t","Sydney",-33.87605071,151.2185578,"Entire home/apt",2,1,1,"$279.00",3,7,28,3,0,5,"f",0.56
448,"23/03/2010","within a few hours","t",1,"t","Sydney",-33.88706,151.21403,"Entire home/apt",2,1,1,"$350.00",4,730,18,129,1,4.95,"f",0.99
8601,"14/04/2023","within an hour","f",81,"t","Sydney",-33.87567,151.20462,"Entire home/apt",5,1,2,"$88.00",1,365,13,49,2,4.51,"t",2.99
753,"8/06/2012","N/A","f",1,"t","Waverley",-33.89233,151.26983,"Private room",1,1,1,"$200.00",90,1125,27,2,0,4,"f",0.02
3165,"2/01/2019","within an hour","t",2,"t","Leichhardt",-33.87511285,151.1520332,"Private room",2,1,1,"$103.00",2,28,4,75,1,4.93,"f",0.96
17876,"8/09/2023","within an hour","t",6,"t","Leichhardt",-33.88710316,151.1593683,"Private room",2,2,1,"$83.00",1,28,23,1,1,5,"f",1
8604,"26/04/2014","within an hour","t",15,"t","Waverley",-33.88678531,151.282481,"Entire home/apt",5,NA,2,"",5,365,0,8,0,5,"f",0.34
7499,"19/01/2022","within an hour","t",42,"t","Ryde",-33.7888428,151.0828287,"Entire home/apt",3,NA,1,"",28,365,0,2,0,5,"f",0.08
1218,"19/01/2013","N/A","f",2,"t","North Sydney",-33.8342,151.22537,"Entire home/apt",2,1,1,"$949.00",90,1125,27,4,0,4.25,"f",0.04
5257,"15/04/2016","N/A","",16,"t","Sydney",-33.88378,151.21408,"Entire home/apt",11,3,4,"$753.00",2,465,1,76,0,4.91,"f",1.49
2752,"15/01/2018","within an hour","t",1,"t","Pittwater",-33.64514,151.32143,"Entire home/apt",2,1,1,"$81.00",1,1125,8,466,7,4.7,"t",5.63
4534,"28/07/2014","within a few hours","f",1,"t","Lane Cove",-33.82753,151.18435,"Entire home/apt",2,NA,1,"",2,30,0,37,0,4.76,"t",0.62
4828,"18/09/2015","within an hour","t",2,"t","Auburn",-33.8623389,151.0469308,"Private room",2,1,1,"$75.00",3,365,9,67,3,4.97,"f",1.38
5602,"15/09/2016","within a few hours","f",39,"t","Pittwater",-33.6507,151.32143,"Entire home/apt",8,3,4,"$1,579.00",90,1125,28,1,0,5,"f",0.02
10838,"15/01/2014","within an hour","f",1,"t","Warringah",-33.77376024,151.2629588,"Entire home/apt",8,2,4,"$560.00",5,365,0,7,0,5,"f",0.44
6623,"24/07/2012","within a few hours","t",126,"t","Woollahra",-33.88380607,151.2292669,"Entire home/apt",6,NA,3,"",1,1125,0,5,0,5,"f",0.17
4288,"13/10/2019","N/A","f",8,"t","Sydney",-33.88298,151.1899,"Private room",2,1,1,"$140.00",90,1125,29,0,0,NA,"t",NA
15442,"10/12/2024","within a day","f",7,"t","Randwick",-33.92067116,151.2528425,"Private room",2,1,1,"$88.00",1,365,29,4,0,4.25,"f",0.71
17196,"8/04/2018","within an hour","f",1,"f","Woollahra",-33.8638561,151.2718463,"Private room",10,2.5,1,"$1,036.00",7,365,22,0,0,NA,"f",NA
10248,"13/08/2016","within an hour","t",2,"t","Leichhardt",-33.87192192,151.1627007,"Private room",2,NA,NA,"",2,21,0,14,0,5,"f",0.93
17989,"29/03/2024","within an hour","t",22,"t","Manly",-33.79062,151.28366,"Shared room",1,1,1,"$50.00",1,365,29,0,0,NA,"t",NA
7309,"4/06/2014","within a day","f",0,"t","Manly",-33.78851,151.28374,"Entire home/apt",8,2,4,"$902.00",7,365,28,2,0,5,"f",0.11
17431,"14/08/2024","within an hour","f",23,"t","Strathfield",-33.86154,151.06202,"Entire home/apt",7,2,4,"$238.00",1,365,0,0,0,NA,"t",NA
1780,"24/12/2014","within an hour","t",3,"t","Randwick",-33.94181,151.24928,"Entire home/apt",8,2.5,3,"$675.00",1,1125,26,52,1,4.88,"f",0.54
4721,"13/09/2018","within an hour","t",20,"t","Sydney",-33.87693,151.21326,"Entire home/apt",2,1,0,"$146.00",2,730,0,101,3,4.91,"f",1.77
17110,"16/10/2021","within an hour","f",40,"t","Fairfield",-33.8995451,150.9370293,"Entire home/apt",12,2,5,"$237.00",2,365,25,2,1,5,"t",1
1751,"23/01/2016","within an hour","t",1,"t","Mosman",-33.8284,151.23182,"Entire home/apt",2,1,1,"$175.00",1,32,25,176,1,5,"f",1.86
11397,"7/11/2012","within an hour","t",11,"t","Waverley",-33.8890765,151.2753304,"Entire home/apt",4,1,1,"$187.00",1,730,7,30,2,4.73,"t",2
7190,"12/12/2020","within an hour","f",1,"t","Pittwater",-33.61917,151.33401,"Entire home/apt",7,1.5,4,"$635.00",5,21,0,9,0,4.78,"t",0.3
12842,"10/07/2013","within an hour","f",244,"t","Waverley",-33.89050882,151.2608817,"Entire home/apt",3,1,2,"$339.00",1,1125,0,7,0,5,"t",0.78
3063,"22/10/2016","within an hour","t",22,"t","Sydney",-33.87242,151.20446,"Entire home/apt",4,1,1,"$267.00",2,365,22,282,1,4.91,"f",3.6
6626,"8/08/2022","within an hour","t",20,"t","Strathfield",-33.8617752,151.0803214,"Entire home/apt",7,2,3,"$249.00",5,365,16,98,2,4.8,"t",2.92
144,"10/07/2013","within an hour","f",244,"t","Woollahra",-33.86032094,151.2760815,"Entire home/apt",8,NA,4,"",1,1125,0,37,0,4.46,"t",0.31
17445,"22/11/2024","within an hour","f",1,"t","Sydney",-33.8629543,151.2020203,"Entire home/apt",4,1,1,"$328.00",2,365,1,2,0,5,"t",1.67
5191,"13/09/2018","within an hour","t",20,"t","Sydney",-33.87690353,151.2133179,"Entire home/apt",2,1,0,"$210.00",2,730,0,101,0,4.82,"f",1.92
10549,"21/05/2013","within a few hours","t",3,"t","North Sydney",-33.84942588,151.2166656,"Entire home/apt",3,NA,1,"",90,365,0,19,0,4.84,"t",1.06
15304,"13/08/2018","within an hour","f",57,"t","Sydney",-33.87872648,151.2042817,"Entire home/apt",5,2,2,"$255.00",1,365,5,27,1,4.7,"f",4.6
14977,"11/01/2020","within an hour","t",45,"t","Sydney",-33.9075685,151.2121348,"Entire home/apt",4,2,2,"$225.00",4,365,23,7,0,4.86,"f",1.78
5570,"16/06/2021","within an hour","f",57,"t","Leichhardt",-33.86367,151.16838,"Entire home/apt",3,1,1,"$148.00",2,120,17,45,0,4.31,"f",0.97
1494,"23/10/2016","within a few hours","f",1,"t","Waverley",-33.88727,151.27753,"Entire home/apt",2,1,1,"$147.00",7,730,0,56,0,4.89,"f",0.55
14184,"2/04/2016","within an hour","f",3,"t","Blacktown",-33.71204,150.91318,"Private room",2,1.5,1,"$57.00",20,365,29,15,0,4.8,"f",2.04
10246,"13/08/2012","N/A","f",1,"t","Sydney",-33.89745,151.18033,"Entire home/apt",4,NA,2,"",3,20,0,5,0,4.6,"f",0.28
2579,"16/08/2010","within an hour","t",6,"t","Sydney",-33.90635,151.2118,"Entire home/apt",2,2,2,"$270.00",7,1125,27,3,0,5,"f",0.09
13038,"12/09/2015","N/A","f",1,"t","Manly",-33.8002302,151.2878408,"Entire home/apt",2,NA,1,"",2,365,0,2,0,5,"f",0.35
11184,"11/07/2021","within an hour","t",28,"t","Waverley",-33.88706215,151.2762019,"Entire home/apt",9,1,3,"$328.00",2,1125,12,50,1,4.98,"f",3.36
10503,"14/06/2021","within an hour","f",1,"t","Marrickville",-33.89697998,151.1475648,"Entire home/apt",1,1,1,"$128.00",2,7,0,3,1,4.67,"f",0.95
14504,"19/04/2018","within an hour","f",59,"t","Ryde",-33.79314746,151.0806004,"Entire home/apt",5,2,3,"$184.00",2,365,12,4,0,4.75,"t",0.88
10755,"23/11/2023","within a day","",3,"t","Sydney",-33.90070939,151.2051226,"Entire home/apt",2,1,1,"$273.00",3,30,28,1,0,5,"f",0.06
1919,"27/09/2017","within a day","t",2,"t","Leichhardt",-33.86391,151.17664,"Entire home/apt",2,1,1,"$242.00",1,365,26,95,0,4.8,"f",1.02
14885,"30/11/2023","within a few hours","f",49,"t","Botany Bay",-33.92436,151.18355,"Entire home/apt",4,NA,2,"",6,365,0,0,0,NA,"f",NA
6593,"24/03/2013","within a few hours","f",6,"t","Randwick",-33.9248723,151.2556707,"Private room",1,NA,1,"",28,1125,0,2,0,5,"f",0.11
11189,"16/10/2021","within an hour","f",40,"t","Fairfield",-33.89323128,150.9010777,"Private room",6,NA,2,"",1,365,2,15,0,4.13,"t",0.93
14122,"20/11/2013","within an hour","f",1,"t","Manly",-33.8009883,151.2897039,"Entire home/apt",8,2,4,"$895.00",3,90,6,7,0,5,"t",1.25
1178,"23/01/2015","within a few hours","t",1,"t","Warringah",-33.78114,151.2841,"Entire home/apt",2,1,1,"$143.00",7,90,18,19,1,4.89,"f",0.63
15104,"7/09/2018","within an hour","t",1,"t","Hurstville",-33.96783,151.11,"Entire home/apt",3,1,1,"$208.00",1,363,29,9,2,4.78,"f",1.62
7538,"23/12/2020","within an hour","f",44,"t","Sydney",-33.89901,151.19836,"Private room",2,1,1,"$104.00",1,60,25,60,1,4.73,"f",1.96
11302,"18/05/2015","within a few hours","f",1,"t","Sydney",-33.88417,151.21675,"Entire home/apt",2,1,1,"$299.00",2,365,0,2,0,5,"f",0.16
8550,"28/10/2015","within an hour","t",1,"t","Pittwater",-33.68865,151.29824,"Private room",2,1,1,"$128.00",2,30,14,48,1,4.83,"f",1.93
6692,"28/10/2014","within an hour","f",1,"t","Waverley",-33.90436,151.25852,"Entire home/apt",4,1,2,"$585.00",4,365,0,13,0,5,"f",0.43
4603,"10/06/2020","within an hour","f",4,"t","Sydney",-33.8824,151.20459,"Private room",2,1,1,"$130.00",1,31,28,31,1,4.48,"t",0.52
5310,"22/12/2018","N/A","f",1,"f","Willoughby",-33.82367,151.19253,"Entire home/apt",2,1,1,"$284.00",90,365,29,0,0,NA,"t",NA
2440,"23/06/2016","within an hour","t",1,"t","Canterbury",-33.93633,151.08873,"Entire home/apt",5,1,1,"$97.00",1,1125,4,149,4,4.87,"f",1.57
8595,"13/05/2022","within an hour","f",16,"t","Auburn",-33.82731391,151.076008,"Entire home/apt",3,NA,1,"",2,365,0,6,0,4.83,"f",0.24
6603,"29/08/2024","N/A","f",39,"t","Sydney",-33.8616923,151.2069393,"Entire home/apt",4,1,1,"$296.00",3,1125,18,23,0,4.39,"t",0.77
3163,"10/03/2015","N/A","f",1,"t","Randwick",-33.93622,151.24748,"Entire home/apt",8,3.5,4,"$858.00",7,1125,0,2,0,5,"f",0.03
6905,"28/10/2014","within an hour","f",1,"t","Randwick",-33.95922,151.24514,"Entire home/apt",6,2.5,4,"$400.00",3,365,13,28,0,4.93,"f",0.94
17315,"13/03/2024","within a few hours","f",3,"t","Canada Bay",-33.86046193,151.1443394,"Entire home/apt",10,3.5,5,"$491.00",2,365,21,1,0,5,"f",0.94
15332,"25/08/2019","within an hour","f",169,"t","Ku-Ring-Gai",-33.7783412,151.1654329,"Private room",2,2,1,"$84.00",1,89,6,2,0,4,"f",0.41
5467,"5/02/2017","within an hour","t",1,"t","Hornsby",-33.39267,150.98721,"Entire home/apt",16,11,11,"$1,008.00",2,1125,14,65,0,4.74,"f",1.49
16327,"14/04/2023","within an hour","f",81,"t","Sydney",-33.87858,151.20207,"Entire home/apt",3,1,2,"$135.00",1,365,18,4,1,4.5,"t",1.19
15557,"23/07/2023","within an hour","f",10,"t","Sydney",-33.8889709,151.1830638,"Entire home/apt",6,2,2,"$259.00",2,45,11,12,2,4.67,"t",3.33
2994,"31/12/2018","N/A","f",1,"f","Liverpool",-33.9169,150.92731,"Private room",3,NA,2,"",90,1125,29,0,0,NA,"f",NA
10145,"16/04/2023","within an hour","t",4,"t","Mosman",-33.82621954,151.24939,"Entire home/apt",5,1.5,3,"$436.00",3,365,0,31,0,4.94,"t",2.22
13596,"1/10/2012","within an hour","f",45,"t","Waverley",-33.9053537,151.2572557,"Entire home/apt",2,1,2,"$164.00",2,90,29,8,0,4.5,"f",1.07
3309,"15/09/2016","within an hour","t",2,"t","Sydney",-33.87062,151.19641,"Entire home/apt",7,2.5,3,"$407.00",3,1125,8,214,2,4.91,"t",2.91
765,"9/11/2013","a few days or more","f",2,"t","Warringah",-33.72063,151.29623,"Entire home/apt",4,1,2,"$334.00",90,1125,28,4,0,4.25,"f",0.03
2343,"27/02/2018","N/A","f",1,"t","Woollahra",-33.87456,151.23516,"Private room",1,1,1,"$48.00",90,1125,29,27,0,4.78,"f",0.31
16116,"9/06/2023","within an hour","f",11,"t","Auburn",-33.84718,151.07345,"Entire home/apt",8,2,2,"$152.00",1,365,23,9,3,4.56,"f",4.74
15593,"24/07/2019","N/A","f",912,"t","Warringah",-33.77234,151.26338,"Entire home/apt",4,1,2,"$245.00",2,365,14,3,0,5,"t",0.89
12557,"17/07/2019","within an hour","t",4,"t","Sydney",-33.890821,151.2151416,"Entire home/apt",2,1,1,"$157.00",3,365,10,29,2,4.72,"t",2.79
15329,"9/04/2024","within an hour","f",50,"t","North Sydney",-33.83453,151.20918,"Entire home/apt",2,1,1,"$203.00",1,365,29,1,0,4,"t",0.41
10945,"24/10/2011","within an hour","t",75,"t","Warringah",-33.7529327,151.2878322,"Entire home/apt",4,NA,2,"",3,365,0,27,0,4.89,"f",1.57
6242,"20/08/2020","within an hour","f",2,"t","Pittwater",-33.69553,151.29081,"Entire home/apt",4,1,2,"$285.00",90,1125,7,18,0,4.89,"f",0.49
6579,"11/10/2019","within an hour","f",138,"t","Auburn",-33.8502,151.07328,"Entire home/apt",4,2,2,"$279.00",2,1125,26,25,0,4.56,"f",0.8
5446,"26/05/2021","within an hour","t",3,"t","Hurstville",-33.9823,151.04114,"Private room",2,1,1,"$147.00",2,365,29,29,0,4.97,"f",0.75
14751,"14/04/2023","within an hour","f",81,"t","Sydney",-33.9016,151.20492,"Entire home/apt",4,2,2,"$168.00",1,365,26,21,1,4.29,"t",3.04
5473,"30/12/2016","within an hour","t",4,"t","Pittwater",-33.63674,151.30502,"Entire home/apt",12,4.5,6,"$1,639.00",2,365,7,9,0,5,"f",0.61
4417,"15/12/2019","N/A","f",2,"f","Hornsby",-33.77494,151.08685,"Private room",2,1,1,"$72.00",90,1125,29,0,0,NA,"f",NA
5000,"17/04/2016","N/A","f",6,"t","Sydney",-33.87626,151.21067,"Entire home/apt",4,1.5,1,"$600.00",90,1125,29,0,0,NA,"t",NA
14218,"24/07/2019","N/A","f",912,"t","Sydney",-33.8716954,151.2175283,"Entire home/apt",2,1,1,"$217.00",3,365,28,3,0,4,"t",0.56
11483,"5/09/2013","N/A","t",2,"t","Sydney",-33.88518,151.20963,"Entire home/apt",4,NA,1,"",3,14,0,16,0,5,"f",1.05
883,"6/06/2015","N/A","t",3,"t","Sydney",-33.87308,151.2195,"Private room",1,NA,NA,"",1,1,0,0,0,NA,"f",NA
7559,"22/02/2021","within an hour","f",4,"t","Parramatta",-33.79738188,150.9672354,"Entire home/apt",14,NA,2,"",90,365,29,1,0,4,"f",0.04
11531,"22/07/2012","within an hour","",3,"t","Waverley",-33.89615613,151.2704811,"Entire home/apt",4,1.5,2,"$465.00",2,365,23,3,0,5,"f",0.63
10648,"9/12/2023","within an hour","t",1,"t","Waverley",-33.894317,151.2725138,"Entire home/apt",4,1,2,"$371.00",7,180,9,26,0,4.96,"t",1.47
16209,"1/10/2016","within an hour","t",2,"t","Sydney",-33.8698485,151.2255663,"Entire home/apt",2,1,0,"$177.00",1,365,9,7,0,5,"t",2.41
15075,"7/10/2015","N/A","f",1,"t","Sutherland Shire",-34.05720213,151.1569547,"Entire home/apt",4,1,2,"$350.00",21,365,26,0,0,NA,"f",NA
11488,"4/10/2021","within an hour","t",1,"t","Bankstown",-33.9163045,151.0323531,"Entire home/apt",4,2,2,"$176.00",1,100,6,46,3,4.74,"f",3.26
13055,"16/07/2024","within a few hours","f",49,"t","Sydney",-33.90742,151.20523,"Entire home/apt",2,1,1,"$235.00",2,365,0,1,0,3,"f",0.16
2319,"3/08/2013","within a day","t",1,"t","Warringah",-33.76502,151.29004,"Entire home/apt",2,1,1,"$217.00",4,1125,20,55,0,4.89,"f",0.84
10623,"2/03/2015","within an hour","f",1,"t","Warringah",-33.754923,151.2859294,"Entire home/apt",4,1,1,"$135.00",1,28,4,32,9,4.94,"f",2.18
12496,"11/11/2022","within an hour","t",6,"t","Sydney",-33.85804,151.20218,"Entire home/apt",11,3,4,"$1,303.00",5,365,0,0,0,NA,"f",NA
6754,"7/12/2016","N/A","f",1,"t","Waverley",-33.88681,151.27438,"Entire home/apt",5,3,3,"$984.00",30,120,29,4,0,5,"f",0.13
16942,"22/11/2017","within an hour","",14,"t","Waverley",-33.89410312,151.2732276,"Entire home/apt",2,1,0,"$386.00",1,365,0,6,0,5,"t",2.81
11142,"20/02/2024","N/A","f",1,"t","Auburn",-33.8522004,151.0706012,"Private room",2,1,1,"$450.00",90,365,28,0,0,NA,"f",NA
6986,"11/11/2018","within an hour","f",19,"t","Sydney",-33.87900162,151.2050018,"Entire home/apt",4,1,1,"$248.00",3,89,13,55,3,4.65,"t",1.81
4398,"2/01/2015","within an hour","t",1,"t","Canada Bay",-33.82745032,151.0866619,"Entire home/apt",4,NA,1,"",2,120,0,105,1,4.92,"f",1.64
15519,"23/10/2015","within an hour","t",2,"t","Auburn",-33.84900189,151.0611453,"Entire home/apt",6,2,2,"$174.00",1,365,8,53,7,4.94,"f",9.09
10002,"11/01/2022","N/A","f",1,"t","Warringah",-33.67597,151.21195,"Entire home/apt",2,1,1,"$373.00",90,365,27,9,0,5,"f",0.54
3646,"9/10/2019","within an hour","f",1,"t","Hornsby",-33.74266,151.06754,"Entire home/apt",2,1,1,"$64.00",90,730,27,24,0,4.83,"f",0.35
11610,"23/04/2018","N/A","f",46,"t","Sydney",-33.8723953,151.2282751,"Entire home/apt",2,1,0,"$151.00",2,90,11,24,0,4.75,"f",1.73
11456,"26/07/2015","within an hour","t",2,"t","Manly",-33.8025046,151.2877845,"Entire home/apt",4,NA,2,"",2,365,0,7,0,5,"f",0.59
2398,"11/02/2014","within an hour","t",5,"t","Waverley",-33.89327,151.27278,"Entire home/apt",3,1,1,"$342.00",1,1125,25,22,0,5,"t",0.37
13181,"30/10/2022","within an hour","t",1,"t","Bankstown",-33.91717,151.0314,"Entire home/apt",5,1,2,"$209.00",1,1125,6,27,2,4.96,"t",2.66
10384,"1/11/2017","N/A","f",1,"t","Warringah",-33.75271239,151.2892031,"Private room",2,1,1,"$146.00",90,365,28,14,0,5,"f",0.73
15,"19/11/2013","N/A","f",1,"t","North Sydney",-33.84725,151.20974,"Entire home/apt",5,NA,2,"",180,180,0,99,0,4.86,"f",0.71
17583,"14/09/2023","within an hour","f",1,"t","Blacktown",-33.69019,150.90633,"Entire home/apt",6,2,2,"$151.00",1,365,16,2,2,5,"f",2
10488,"14/07/2023","within an hour","f",2,"t","The Hills Shire",-33.6890909,150.927159,"Entire home/apt",6,2,3,"$428.00",3,180,18,14,0,4.64,"f",0.79
8174,"18/07/2017","within an hour","t",13,"t","Auburn",-33.8274648,151.0770486,"Entire home/apt",4,2,2,"$239.00",2,365,0,10,0,4.6,"t",0.41
8689,"13/07/2016","within an hour","t",6,"t","Ashfield",-33.8914063,151.1378958,"Private room",2,1,1,"$90.00",90,1125,0,33,0,4.91,"f",1.41
12611,"17/04/2024","within an hour","f",13,"t","Rockdale",-33.9564892,151.1435467,"Entire home/apt",2,1,1,"$119.00",4,730,5,31,1,4.68,"t",2.64
4613,"27/12/2019","within an hour","t",1,"t","Randwick",-33.90657,151.22473,"Entire home/apt",4,1,2,"$275.00",2,1125,20,146,3,4.88,"t",2.41
10023,"29/07/2011","within an hour","f",2,"t","Hurstville",-33.9653498,151.1045237,"Private room",1,0,1,"$70.00",3,365,22,4,0,4.5,"f",0.22
7285,"4/11/2019","within an hour","t",15,"t","Botany Bay",-33.9297491,151.1964393,"Private room",2,1.5,1,"$88.00",3,365,29,25,0,4.72,"t",0.79
9539,"11/10/2023","N/A","f",1,"t","Waverley",-33.88766842,151.2684658,"Entire home/apt",2,2,2,"$600.00",90,365,0,0,0,NA,"t",NA
1831,"19/09/2017","within an hour","f",1,"t","Manly",-33.80189,151.28993,"Entire home/apt",4,1,2,"$179.00",5,360,15,340,2,4.6,"f",3.7
16866,"24/07/2012","within a few hours","t",126,"t","Woollahra",-33.84875,151.27801,"Entire home/apt",9,4.5,5,"$4,149.00",1,1125,27,0,0,NA,"f",NA
6431,"24/01/2018","within an hour","f",56,"t","Sydney",-33.88868,151.19933,"Entire home/apt",4,1,1,"$186.00",7,365,29,33,1,4.12,"t",1.7
17584,"19/03/2023","within an hour","f",1,"t","Pittwater",-33.62025586,151.3205058,"Entire home/apt",2,1,1,"$334.00",2,14,28,3,3,5,"f",3
4009,"6/10/2015","within an hour","f",3,"t","Penrith",-33.75766,150.66291,"Entire home/apt",6,2,3,"$215.00",2,1125,18,74,2,4.86,"t",1.55
16722,"6/12/2022","within an hour","f",14,"t","The Hills Shire",-33.7950268,151.0259258,"Private room",2,1,1,"$60.00",1,365,7,2,1,5,"f",0.73
2633,"22/07/2016","N/A","f",1,"f","Liverpool",-33.96336,150.94963,"Private room",2,NA,NA,"",90,1125,29,0,0,NA,"t",NA
17538,"9/10/2019","within a day","f",17,"t","Botany Bay",-33.92464718,151.185917,"Entire home/apt",4,1,2,"$228.00",1,365,29,0,0,NA,"f",NA
7565,"30/11/2022","within an hour","t",1,"t","The Hills Shire",-33.40289,150.97882,"Entire home/apt",8,1,2,"$503.00",2,30,28,24,0,5,"f",0.8
4979,"23/08/2015","within an hour","t",8,"t","Randwick",-33.91128,151.22232,"Private room",2,NA,NA,"",7,20,13,6,1,5,"f",0.17
2236,"13/11/2017","N/A","t",2,"t","Warringah",-33.78382,151.28235,"Private room",2,NA,NA,"",90,1125,0,105,0,4.79,"f",1.16
16613,"2/04/2018","within an hour","t",2,"t","Hornsby",-33.77634326,151.0582644,"Entire home/apt",5,1,2,"$172.00",1,60,6,14,4,4.86,"t",5.92
10266,"13/01/2025","N/A","f",57,"t","Ryde",-33.779337,151.1154956,"Entire home/apt",4,1,1,"$135.00",21,365,5,26,0,4.96,"t",1.47
897,"15/05/2012","N/A","f",1,"t","Sydney",-33.88828,151.19734,"Entire home/apt",1,1,1,"$196.00",1,180,29,80,0,4.69,"f",0.85
4713,"10/03/2019","within an hour","t",1,"t","Pittwater",-33.64913,151.28072,"Entire home/apt",2,1,1,"$160.00",2,30,27,136,4,4.96,"t",2.06
5158,"11/07/2018","N/A","f",1,"t","The Hills Shire",-33.75582,150.98619,"Entire home/apt",1,1,NA,"$200.00",90,365,27,0,0,NA,"t",NA
8202,"12/04/2023","within an hour","f",2,"t","North Sydney",-33.8510421,151.2161409,"Entire home/apt",6,2,2,"$610.00",1,365,20,66,0,4.26,"t",2.53
7832,"20/02/2016","N/A","f",2,"t","Sutherland Shire",-34.0573,151.1189,"Entire home/apt",2,1,1,"$255.00",90,365,28,4,0,4.5,"f",0.14
142,"11/03/2014","within an hour","t",1,"t","Willoughby",-33.798508,151.215561,"Entire home/apt",4,1,0,"$98.00",2,1125,3,282,1,4.76,"t",2.07
4123,"13/11/2019","within a few hours","t",1,"t","Pittwater",-33.68471,151.30458,"Private room",2,1,1,"$89.00",1,30,5,78,8,4.86,"f",7.07
11953,"13/08/2018","within an hour","f",57,"t","Sydney",-33.8787026,151.2039813,"Entire home/apt",2,1,0,"$170.00",1,365,10,14,0,4,"f",1.07
3836,"25/08/2015","within an hour","f",15,"t","Leichhardt",-33.88766,151.15915,"Entire home/apt",2,1,1,"$125.00",1,365,29,26,1,4.15,"f",0.37
2003,"22/12/2016","within an hour","f",9,"t","Lane Cove",-33.81905,151.18311,"Private room",2,1,1,"$162.00",1,1125,0,1,0,3,"t",0.01
8568,"21/10/2022","within an hour","f",60,"t","Botany Bay",-33.9235006,151.1848773,"Entire home/apt",4,1,2,"$171.00",2,365,4,30,2,4.7,"f",1.18
17197,"23/05/2012","within a few hours","t",117,"t","Waverley",-33.89333,151.27254,"Entire home/apt",2,1,1,"$260.00",5,89,28,0,0,NA,"f",NA
14934,"12/10/2023","within an hour","f",11,"t","Sydney",-33.87486,151.2091,"Entire home/apt",4,NA,2,"",30,365,0,0,0,NA,"f",NA
14735,"24/02/2013","within an hour","t",92,"t","Sydney",-33.8843,151.1794,"Entire home/apt",6,2,3,"$205.00",5,365,11,17,0,4.29,"t",2.62
11999,"3/05/2011","within an hour","t",2,"t","Warringah",-33.73307,151.29814,"Entire home/apt",4,1,2,"$1,213.00",1,365,13,10,0,5,"t",0.81
6434,"26/08/2016","within an hour","f",78,"t","Ashfield",-33.89108,151.13302,"Entire home/apt",3,1,0,"$143.00",90,365,20,34,0,4.74,"t",0.86
12303,"2/08/2014","within a few hours","f",3,"t","Blacktown",-33.67375518,150.8683167,"Private room",1,NA,NA,"",90,365,28,3,0,4.67,"f",0.25
3416,"21/04/2019","N/A","f",1,"f","Camden",-34.05299,150.74974,"Entire home/apt",2,1,1,"$91.00",90,1125,0,42,0,4.98,"f",0.56
10070,"16/12/2015","N/A","f",3,"t","Willoughby",-33.7906279,151.1824937,"Entire home/apt",10,NA,4,"",15,28,0,5,0,5,"f",0.28
6726,"14/07/2014","within a few hours","f",1,"t","Warringah",-33.74195521,151.2118011,"Entire home/apt",6,2,3,"$250.00",5,60,0,18,1,5,"f",0.65
8211,"20/02/2018","within an hour","f",55,"t","Waverley",-33.88464,151.27319,"Entire home/apt",8,3,4,"$3,203.00",1,89,29,0,0,NA,"f",NA
5772,"15/10/2016","within an hour","f",3,"t","Waverley",-33.89353,151.25968,"Entire home/apt",4,2,2,"$600.00",90,365,29,0,0,NA,"t",NA
2356,"28/02/2018","within a few hours","f",1,"t","Sydney",-33.89383,151.18486,"Entire home/apt",2,1,1,"$179.00",4,1125,8,6,0,4.83,"f",0.98
9536,"25/06/2016","within a few hours","t",1,"t","Waverley",-33.88683724,151.2706125,"Entire home/apt",4,1,2,"$244.00",2,30,29,42,0,4.88,"f",1.94
17006,"13/09/2013","within a day","f",1,"t","Sydney",-33.91013583,151.2036749,"Entire home/apt",4,1,1,"$303.00",7,180,28,0,0,NA,"f",NA
10438,"13/02/2014","within a few hours","f",1,"t","Manly",-33.79927,151.28676,"Entire home/apt",3,1,1,"$280.00",2,365,0,17,0,4.82,"f",1.38
1137,"11/12/2011","within an hour","f",7,"t","Sydney",-33.87283,151.22293,"Hotel room",2,NA,1,"",1,60,29,87,0,3.77,"f",0.78
828,"30/01/2015","N/A","f",1,"t","Manly",-33.79213,151.26696,"Entire home/apt",6,2,3,"$375.00",90,1125,17,3,0,4.67,"f",0.04
1141,"24/07/2019","N/A","f",912,"t","Sydney",-33.8726,151.1963,"Entire home/apt",4,2,2,"$255.00",3,365,16,137,0,4.47,"t",1.24
17371,"3/09/2011","within an hour","f",6,"t","Canada Bay",-33.85429,151.15402,"Private room",2,1,1,"$101.00",5,30,4,0,0,NA,"f",NA
3212,"29/05/2015","within an hour","f",9,"t","Sydney",-33.8698,151.2256,"Hotel room",2,1,1,"$230.00",1,1125,25,20,0,4.75,"t",0.27
10183,"20/09/2017","N/A","t",3,"t","Rockdale",-33.93213646,151.1506993,"Entire home/apt",6,NA,2,"",2,28,0,15,0,4.93,"f",0.78
12447,"24/07/2019","N/A","f",912,"t","Sydney",-33.8873869,151.179892,"Entire home/apt",4,2,2,"$224.00",3,365,2,15,0,4.6,"t",1.33
11267,"6/01/2015","within an hour","f",27,"t","Auburn",-33.84684,151.05877,"Entire home/apt",4,2,2,"$127.00",2,7,10,70,4,4.69,"f",4.35
13457,"2/03/2014","N/A","f",1,"t","Waverley",-33.88602564,151.2760741,"Entire home/apt",5,2,3,"$525.00",90,365,0,0,0,NA,"f",NA
16946,"2/11/2015","within a day","f",3,"f","Woollahra",-33.88841,151.25979,"Private room",2,1,1,"$100.00",1,365,0,0,0,NA,"f",NA
3473,"21/01/2019","within an hour","t",13,"t","Sydney",-33.907227,151.201752,"Private room",4,1,1,"$237.00",1,90,25,35,1,4.66,"t",0.53
5203,"22/02/2021","within an hour","f",4,"t","Parramatta",-33.79797,150.96723,"Entire home/apt",10,2,2,"$250.00",90,365,29,0,0,NA,"f",NA
6561,"18/08/2022","within an hour","f",10,"t","Waverley",-33.897,151.2598,"Entire home/apt",4,1,2,"$160.00",2,120,2,32,0,4.44,"f",1.01
11208,"22/05/2016","within an hour","t",1,"t","Woollahra",-33.8829787,151.223256,"Entire home/apt",2,1,0,"$84.00",2,365,0,22,4,4.82,"f",1.56
16450,"16/10/2021","within an hour","f",40,"t","Fairfield",-33.87550843,150.9571615,"Private room",2,NA,NA,"",1,89,26,4,0,3,"t",1.18
1710,"25/12/2013","within an hour","t",7,"t","Camden",-34.05689,150.70872,"Entire home/apt",5,1,2,"$185.00",2,730,23,136,4,4.9,"f",1.41
10227,"4/01/2019","within an hour","f",17,"t","Sydney",-33.87907,151.20519,"Entire home/apt",4,2,2,"$269.00",1,362,7,41,1,4.68,"t",2.18
5169,"28/08/2017","within an hour","f",1,"t","Marrickville",-33.91006,151.1781,"Entire home/apt",4,1,2,"$267.00",3,1125,11,30,0,4.83,"f",0.61
15474,"19/04/2018","within an hour","f",59,"t","Ashfield",-33.8808575,151.1307967,"Entire home/apt",2,NA,1,"",2,365,0,7,0,4,"t",1.26
12860,"29/06/2024","within an hour","f",1,"t","Burwood",-33.8879021,151.1013344,"Entire home/apt",5,2,2,"$186.00",2,365,13,32,1,4.44,"t",3.4
17682,"29/08/2024","N/A","f",39,"t","Manly",-33.7892968,151.2811242,"Entire home/apt",4,NA,2,"",7,1125,0,0,0,NA,"f",NA
16513,"22/06/2022","within an hour","f",2,"t","Sydney",-33.88039,151.1954,"Entire home/apt",4,1,1,"$193.00",5,365,29,3,0,4,"t",1.03
3261,"29/08/2024","N/A","f",39,"t","North Sydney",-33.83237,151.22588,"Entire home/apt",4,1,1,"$210.00",5,1125,19,11,0,4.91,"t",0.16
8961,"27/12/2015","within an hour","f",1,"t","North Sydney",-33.83786717,151.2267273,"Entire home/apt",6,2,3,"$431.00",3,7,16,4,1,5,"f",0.69
9071,"13/08/2019","within an hour","",37,"t","Waverley",-33.890297,151.2720229,"Entire home/apt",2,1,1,"$374.00",3,30,13,43,2,4.88,"f",1.94
4475,"3/10/2014","within an hour","t",1,"t","Warringah",-33.75409,151.29445,"Entire home/apt",4,NA,1,"",2,1125,20,87,1,4.84,"f",1.31
12983,"6/10/2015","within an hour","f",3,"t","Penrith",-33.78487035,150.6886155,"Entire home/apt",4,1,3,"$177.00",2,365,16,11,1,4.82,"f",1.26
5111,"1/02/2021","within an hour","f",11,"t","Manly",-33.78873,151.2849,"Entire home/apt",6,1,1,"$235.00",1,1125,26,35,0,4.09,"t",0.66
2632,"23/05/2016","within an hour","",24,"t","Sydney",-33.90473,151.21136,"Entire home/apt",7,2,3,"$327.00",1,1125,15,38,0,4.76,"f",0.44
3041,"9/02/2014","N/A","f",4,"t","Waverley",-33.89163,151.26454,"Entire home/apt",1,NA,1,"",90,730,0,2,0,5,"f",0.03
6714,"15/03/2016","within an hour","t",31,"t","Sydney",-33.91222,151.20919,"Entire home/apt",2,1,1,"$201.00",2,1125,0,33,0,4.82,"t",0.99
17594,"27/01/2024","within an hour","f",2,"t","Hurstville",-33.96393064,151.0971281,"Entire home/apt",4,1,1,"$155.00",2,365,14,7,2,5,"t",4.38
3502,"25/04/2019","N/A","f",1,"f","Parramatta",-33.82698,151.01492,"Private room",1,1,1,"$29.00",180,1125,29,0,0,NA,"t",NA
10028,"23/05/2012","within a few hours","t",117,"t","Waverley",-33.8978441,151.269472,"Entire home/apt",2,NA,1,"",89,365,0,14,0,4.86,"f",0.72
12044,"18/07/2015","N/A","f",1,"t","Randwick",-33.91429859,151.2541678,"Entire home/apt",2,NA,1,"",12,100,0,1,0,5,"f",0.15
5266,"20/10/2019","within a few hours","t",1,"t","Hornsby",-33.61889,151.1994,"Entire home/apt",4,1,2,"$373.00",2,30,0,42,0,4.98,"f",0.85
8739,"9/06/2023","within a few hours","f",1,"t","Bankstown",-33.9466736,151.0291921,"Entire home/apt",8,2,4,"$250.00",2,30,24,40,2,4.68,"f",1.74
12361,"24/09/2016","N/A","f",1,"t","North Sydney",-33.8207,151.21549,"Entire home/apt",5,NA,3,"",7,365,0,1,0,5,"f",0.09
17554,"13/01/2025","N/A","f",57,"t","Strathfield",-33.86091286,151.0606413,"Entire home/apt",8,2,4,"$209.00",1,365,18,1,0,5,"f",0.79
3114,"24/12/2018","N/A","f",1,"t","Sydney",-33.88218,151.1982,"Entire home/apt",4,NA,2,"",3,50,0,11,0,4.55,"t",0.14
4258,"20/03/2013","within a few hours","f",1,"t","Pittwater",-33.62625,151.33584,"Entire home/apt",6,1.5,3,"$831.00",5,1125,29,6,0,4.67,"f",0.09
6704,"25/09/2022","a few days or more","f",2,"t","Sutherland Shire",-34.07988,151.14326,"Entire home/apt",8,2,4,"$1,700.00",90,365,22,1,0,5,"t",0.03
7274,"21/07/2018","within an hour","t",12,"t","Auburn",-33.82540963,151.0796841,"Entire home/apt",5,2,2,"$182.00",2,89,8,81,0,5,"f",2.69
17757,"12/05/2023","within an hour","f",12,"t","Sydney",-33.90591,151.20324,"Entire home/apt",4,1,2,"$158.00",5,365,0,0,0,NA,"f",NA
1652,"28/01/2014","N/A","f",1,"t","Pittwater",-33.67075,151.29099,"Entire home/apt",7,3,5,"$340.00",4,200,22,2,0,5,"f",0.02
1853,"13/08/2014","N/A","f",1,"t","Warringah",-33.78197,151.27076,"Entire home/apt",2,1,1,"$117.00",5,90,27,0,0,NA,"f",NA
3587,"17/05/2019","N/A","f",8,"t","Botany Bay",-33.94587,151.19333,"Private room",1,2,6,"$17.00",333,334,29,6,0,4.33,"t",0.09
7022,"13/05/2022","within an hour","f",16,"t","Auburn",-33.82483,151.07884,"Entire home/apt",3,1,1,"$189.00",2,365,19,40,2,4.58,"f",1.27
4735,"11/08/2015","within an hour","f",34,"t","Marrickville",-33.89137,151.17722,"Entire home/apt",6,2.5,3,"$664.00",5,1125,0,9,0,4.89,"f",0.21
5301,"31/08/2017","within an hour","f",54,"t","North Sydney",-33.83554077,151.2079163,"Entire home/apt",2,1,1,"$191.00",28,1125,6,6,0,4.83,"t",0.15
10377,"26/02/2016","within a few hours","f",3,"t","Warringah",-33.78146283,151.2794473,"Entire home/apt",2,1,1,"$265.00",90,365,0,8,0,4.5,"f",0.44
15265,"29/08/2024","N/A","f",39,"t","Sydney",-33.8635201,151.207878,"Entire home/apt",2,1,1,"$220.00",5,1125,16,5,1,4.4,"t",0.89
11723,"25/08/2019","within an hour","f",169,"t","Auburn",-33.8719523,151.0344225,"Private room",2,2.5,1,"$47.00",1,89,27,16,0,4.31,"f",1.12
13623,"27/09/2022","within a few hours","f",2,"t","Parramatta",-33.79262722,151.0457116,"Entire home/apt",2,1,1,"$106.00",1,365,20,6,0,4.67,"f",0.68
16466,"13/04/2013","within a day","f",1,"t","Sydney",-33.87013172,151.1900067,"Entire home/apt",4,1,1,"$270.00",2,10,28,0,0,NA,"f",NA
3179,"30/01/2015","N/A","f",1,"f","Pittwater",-33.69016,151.30276,"Entire home/apt",4,1,2,"$238.00",90,1125,0,2,0,5,"f",0.03
12616,"1/07/2024","within an hour","t",1,"t","Manly",-33.8065554,151.2852638,"Entire home/apt",6,2,3,"$389.00",2,365,7,14,1,4.93,"f",1.79
17057,"2/04/2015","within an hour","",12,"t","Waverley",-33.8900054,151.2709524,"Entire home/apt",7,1,3,"$679.00",4,365,2,0,0,NA,"f",NA
11847,"5/02/2015","within an hour","t",19,"t","Sydney",-33.87464356,151.1971065,"Entire home/apt",4,1,1,"$165.00",21,365,0,11,0,4.82,"f",0.84
4794,"22/11/2014","within an hour","t",23,"t","Sydney",-33.86996,151.20478,"Entire home/apt",3,1,1,"$232.00",2,365,10,86,1,4.94,"f",1.56
15461,"15/10/2014","within an hour","t",1,"t","Sydney",-33.88747,151.2151,"Entire home/apt",2,1,0,"$138.00",2,365,3,24,2,4.67,"t",4.65
14470,"19/04/2018","within an hour","f",59,"t","Parramatta",-33.82233937,151.0212905,"Entire home/apt",2,1,1,"$139.00",2,365,29,1,0,3,"t",0.15
12171,"4/05/2021","within an hour","f",3,"t","Sydney",-33.88708646,151.1943419,"Entire home/apt",7,1,3,"$147.00",1,365,3,47,3,4.77,"t",3.97
14013,"4/01/2020","within an hour","f",2,"t","City Of Kogarah",-33.96781627,151.1016402,"Entire home/apt",4,NA,2,"",1,365,0,10,0,4.9,"f",1.36
8248,"29/09/2017","N/A","f",1,"t","Penrith",-33.7858464,150.6600379,"Private room",4,NA,2,"",90,1125,29,0,0,NA,"f",NA
14525,"16/11/2015","N/A","f",3,"t","Waverley",-33.90075316,151.2604404,"Private room",1,NA,NA,"",2,365,0,3,0,5,"f",0.43
10324,"21/10/2023","within an hour","f",42,"t","Sydney",-33.87814117,151.2017562,"Entire home/apt",4,NA,2,"",90,365,7,3,0,5,"t",0.17
4282,"27/05/2012","N/A","f",2,"t","Sydney",-33.87233,151.19603,"Private room",2,1,1,"$171.00",90,1125,28,0,0,NA,"f",NA
10978,"19/11/2019","within an hour","f",1,"t","Parramatta",-33.8160908,151.0193912,"Private room",2,1,1,"$85.00",1,365,25,12,0,4.5,"f",0.91
6682,"13/12/2016","N/A","f",1,"t","The Hills Shire",-33.75878,150.97863,"Entire home/apt",2,1,1,"$136.00",90,90,0,28,0,4.64,"t",0.91
9016,"5/07/2017","within a day","f",517,"t","Sydney",-33.86352684,151.2026238,"Entire home/apt",2,1,1,"$343.00",7,1125,28,1,0,4,"f",0.06
17044,"19/12/2014","within an hour","t",47,"t","Waverley",-33.89016994,151.2833519,"Entire home/apt",6,2.5,3,"$997.00",7,365,29,0,0,NA,"f",NA
558,"28/05/2015","within a day","f",19,"t","Marrickville",-33.89663,151.16726,"Entire home/apt",4,1,1,"$175.00",2,21,13,73,0,4.64,"f",0.62
7898,"29/03/2016","within an hour","f",1,"t","Waverley",-33.89694,151.27019,"Entire home/apt",2,NA,1,"",1,1125,0,11,0,4.64,"f",0.43
11876,"5/12/2013","within an hour","t",64,"t","Sydney",-33.89076,151.20351,"Entire home/apt",2,NA,1,"",3,365,0,3,0,5,"f",0.23
986,"31/12/2014","N/A","f",1,"t","Hurstville",-33.96903,151.07669,"Private room",2,1,1,"$114.00",90,1125,26,7,0,4.86,"f",0.06
5565,"24/10/2016","within an hour","f",72,"t","Sydney",-33.8798534,151.2154176,"Entire home/apt",2,1,1,"$180.00",2,180,15,87,2,4.79,"t",2.2
6175,"8/06/2022","within an hour","f",9,"f","Sydney",-33.8774,151.21297,"Entire home/apt",4,1,1,"$282.00",1,180,23,12,0,4.25,"t",0.33
18152,"9/08/2022","within a few hours","f",40,"t","Waverley",-33.88453,151.28076,"Entire home/apt",6,2,4,"$248.00",1,365,23,0,0,NA,"f",NA
3182,"15/08/2016","within an hour","t",2,"t","Pittwater",-33.60034,151.31777,"Entire home/apt",4,1.5,2,"$450.00",2,365,24,73,0,4.86,"t",0.93
7846,"8/03/2023","within an hour","t",1,"t","Lane Cove",-33.81742,151.18055,"Entire home/apt",2,1,0,"$190.00",2,365,25,36,1,4.81,"f",1.36
18159,"8/01/2018","within an hour","f",51,"t","Parramatta",-33.81161,151.00812,"Entire home/apt",4,2,2,"$152.00",2,365,15,1,1,4,"t",1
6842,"22/12/2014","within an hour","t",4,"t","Parramatta",-33.81984,151.00561,"Entire home/apt",3,1,1,"$150.00",1,365,5,138,5,4.93,"f",4.36
7723,"23/04/2018","N/A","f",46,"t","Sydney",-33.8701988,151.2215925,"Entire home/apt",4,1,2,"$211.00",2,90,6,53,1,4.42,"t",1.84
398,"6/02/2013","within a few hours","f",4,"t","North Sydney",-33.84221,151.21614,"Entire home/apt",2,1,0,"$129.00",5,89,29,51,1,4.25,"f",0.4
1750,"8/05/2017","within an hour","t",3,"f","Sydney",-33.87518,151.21767,"Entire home/apt",2,1,1,"$322.00",3,1125,9,31,0,4.97,"f",0.33
12431,"4/07/2023","within a few hours","t",5,"t","Marrickville",-33.91207969,151.1561864,"Private room",2,1,3,"$67.00",1,365,16,15,2,4.93,"f",1.5
5640,"6/06/2017","within an hour","f",5,"t","Marrickville",-33.9022337,151.1788138,"Private room",2,3.5,1,"$112.00",3,28,29,2,0,4.5,"t",0.05
13019,"17/12/2015","within an hour","",15,"t","Sydney",-33.86997,151.19902,"Entire home/apt",6,2,2,"$373.00",2,365,4,41,5,4.76,"t",4.18
14605,"10/12/2014","within an hour","f",26,"f","Sydney",-33.88383734,151.1987094,"Private room",2,1,1,"$149.00",2,365,29,4,1,4,"f",0.72
8683,"3/03/2015","within a day","f",1,"t","Warringah",-33.781114,151.284695,"Entire home/apt",2,1,1,"$180.00",7,365,0,6,0,5,"f",0.34
10494,"20/02/2023","within an hour","t",3,"t","Ryde",-33.8014,151.10662,"Private room",2,1,1,"$79.00",1,1125,0,36,0,5,"f",1.94
12392,"4/10/2015","within an hour","f",4,"t","Penrith",-33.7799731,150.7760281,"Private room",2,1,1,"$50.00",1,90,7,2,0,5,"f",0.3
14077,"12/04/2019","within an hour","f",63,"t","Campbelltown",-33.9819942,150.9000968,"Private room",2,NA,NA,"",3,89,29,4,0,4.25,"f",0.62
7731,"9/01/2018","within an hour","t",2,"t","Sydney",-33.9100476,151.2032627,"Entire home/apt",2,1,1,"$178.00",2,42,22,69,1,4.93,"f",2.43
15815,"12/04/2017","within an hour","f",14,"t","Sydney",-33.8825769,151.1959472,"Private room",3,1,1,"$188.00",1,90,22,1,1,5,"t",1
16917,"20/02/2018","within an hour","f",55,"t","Mosman",-33.83917662,151.2482794,"Entire home/apt",10,4.5,5,"$2,790.00",1,365,22,0,0,NA,"f",NA
3071,"16/11/2018","within a day","f",2,"t","Sydney",-33.87935,151.20813,"Entire home/apt",2,1,1,"$228.00",1,1125,0,21,0,3.86,"t",0.27
15318,"19/12/2021","within a few hours","t",2,"t","Sydney",-33.8835472,151.2126836,"Entire home/apt",6,2,2,"$302.00",1,365,25,32,7,4.81,"f",5.27
5713,"11/09/2021","N/A","f",1,"t","Warringah",-33.78198,151.28414,"Entire home/apt",4,1,2,"$301.00",7,90,22,5,0,5,"f",0.12
15180,"11/11/2024","within an hour","f",7,"t","Botany Bay",-33.9234957,151.1902651,"Entire home/apt",8,2,2,"$210.00",2,365,1,24,5,4.67,"t",4.19
484,"7/04/2015","N/A","f",1,"f","Hornsby",-33.76674,151.08157,"Private room",1,1,1,"$40.00",90,1125,29,0,0,NA,"f",NA
7469,"3/06/2015","within an hour","t",1,"t","Sydney",-33.88845,151.228,"Entire home/apt",2,1,1,"$275.00",2,28,11,98,3,4.98,"f",3.18
3883,"20/10/2019","within an hour","f",6,"t","Auburn",-33.83792,151.04015,"Private room",2,1,1,"$48.00",2,1125,1,99,3,4.79,"t",1.47
4743,"26/04/2014","within an hour","t",15,"t","Waverley",-33.89024,151.27221,"Entire home/apt",2,1,1,"$267.00",3,730,26,67,0,4.91,"f",1.15
7205,"5/02/2022","within an hour","t",1,"t","Rockdale",-33.935182,151.1560113,"Private room",2,1,1,"$160.00",1,1125,0,89,0,4.98,"f",2.92
10575,"19/12/2014","within an hour","t",47,"t","Waverley",-33.89064,151.28317,"Entire home/apt",4,1,2,"$1,094.00",7,90,0,0,0,NA,"f",NA
5948,"6/01/2016","within an hour","t",12,"t","Liverpool",-33.91386414,150.8270874,"Private room",2,1,1,"$77.00",1,1125,21,99,3,4.83,"f",2.54
8206,"22/12/2014","within an hour","t",4,"t","Parramatta",-33.82032118,151.0053462,"Entire home/apt",3,1,1,"$189.00",1,365,0,2,0,5,"f",0.21
5643,"11/10/2019","within an hour","f",138,"t","Sydney",-33.88522,151.17787,"Entire home/apt",4,2,2,"$288.00",2,365,29,19,0,4.37,"f",0.46
11433,"3/03/2024","N/A","f",1,"t","Woollahra",-33.86924,151.24061,"Entire home/apt",2,NA,1,"",90,365,0,8,0,4.88,"f",0.53
10907,"27/02/2023","within an hour","t",1,"t","Pittwater",-33.62961889,151.3269168,"Entire home/apt",5,1,1,"$281.00",1,1125,29,21,0,4.86,"f",1.24
9194,"16/02/2019","within an hour","f",5,"t","Bankstown",-33.95785,151.0249,"Entire home/apt",5,1,3,"$148.00",1,365,20,37,1,4.7,"t",1.65
1916,"26/08/2016","N/A","f",8,"t","Manly",-33.796578,151.286026,"Entire home/apt",4,1,2,"$175.00",90,365,29,14,0,4.64,"f",0.15
5168,"21/07/2020","a few days or more","f",6,"t","Sydney",-33.90724,151.2053,"Entire home/apt",2,NA,1,"",90,90,0,0,0,NA,"f",NA
7590,"12/02/2012","within an hour","t",2,"t","Warringah",-33.70599693,151.3027257,"Private room",1,1,1,"$95.00",4,300,29,11,1,5,"f",0.39
8876,"13/01/2025","N/A","f",57,"t","Campbelltown",-33.9756536,150.8654262,"Entire home/apt",8,NA,4,"",21,365,2,11,0,4.55,"f",0.46
13897,"16/06/2016","within an hour","t",1,"t","Pittwater",-33.62775,151.32133,"Entire home/apt",2,1,1,"$143.00",2,7,28,24,2,4.92,"f",2.89
11013,"27/09/2016","within a few hours","t",10,"t","Sydney",-33.9142273,151.2103402,"Entire home/apt",3,1,1,"$221.00",5,365,0,4,0,4.75,"t",0.58
3201,"12/03/2019","within an hour","f",1,"t","Sydney",-33.8875,151.213357,"Entire home/apt",6,1,3,"$347.00",2,1125,27,135,2,4.79,"f",1.78
13726,"29/11/2023","within an hour","f",46,"t","Hurstville",-33.9665185,151.0482499,"Private room",2,1.5,1,"$49.00",1,89,17,4,0,3.75,"f",0.55
11812,"23/01/2016","within an hour","t",1,"t","Pittwater",-33.62666,151.32277,"Entire home/apt",4,1,2,"$225.00",2,365,22,46,3,5,"f",3.6
6716,"25/05/2020","N/A","f",15,"t","Warringah",-33.76279,151.26657,"Entire home/apt",2,1,1,"$142.00",2,90,25,38,1,4.5,"t",1.12
3169,"8/04/2016","within an hour","f",2,"t","Sydney",-33.87249,151.19605,"Entire home/apt",3,1,2,"$362.00",2,365,10,11,2,5,"f",1.07
1200,"7/07/2016","N/A","f",1,"t","Woollahra",-33.8848,151.23416,"Entire home/apt",4,2,2,"$373.00",7,100,0,14,0,5,"f",0.13
594,"5/11/2015","N/A","f",1,"t","Manly",-33.79684,151.27252,"Entire home/apt",4,NA,2,"",4,1125,0,64,0,4.92,"f",0.55
1491,"14/02/2015","N/A","f",8,"t","Sydney",-33.8782,151.20649,"Private room",1,NA,2,"",30,45,0,29,0,4.69,"t",0.28
4359,"3/01/2013","within an hour","t",1,"t","Pittwater",-33.63254857,151.3179415,"Entire home/apt",2,1,0,"$157.00",2,31,29,260,2,4.92,"t",3.94
1270,"3/05/2014","N/A","f",1,"t","Manly",-33.80101,151.26172,"Entire home/apt",6,NA,4,"",90,90,0,0,0,NA,"f",NA
5091,"21/11/2018","within an hour","f",51,"t","Sydney",-33.86389,151.20894,"Entire home/apt",4,1,2,"$303.00",90,365,14,7,0,3.86,"t",0.16
10203,"27/09/2016","within an hour","f",1,"t","Marrickville",-33.8984503,151.1755542,"Entire home/apt",4,1,1,"$301.00",1,1125,25,74,3,4.96,"f",3.94
1555,"28/01/2017","N/A","t",3,"t","Hornsby",-33.7597,151.09894,"Private room",1,1,1,"$66.00",90,1125,0,48,0,4.85,"f",0.48
6955,"15/08/2022","within an hour","f",6,"t","Blacktown",-33.72261,150.85001,"Entire home/apt",10,3,5,"$193.00",2,365,13,67,1,4.46,"t",2.11
1521,"9/09/2014","within an hour","f",28,"t","Sydney",-33.87375,151.22759,"Entire home/apt",2,1,1,"$1,400.00",1,1125,17,56,0,4.48,"f",0.55
7217,"26/10/2017","within an hour","t",3,"t","Waverley",-33.8935075,151.2634591,"Entire home/apt",3,1,0,"$150.00",2,1125,14,89,3,4.83,"f",2.83
17734,"3/01/2017","within an hour","t",37,"t","North Sydney",-33.82359,151.22645,"Entire home/apt",4,1,1,"$112.00",1,365,20,2,2,4.5,"t",2
10836,"8/03/2016","within an hour","f",1,"t","Woollahra",-33.84481664,151.2841761,"Entire home/apt",3,NA,1,"",4,730,0,31,0,4.94,"f",1.83
17619,"15/12/2023","within an hour","f",14,"t","Sydney",-33.8861226,151.1776225,"Entire home/apt",2,1,1,"$121.00",5,365,20,0,0,NA,"f",NA
10117,"25/10/2018","N/A","f",1,"t","Sydney",-33.8719006,151.2042894,"Entire home/apt",4,NA,2,"",90,365,28,0,0,NA,"f",NA
13302,"16/08/2021","N/A","f",1,"t","Sutherland Shire",-34.05749,151.15594,"Entire home/apt",5,1.5,2,"$812.00",3,30,29,0,0,NA,"f",NA
10918,"4/10/2015","within an hour","f",4,"t","Penrith",-33.83317336,150.7580074,"Private room",2,NA,NA,"",1,365,28,4,0,4.5,"f",0.25
15763,"19/06/2023","within an hour","f",9,"t","Parramatta",-33.8079675,151.0058052,"Private room",2,1,1,"$222.00",1,90,11,0,0,NA,"t",NA
16333,"26/08/2016","within an hour","f",78,"t","Warringah",-33.78422166,151.2678334,"Entire home/apt",6,2,2,"$257.00",90,365,19,0,0,NA,"t",NA
7293,"13/09/2017","within an hour","t",1,"t","Woollahra",-33.8818751,151.2223339,"Entire home/apt",2,1,0,"$204.00",2,30,5,132,4,4.9,"f",4.67
9335,"21/08/2023","N/A","f",1,"t","Manly",-33.7902614,151.2832254,"Entire home/apt",5,2,3,"$415.00",2,180,0,10,0,5,"f",0.48
6394,"27/05/2014","within an hour","t",61,"t","Woollahra",-33.88442,151.23597,"Entire home/apt",4,2,2,"$320.00",45,90,17,5,0,5,"f",0.18
6756,"31/08/2017","within an hour","f",54,"t","North Sydney",-33.8240062,151.1987245,"Entire home/apt",4,2,2,"$320.00",19,1125,8,11,1,5,"t",0.49
8981,"3/10/2022","N/A","f",14,"t","Sydney",-33.86144881,151.2032056,"Private room",2,1,1,"$800.00",90,365,29,0,0,NA,"f",NA
11251,"6/07/2018","N/A","t",1,"t","Sydney",-33.87792043,151.1894388,"Entire home/apt",3,NA,1,"",2,28,0,9,0,4.67,"f",0.6
4719,"29/03/2017","within an hour","t",7,"t","Willoughby",-33.79463,151.18562,"Entire home/apt",6,2,2,"$198.00",5,1125,3,64,0,4.89,"t",1.1
2339,"27/10/2017","within a day","f",289,"t","Sydney",-33.86628,151.20335,"Private room",2,1,1,"$333.00",7,1125,27,1,0,5,"f",0.06
4909,"13/12/2018","within a few hours","f",1,"t","Pittwater",-33.62329,151.31859,"Entire home/apt",8,4,4,"$829.00",3,14,27,25,0,4.92,"f",0.68
2537,"13/04/2018","within an hour","t",1,"t","Rockdale",-33.95191,151.15778,"Private room",2,NA,NA,"",28,365,0,478,5,4.91,"t",5.51
15882,"11/01/2020","within an hour","t",45,"t","Auburn",-33.8496114,151.0612483,"Entire home/apt",5,2,2,"$321.00",4,1125,17,6,0,5,"t",1.26
15413,"7/08/2017","N/A","f",2,"t","Sutherland Shire",-34.03552,151.11085,"Private room",1,1,1,"$72.00",90,365,29,1,0,5,"f",0.26
4292,"25/08/2015","within an hour","f",15,"t","Leichhardt",-33.8876,151.15912,"Entire home/apt",2,1,1,"$125.00",1,365,29,55,0,4.4,"f",0.84
8517,"24/08/2012","N/A","f",1,"t","Randwick",-33.91266,151.25162,"Entire home/apt",3,NA,2,"",90,365,0,1,0,5,"f",0.1
8539,"24/10/2011","within an hour","t",75,"t","Manly",-33.80720637,151.2669969,"Entire home/apt",8,1,5,"$1,425.00",4,365,29,0,0,NA,"f",NA
11097,"13/09/2018","within an hour","t",20,"t","Sydney",-33.87598,151.21249,"Entire home/apt",2,1,0,"$139.00",2,720,17,17,4,4.65,"f",2.98
9596,"15/04/2011","within an hour","t",1,"t","Ryde",-33.8192294,151.0976055,"Private room",2,1,1,"$83.00",1,30,11,121,3,4.95,"f",5.61
8413,"23/01/2019","within an hour","f",3,"t","Auburn",-33.8251289,151.0790511,"Entire home/apt",2,1,1,"$137.00",1,365,7,57,1,4.89,"f",2.27
6511,"5/07/2017","within a day","f",517,"t","Sydney",-33.87868,151.20739,"Entire home/apt",2,1,1,"$499.00",3,1125,27,0,0,NA,"f",NA
16123,"7/04/2023","within an hour","f",67,"t","Parramatta",-33.789,151.03888,"Private room",2,2,1,"$60.00",1,365,18,2,0,4,"t",0.55
15271,"16/12/2024","within an hour","f",27,"t","Ryde",-33.77991423,151.1127873,"Entire home/apt",4,1,2,"$191.00",2,365,12,3,1,5,"f",0.63
2153,"25/06/2017","N/A","f",1,"t","Canterbury",-33.94443,151.06743,"Private room",2,1,1,"$59.00",90,90,29,26,0,4.85,"t",0.27
5889,"28/03/2019","N/A","f",1,"t","Randwick",-33.9186058,151.2567444,"Entire home/apt",5,1,3,"$272.00",2,180,18,66,0,4.83,"t",1.88
13601,"11/10/2019","within an hour","f",138,"t","Sydney",-33.88697776,151.1790456,"Entire home/apt",5,2,2,"$288.00",2,365,29,1,0,1,"f",0.22
17564,"13/04/2025","within an hour","f",5,"t","Ryde",-33.7790055,151.1158807,"Entire home/apt",5,1,1,"$217.00",3,365,29,0,0,NA,"f",NA
5941,"9/04/2018","within an hour","t",1,"t","Camden",-33.99135,150.7515,"Entire home/apt",5,1,2,"$120.00",1,180,14,165,2,4.87,"f",4.43
13212,"12/09/2014","N/A","f",1,"t","Sydney",-33.87152,151.22897,"Entire home/apt",2,NA,1,"",2,365,0,4,0,5,"f",0.44
12268,"14/08/2024","within an hour","f",23,"t","Auburn",-33.84795,151.0741,"Entire home/apt",3,1,1,"$161.00",1,365,0,43,3,4.7,"f",3.51
7602,"13/07/2018","within an hour","f",31,"t","Canada Bay",-33.8520587,151.0863258,"Entire home/apt",3,1,3,"$657.00",7,365,29,0,0,NA,"f",NA
12334,"23/12/2020","within an hour","f",44,"t","Sydney",-33.87038,151.19386,"Private room",2,1,1,"$122.00",7,365,4,12,0,4.67,"f",1.28
14904,"24/10/2011","within an hour","t",75,"t","Manly",-33.8001128,151.289083,"Entire home/apt",2,1,1,"$254.00",2,365,6,8,2,4.75,"f",1.3
461,"10/09/2014","within an hour","t",1,"t","Manly",-33.79795,151.26581,"Entire home/apt",2,1,1,"$162.00",2,1125,15,245,1,4.96,"t",1.92
2456,"13/05/2014","within an hour","f",55,"t","Sydney",-33.87113,151.20846,"Entire home/apt",6,2.5,3,"$486.00",90,1124,28,19,0,4.68,"f",0.23
5904,"25/08/2015","within an hour","f",15,"t","Leichhardt",-33.88656,151.16029,"Entire home/apt",2,1,0,"$135.00",1,365,28,70,1,4.43,"f",1.68
6792,"13/11/2014","within a day","t",82,"t","Pittwater",-33.60008,151.32854,"Entire home/apt",8,3,4,"$1,792.00",1,1125,0,0,0,NA,"f",NA
9945,"2/04/2022","within an hour","f",1,"t","The Hills Shire",-33.62104442,150.9050456,"Entire home/apt",9,3,4,"$155.00",5,365,12,25,1,4.44,"t",1.39
12469,"14/06/2024","within an hour","f",12,"t","Woollahra",-33.88338,151.22995,"Entire home/apt",6,NA,3,"",7,365,21,1,0,5,"f",0.19
15040,"10/12/2024","a few days or more","f",2,"t","Sydney",-33.8745368,151.2039054,"Private room",2,1,1,"$236.00",4,365,29,6,0,4.83,"f",1.07
17632,"1/02/2018","N/A","f",1,"t","Sutherland Shire",-33.99941,151.08101,"Private room",1,1,1,"$88.00",1,365,23,0,0,NA,"f",NA
17081,"17/12/2022","within an hour","t",2,"t","Woollahra",-33.8881338,151.2330557,"Entire home/apt",4,1.5,2,"$463.00",1,1125,27,1,1,5,"t",1
10926,"16/06/2015","N/A","f",1,"t","Warringah",-33.77365776,151.2590395,"Entire home/apt",2,NA,1,"",90,90,28,9,0,5,"f",0.5
13747,"6/01/2016","within a few hours","f",1,"f","Leichhardt",-33.88002159,151.1489783,"Private room",2,1,1,"$99.00",2,365,4,19,1,4.89,"f",2.34
7528,"29/04/2016","within an hour","t",12,"t","Sydney",-33.8729516,151.2267738,"Entire home/apt",4,1,2,"$180.00",1,365,0,72,0,4.92,"t",2.5
16448,"16/10/2021","within an hour","f",40,"t","Fairfield",-33.87703,150.95742,"Private room",2,NA,NA,"",1,89,26,0,0,NA,"t",NA
8339,"25/08/2019","within an hour","f",169,"t","Ku-Ring-Gai",-33.74356,151.13154,"Private room",2,3,1,"$53.00",90,365,20,13,0,4,"f",0.59
917,"9/06/2015","within a day","f",1,"t","Warringah",-33.78447,151.25136,"Private room",2,2,1,"$84.00",4,190,29,64,1,4.83,"f",0.57
4880,"24/07/2019","N/A","f",912,"t","North Sydney",-33.83559,151.21283,"Entire home/apt",4,1,1,"$151.00",3,365,11,71,0,4.2,"t",1.31
9129,"7/03/2019","within a few hours","t",1,"t","Campbelltown",-33.9750199,150.9043969,"Entire home/apt",2,1,1,"$122.00",3,1125,29,13,1,4.85,"f",0.57
587,"26/04/2014","N/A","f",1,"t","Waverley",-33.90583,151.26914,"Entire home/apt",8,4.5,4,"$4,000.00",90,300,22,2,0,5,"f",0.03
7266,"12/03/2016","within an hour","t",6,"t","Sutherland Shire",-34.0102,151.11392,"Entire home/apt",4,2,2,"$579.00",1,365,25,6,0,4.67,"f",0.19
5007,"10/12/2015","within an hour","f",32,"t","Auburn",-33.82648,151.07626,"Entire home/apt",2,1,1,"$271.00",3,365,29,9,0,4.78,"f",0.17
14681,"4/10/2012","within an hour","t",45,"t","Warringah",-33.78075395,151.2183708,"Entire home/apt",8,NA,4,"",3,38,0,0,0,NA,"f",NA
1421,"8/10/2016","within an hour","t",1,"t","Sydney",-33.86937,151.22596,"Entire home/apt",2,1,1,"$136.00",28,365,9,69,0,4.87,"f",0.66
416,"22/04/2013","within an hour","t",2,"t","Sydney",-33.88,151.21137,"Entire home/apt",2,1,1,"$136.00",90,1125,13,43,2,4.79,"f",0.4
12078,"13/01/2025","N/A","f",57,"t","North Sydney",-33.8487605,151.2151326,"Entire home/apt",4,1,2,"$166.00",2,365,8,36,2,4.83,"f",3.04
4034,"18/08/2012","N/A","f",1,"t","Randwick",-33.92358,151.2435,"Entire home/apt",6,NA,1,"",90,1125,0,75,0,4.97,"f",1.12
16073,"4/12/2024","within a few hours","f",53,"t","Botany Bay",-33.9302476,151.1879903,"Entire home/apt",4,1,2,"$226.00",7,365,0,0,0,NA,"f",NA
9960,"7/11/2019","within an hour","f",25,"t","Fairfield",-33.90068147,150.9351696,"Private room",6,NA,NA,"",2,90,28,0,0,NA,"f",NA
4174,"1/04/2018","within an hour","t",7,"t","Botany Bay",-33.95036,151.23042,"Entire home/apt",8,2,3,"$150.00",1,1125,5,1,0,5,"t",0.02
6999,"22/10/2012","within an hour","t",1,"t","Hornsby",-33.72555,151.09279,"Entire home/apt",4,1,2,"$219.00",2,35,9,87,2,4.98,"t",2.75
11629,"23/03/2024","within an hour","t",4,"t","Botany Bay",-33.9253572,151.2132674,"Entire home/apt",5,1,2,"$268.00",1,365,19,26,0,5,"t",1.86
6167,"16/03/2012","within an hour","t",14,"t","Sydney",-33.88784,151.19624,"Entire home/apt",4,1,1,"$174.00",5,1125,2,81,3,4.83,"t",2.19
14302,"20/02/2018","within an hour","f",1,"f","Hurstville",-33.96741,151.11289,"Private room",2,1,1,"$89.00",2,365,20,7,0,4.86,"f",1.19
5447,"5/05/2016","within an hour","f",26,"t","Marrickville",-33.9051,151.18015,"Entire home/apt",2,1,0,"$138.00",3,1125,19,96,1,4.39,"t",2.24
10116,"4/12/2017","within a day","f",1,"t","Canterbury",-33.9299365,151.1047093,"Entire home/apt",4,1.5,2,"$180.00",7,45,19,0,0,NA,"f",NA
14474,"25/08/2019","within an hour","f",169,"t","Fairfield",-33.882168,150.9595984,"Private room",2,NA,NA,"",4,365,29,6,1,3.33,"f",1.21
6690,"23/05/2012","within a few hours","t",117,"t","Waverley",-33.8893558,151.2759067,"Entire home/apt",4,2,2,"$680.00",30,89,0,2,0,3,"f",0.1
6294,"3/04/2016","within an hour","f",2,"t","Sutherland Shire",-34.08379,151.14703,"Entire home/apt",10,5.5,5,"$1,200.00",2,365,22,19,0,4.74,"f",0.61
11560,"24/01/2018","within an hour","f",56,"t","Sydney",-33.89974,151.20119,"Entire home/apt",9,2,3,"$232.00",2,365,22,14,1,4.57,"t",0.96
12968,"29/06/2017","N/A","f",1,"t","Waverley",-33.88612591,151.2769863,"Entire home/apt",2,1,1,"$176.00",14,28,29,0,0,NA,"f",NA
970,"3/07/2015","within a few hours","f",3,"t","Leichhardt",-33.87556,151.16519,"Entire home/apt",2,1,1,"$135.00",2,30,26,215,2,4.63,"f",1.91
17404,"5/11/2019","within an hour","f",8,"t","Auburn",-33.8532,151.0341,"Private room",3,NA,NA,"",2,365,0,0,0,NA,"t",NA
12432,"26/06/2024","within an hour","t",2,"t","Rockdale",-33.93591,151.14561,"Entire home/apt",4,1,2,"$184.00",1,1125,17,101,12,4.87,"t",9.59
4729,"28/08/2014","N/A","f",1,"t","Randwick",-33.91748,151.25862,"Private room",3,1.5,1,"$185.00",90,1125,28,0,0,NA,"f",NA
9832,"25/06/2023","within an hour","t",1,"t","Hornsby",-33.61498336,151.2046481,"Entire home/apt",5,1,2,"$419.00",2,365,15,46,0,4.87,"t",2.59
13416,"30/10/2017","within an hour","t",3,"t","Sydney",-33.8735,151.22586,"Entire home/apt",3,1,1,"$167.00",1,30,2,32,2,4.88,"f",3.64
2197,"26/01/2018","within an hour","f",13,"t","Willoughby",-33.79667,151.17873,"Entire home/apt",2,1,1,"$145.00",2,365,12,30,1,4.57,"f",0.34
17699,"18/06/2019","N/A","f",1,"t","Hornsby",-33.7702529,151.0802722,"Private room",2,1,1,"$72.00",90,90,29,0,0,NA,"f",NA
1463,"30/06/2014","N/A","f",1,"t","Randwick",-33.94881,151.25114,"Entire home/apt",6,1.5,3,"$282.00",150,1125,11,3,0,4.67,"f",0.03
4304,"1/02/2015","within an hour","t",2,"t","North Sydney",-33.83014,151.21888,"Entire home/apt",2,1,0,"$163.00",21,1125,18,19,0,4.95,"t",0.32
12583,"26/08/2016","within an hour","f",78,"t","Warringah",-33.78194888,151.266114,"Entire home/apt",4,1,1,"$150.00",90,90,24,6,0,4.67,"t",0.53
783,"6/02/2014","N/A","f",1,"t","Pittwater",-33.66087,151.3187,"Entire home/apt",8,2,4,"$1,129.00",90,1125,26,6,0,5,"f",0.05
2800,"21/08/2012","N/A","f",1,"t","North Sydney",-33.82949,151.20568,"Entire home/apt",3,1,1,"$359.00",90,90,29,0,0,NA,"f",NA
7842,"1/09/2024","N/A","f",44,"t","North Sydney",-33.84169,151.21272,"Entire home/apt",2,1,1,"$244.00",5,1125,0,12,0,4.83,"t",0.66
3066,"21/03/2011","within an hour","t",2,"t","Sydney",-33.89116,151.20681,"Entire home/apt",6,2,3,"$292.00",2,720,10,110,3,4.94,"f",1.4
1273,"24/03/2015","N/A","f",1,"t","Mosman",-33.8283,151.23975,"Entire home/apt",6,2,3,"$1,171.00",90,1125,28,12,0,4.83,"t",0.12
15559,"23/07/2023","within an hour","f",10,"t","Sydney",-33.8889709,151.1830638,"Entire home/apt",4,1,1,"$232.00",2,45,22,6,1,4,"t",1.65
7943,"13/01/2023","N/A","f",3,"t","The Hills Shire",-33.72236658,150.9722905,"Private room",2,1,1,"$65.00",1,365,25,44,0,4.93,"f",1.56
11684,"28/01/2024","within an hour","f",1,"t","Sutherland Shire",-34.06328,151.01709,"Entire home/apt",2,1,1,"$129.00",1,365,0,0,0,NA,"f",NA
7930,"11/08/2022","within an hour","t",5,"t","Holroyd",-33.82665,150.98366,"Entire home/apt",10,2,4,"$157.00",2,365,0,24,0,4.71,"t",0.83
12959,"5/10/2018","N/A","f",1,"t","Pittwater",-33.6611,151.3153482,"Private room",2,1,1,"$58.00",1,58,3,1,0,5,"f",0.11
11300,"1/09/2024","N/A","f",44,"t","Ryde",-33.7759678,151.131036,"Entire home/apt",4,2,2,"$250.00",5,1125,0,0,0,NA,"t",NA
12957,"21/01/2024","within an hour","t",31,"t","Sydney",-33.8684234,151.2193407,"Entire home/apt",4,1.5,1,"$189.00",1,365,14,57,9,4.79,"f",6.04
3615,"8/08/2013","N/A","f",1,"t","Pittwater",-33.59191,151.32089,"Entire home/apt",6,2,4,"$1,002.00",90,1125,26,1,0,5,"f",0.01
17418,"14/05/2023","within a day","f",5,"t","Sydney",-33.90727352,151.2037732,"Entire home/apt",4,2,2,"$209.00",6,365,6,0,0,NA,"f",NA
5926,"15/09/2016","within a few hours","f",39,"t","Warringah",-33.75317,151.25963,"Entire home/apt",4,2,3,"$480.00",90,365,29,0,0,NA,"f",NA
4097,"23/05/2012","within a few hours","t",117,"t","Randwick",-33.91994,151.24729,"Entire home/apt",4,2,2,"$321.00",5,89,0,10,0,5,"f",0.15
6041,"30/05/2013","within a day","f",1,"t","Warringah",-33.78526439,151.2889029,"Entire home/apt",4,1,3,"$352.00",10,365,0,0,0,NA,"f",NA
3490,"1/08/2015","within an hour","f",1,"t","Randwick",-33.94014,151.23029,"Entire home/apt",2,1,0,"$117.00",2,365,4,5,2,4.8,"t",2.34
7413,"21/12/2014","N/A","f",1,"t","Leichhardt",-33.85724214,151.1843811,"Entire home/apt",6,2,3,"$640.00",5,14,29,1,0,5,"t",0.18
2202,"13/05/2015","within an hour","f",14,"t","Sydney",-33.87749,151.21338,"Entire home/apt",4,1,0,"$216.00",2,30,27,29,0,4.31,"t",0.3
6355,"23/04/2018","N/A","f",46,"t","Waverley",-33.889256,151.279861,"Entire home/apt",2,1,0,"$185.00",2,90,25,58,0,4.45,"f",1.48
9624,"2/12/2014","within a few hours","f",2,"t","Waverley",-33.8938816,151.2696086,"Entire home/apt",3,1,2,"$266.00",2,21,10,11,1,4.91,"f",1.59
15263,"15/10/2024","within a few hours","f",34,"t","Sydney",-33.91495651,151.2041779,"Entire home/apt",4,NA,2,"",7,365,0,1,0,1,"f",0.24
10172,"22/11/2023","N/A","f",1,"t","Pittwater",-33.6530768,151.3220184,"Entire home/apt",6,NA,3,"",5,10,0,4,0,5,"f",0.27
9827,"25/05/2017","within an hour","f",1,"t","Auburn",-33.8483483,151.0736514,"Entire home/apt",2,NA,1,"",1,365,0,28,0,4.61,"t",1.42
11313,"8/10/2020","within an hour","f",29,"t","Woollahra",-33.85685809,151.2824366,"Entire home/apt",8,2,4,"$312.00",2,1125,0,46,4,4.72,"f",3.16
7669,"13/07/2018","within an hour","f",31,"t","Canada Bay",-33.85361,151.08631,"Private room",1,1,1,"$81.00",1,365,29,56,2,4.66,"f",1.86
13696,"10/04/2024","within an hour","",4,"t","Sydney",-33.85913049,151.2033619,"Entire home/apt",6,2,3,"$517.00",2,90,10,17,2,4.12,"f",2.03
12781,"28/02/2024","within an hour","f",4,"t","Sydney",-33.9107799,151.2083007,"Entire home/apt",4,1,2,"$165.00",2,365,2,21,4,4.57,"t",1.89
15001,"8/12/2024","within an hour","f",12,"t","Sydney",-33.9041931,151.2072664,"Entire home/apt",6,2,2,"$230.00",1,365,0,1,0,4,"t",0.23
3820,"7/10/2015","N/A","f",1,"t","Willoughby",-33.80164,151.19238,"Entire home/apt",10,2.5,5,"$750.00",90,1125,28,1,0,5,"f",0.02
7532,"24/07/2019","N/A","f",912,"t","Sydney",-33.8792301,151.1813628,"Entire home/apt",2,1,0,"$153.00",3,365,0,38,0,4.58,"t",1.27
13982,"13/09/2015","N/A","f",2,"t","Ku-Ring-Gai",-33.75565,151.18407,"Private room",2,1,1,"$81.00",3,60,29,0,0,NA,"t",NA
7629,"5/01/2023","within an hour","t",1,"t","Burwood",-33.87927,151.10754,"Private room",2,1.5,1,"$121.00",1,30,22,85,2,4.95,"f",2.9
13012,"26/10/2023","within an hour","t",2,"t","Leichhardt",-33.8561283,151.1838823,"Entire home/apt",4,1,1,"$175.00",1,365,9,28,3,4.89,"t",3.12
8697,"19/09/2016","within an hour","t",3,"t","Woollahra",-33.88116145,151.2256714,"Entire home/apt",2,1,1,"$201.00",7,365,0,7,0,5,"f",0.5
16113,"11/10/2019","within an hour","f",138,"t","Sydney",-33.88533,151.18089,"Entire home/apt",5,2,2,"$215.00",3,365,29,1,1,5,"f",1
440,"20/08/2014","N/A","f",1,"t","Manly",-33.80495,151.28456,"Entire home/apt",8,3,5,"$1,350.00",90,1125,29,0,0,NA,"f",NA
14281,"5/08/2018","within a day","f",1,"t","Warringah",-33.7520217,151.2934469,"Entire home/apt",4,1,2,"$346.00",5,40,0,8,0,5,"f",1.4
1628,"16/11/2016","a few days or more","f",3,"t","Waverley",-33.886,151.28112,"Entire home/apt",4,1,2,"$214.00",90,1125,29,9,0,4,"f",0.09
10024,"18/10/2015","within a few hours","f",1,"t","Warringah",-33.68155,151.2213,"Entire home/apt",4,1,2,"$114.00",2,180,0,10,0,4.9,"f",0.56
12310,"23/12/2020","within an hour","f",44,"t","Sydney",-33.86009576,151.2024789,"Private room",2,1,1,"$107.00",1,365,27,5,1,4.8,"f",0.45
6528,"4/06/2014","within a day","f",0,"t","Manly",-33.79784,151.27303,"Entire home/apt",6,NA,3,"",10,1125,0,0,0,NA,"f",NA
2152,"19/11/2016","within an hour","t",2,"t","Pittwater",-33.62683,151.32527,"Entire home/apt",2,1,1,"$185.00",2,21,24,361,0,4.92,"f",3.79
14503,"3/01/2016","N/A","f",1,"t","Randwick",-33.9239,151.23084,"Entire home/apt",3,1,1,"$225.00",7,30,26,0,0,NA,"f",NA
11939,"11/10/2019","within an hour","f",138,"t","Ryde",-33.78234,151.11749,"Entire home/apt",4,1,2,"$207.00",2,365,10,11,0,4.82,"f",0.78
364,"27/05/2014","within an hour","t",61,"t","Sydney",-33.87742,151.22667,"Entire home/apt",4,1,2,"$360.00",21,90,16,2,0,3.5,"f",0.02
16446,"18/07/2024","within an hour","f",9,"t","Willoughby",-33.79797839,151.1849757,"Shared room",1,1,1,"$45.00",5,365,29,0,0,NA,"f",NA
2235,"11/04/2017","N/A","f",1,"f","Parramatta",-33.78259,151.07179,"Private room",2,1,1,"$124.00",90,1125,29,11,0,5,"f",0.14
9466,"24/02/2013","within an hour","t",92,"t","Woollahra",-33.84625317,151.2840659,"Entire home/apt",8,2,4,"$527.00",3,365,9,44,1,4.75,"t",2.05
436,"21/09/2012","within a few hours","t",5,"t","Warringah",-33.75568,151.25925,"Private room",2,1.5,1,"$83.00",3,14,16,54,1,4.98,"f",0.59
17014,"27/03/2016","within an hour","f",7,"t","Waverley",-33.89117,151.25345,"Entire home/apt",6,1,2,"$188.00",2,365,9,5,2,4.2,"t",3.66
13587,"20/05/2012","within a few hours","t",2,"t","Sydney",-33.87265871,151.2238683,"Entire home/apt",2,1,1,"$215.00",4,90,28,5,0,4.6,"f",0.68
15846,"4/12/2024","within a few hours","f",53,"t","Botany Bay",-33.92155,151.19071,"Entire home/apt",4,1,2,"$205.00",7,40,12,0,0,NA,"f",NA
16854,"28/05/2017","within an hour","f",50,"t","Hurstville",-33.96295217,151.1014749,"Entire home/apt",6,2,2,"$255.00",3,365,21,1,0,5,"f",0.81
6865,"16/03/2018","within an hour","f",1,"t","Sydney",-33.90678173,151.2099754,"Entire home/apt",5,2,3,"$350.00",3,90,27,3,0,3.33,"f",0.19
4275,"17/12/2012","N/A","f",1,"t","Waverley",-33.90092,151.26082,"Private room",2,1,1,"$270.00",90,1125,29,0,0,NA,"f",NA
3274,"18/10/2015","within an hour","t",6,"t","Sydney",-33.88314,151.1821,"Private room",2,1,1,"$111.00",2,1125,2,175,3,4.91,"f",2.36
16026,"3/02/2025","within an hour","f",18,"t","Parramatta",-33.7726898,150.9856933,"Private room",2,1,1,"$56.00",1,365,29,0,0,NA,"f",NA
6636,"20/03/2012","N/A","f",1,"t","Randwick",-33.9263284,151.2458329,"Entire home/apt",6,NA,2,"",5,30,0,2,0,5,"f",0.07
5847,"9/12/2013","within an hour","t",1,"t","Sydney",-33.9018,151.18218,"Entire home/apt",2,1,1,"$154.00",2,100,16,181,4,4.88,"f",4.67
8313,"17/09/2019","within an hour","t",1,"t","Sutherland Shire",-34.046935,151.1539516,"Entire home/apt",3,1,1,"$121.00",2,1125,8,115,6,4.91,"f",4.83
9189,"8/07/2017","within an hour","",83,"t","Liverpool",-33.9308669,150.9525147,"Entire home/apt",8,1.5,4,"$243.00",5,365,26,17,1,4.59,"t",0.78
8190,"6/03/2018","N/A","f",1,"t","Parramatta",-33.81544902,150.9998787,"Entire home/apt",3,2,2,"$194.00",90,365,28,1,0,5,"f",0.15
12051,"5/06/2019","within an hour","",3,"t","Strathfield",-33.8662406,151.0892415,"Entire home/apt",4,2,2,"$347.00",1,730,21,67,2,4.97,"t",5.17
2839,"29/10/2018","N/A","f",1,"f","Blacktown",-33.78728,150.91616,"Private room",2,NA,NA,"",90,1125,27,1,0,4,"f",0.01
17267,"23/04/2025","within an hour","f",1,"t","Sutherland Shire",-34.04118487,151.1032058,"Entire home/apt",8,3,4,"$309.00",1,365,0,1,0,5,"t",0.67
5708,"21/08/2012","within a few hours","f",1,"t","Manly",-33.792,151.27364,"Entire home/apt",4,1.5,3,"$364.00",7,365,0,2,0,5,"f",0.07
8154,"24/07/2019","N/A","f",912,"t","Manly",-33.79808,151.28291,"Entire home/apt",4,1,2,"$315.00",3,365,0,20,0,4.1,"t",0.73
7037,"24/09/2022","within an hour","",2,"t","Waverley",-33.89862,151.25883,"Entire home/apt",2,1,1,"$208.00",1,730,16,68,0,4.79,"f",2.27
1028,"27/11/2014","N/A","f",1,"t","Mosman",-33.84407,151.23962,"Entire home/apt",6,1,4,"$1,550.00",90,1125,29,2,0,5,"f",0.02
16760,"27/03/2025","within an hour","f",11,"t","Sydney",-33.86547,151.20253,"Entire home/apt",7,2,2,"$2,228.00",2,365,7,1,1,5,"t",1
13813,"19/06/2023","within an hour","f",1,"t","Hornsby",-33.73935916,151.052046,"Entire home/apt",5,1,2,"$176.00",2,1125,12,8,1,5,"t",0.94
63,"7/10/2011","within an hour","t",5,"t","Sydney",-33.87259,151.22414,"Entire home/apt",4,1,1,"$190.00",7,120,0,314,2,4.79,"f",2.28
6132,"1/10/2014","within an hour","t",1,"t","Sydney",-33.88187,151.2176,"Entire home/apt",4,1,1,"$183.00",1,180,23,128,3,4.95,"t",3.43
8493,"28/04/2023","within an hour","t",1,"t","Bankstown",-33.8704965,150.9971312,"Entire home/apt",2,1,0,"$91.00",1,30,20,91,1,4.97,"t",3.52
6374,"5/01/2019","within an hour","f",1,"t","Sutherland Shire",-34.0786576,151.1330908,"Entire home/apt",12,2.5,5,"$829.00",1,30,0,12,0,5,"f",0.41
15325,"17/07/2013","within a few hours","t",2,"t","Warringah",-33.7374,151.3033,"Entire home/apt",4,1.5,2,"$440.00",3,365,12,0,0,NA,"f",NA
2444,"22/02/2017","within an hour","f",1,"t","Pittwater",-33.60486,151.33092,"Entire home/apt",4,1,0,"$130.00",1,10,27,456,0,4.7,"f",5.61
4543,"5/11/2017","N/A","f",1,"t","Hurstville",-33.96779,151.10414,"Private room",2,NA,1,"",90,1125,28,0,0,NA,"t",NA
16410,"29/11/2020","within an hour","f",10,"t","Marrickville",-33.90355,151.1631,"Entire home/apt",3,1,0,"$148.00",1,365,27,0,0,NA,"f",NA
17648,"29/11/2023","within an hour","f",46,"t","Canterbury",-33.9240372,151.09574,"Private room",1,2,1,"$52.00",1,89,5,1,0,4,"f",0.86
1264,"1/09/2016","within an hour","f",2,"t","Sydney",-33.8703,151.22922,"Entire home/apt",3,1,0,"$239.00",5,1125,28,172,0,4.56,"f",1.61
388,"23/02/2015","within an hour","f",6,"t","City Of Kogarah",-33.96964,151.10156,"Private room",2,1,1,"$86.00",2,1125,27,113,0,4.53,"t",0.92
11673,"6/02/2017","within an hour","t",1,"t","Sydney",-33.8735287,151.2196048,"Entire home/apt",4,1,2,"$464.00",2,7,20,16,0,4.81,"f",1.19
6535,"5/02/2016","within an hour","f",9,"t","North Sydney",-33.82208,151.20055,"Entire home/apt",4,2,2,"$899.00",2,365,29,6,0,5,"f",0.17
13916,"11/12/2014","within a day","f",72,"t","Pittwater",-33.61869,151.31935,"Entire home/apt",6,NA,4,"",2,1125,0,0,0,NA,"f",NA
17226,"20/09/2022","within an hour","f",39,"t","Camden",-33.97013,150.80562,"Entire home/apt",10,3,4,"$220.00",3,365,20,1,1,5,"t",1
10269,"15/10/2012","within an hour","",86,"t","Sydney",-33.8604317,151.2030643,"Entire home/apt",8,NA,2,"",1,365,0,72,0,4.83,"f",3.7
11119,"21/11/2018","within an hour","f",51,"t","Sydney",-33.8628615,151.2080876,"Entire home/apt",2,1,1,"$230.00",3,365,2,4,2,4.5,"t",0.38
2655,"23/08/2015","within an hour","t",8,"t","Randwick",-33.92233,151.23448,"Private room",1,NA,NA,"",14,30,0,18,1,5,"f",0.3
1171,"8/10/2014","N/A","f",1,"t","Ku-Ring-Gai",-33.75545,151.14997,"Private room",2,1,1,"$95.00",90,1125,28,12,0,4.67,"f",0.11
16944,"18/03/2025","within an hour","f",23,"t","Hornsby",-33.7679234,151.0768281,"Private room",2,1,1,"$58.00",1,365,29,2,0,4,"t",0.83
6483,"23/08/2021","within a few hours","f",1,"t","Randwick",-33.93304,151.23891,"Entire home/apt",5,1,2,"$137.00",3,730,16,145,0,4.72,"f",4.29
16231,"12/11/2024","within an hour","f",4,"t","Liverpool",-33.92740238,150.9199955,"Entire home/apt",6,2,2,"$144.00",2,365,2,4,1,5,"f",1.62
3912,"1/07/2019","N/A","f",8,"t","Willoughby",-33.79607,151.16818,"Private room",2,1.5,1,"$54.00",200,200,29,3,0,4.67,"t",0.04
14936,"8/09/2020","within an hour","f",4,"t","Blacktown",-33.73345,150.9121,"Private room",2,NA,NA,"",1,365,0,1,0,4,"f",0.18
10675,"14/04/2018","within an hour","f",4,"t","Woollahra",-33.85987,151.2767405,"Entire home/apt",8,NA,4,"",2,365,0,7,0,4.29,"f",0.44
9834,"13/01/2025","N/A","f",57,"t","Parramatta",-33.8104809,151.0060666,"Entire home/apt",4,2,2,"$133.00",12,365,14,18,1,4.39,"f",0.95
8572,"8/08/2022","within an hour","t",20,"t","Hornsby",-33.68921006,151.0922185,"Private room",2,1,1,"$92.00",2,1125,0,13,0,4.85,"t",0.58
3164,"19/12/2013","within a few hours","f",1,"t","Marrickville",-33.89678,151.16779,"Entire home/apt",7,2,4,"$595.00",7,30,1,16,0,4.94,"f",0.24
5436,"28/09/2021","within an hour","t",11,"t","Waverley",-33.891457,151.245239,"Entire home/apt",2,1,0,"$142.00",2,90,4,114,3,4.83,"f",2.61
745,"28/07/2015","N/A","f",1,"t","Sydney",-33.89436,151.21289,"Private room",2,1,1,"$90.00",90,1125,29,22,0,4.45,"f",0.18
2650,"29/04/2015","within an hour","t",2,"t","Woollahra",-33.88165,151.2234,"Private room",1,1,1,"$79.00",3,1125,22,128,2,4.7,"f",1.54
3728,"5/05/2015","N/A","f",1,"f","North Sydney",-33.83952,151.21406,"Entire home/apt",4,1,2,"$238.00",90,1125,0,2,0,5,"f",0.03
14267,"5/07/2017","within a day","f",1,"t","Waverley",-33.88891996,151.2753238,"Entire home/apt",2,1,1,"$130.00",3,365,23,16,0,4.38,"f",2.16
5309,"25/06/2014","within an hour","t",16,"t","Woollahra",-33.874977,151.233627,"Entire home/apt",2,1,1,"$181.00",21,1125,14,98,5,4.85,"f",2.15
14865,"27/12/2017","N/A","f",1,"t","Waverley",-33.88947,151.26279,"Entire home/apt",2,1,1,"$289.00",5,19,27,3,0,5,"f",0.66
10423,"7/01/2016","N/A","f",1,"t","Botany Bay",-33.93661995,151.197668,"Entire home/apt",6,NA,3,"",5,14,0,3,0,4.67,"f",0.17
16274,"7/04/2023","within an hour","f",67,"t","Holroyd",-33.84847,150.97066,"Private room",2,1,1,"$60.00",1,365,16,1,0,5,"t",0.3
13147,"23/06/2017","within an hour","",26,"t","Sydney",-33.91062,151.21017,"Entire home/apt",6,2,2,"$192.00",2,365,5,39,4,4.72,"t",3.81
5430,"24/07/2019","N/A","f",912,"t","Marrickville",-33.89692688,151.1463928,"Entire home/apt",2,1,0,"$144.00",3,365,23,28,0,4.39,"t",0.6
102,"27/05/2014","within an hour","t",61,"t","Sydney",-33.89256,151.22451,"Entire home/apt",4,1.5,2,"$365.00",21,90,0,2,0,5,"t",0.07
1403,"1/10/2016","within an hour","f",1,"t","Sydney",-33.8804,151.19931,"Entire home/apt",4,2,4,"$303.00",45,365,8,206,0,4.82,"f",1.96
8100,"2/07/2017","within an hour","f",2,"t","Woollahra",-33.88742527,151.2439861,"Entire home/apt",2,1,1,"$240.00",2,30,21,37,0,4.89,"t",1.36
2325,"23/02/2016","N/A","f",1,"f","Ryde",-33.82096,151.09721,"Private room",1,1,1,"$63.00",90,1125,29,0,0,NA,"f",NA
1298,"3/11/2014","within an hour","t",1,"t","Manly",-33.79987,151.28555,"Entire home/apt",5,1,3,"$387.00",7,31,17,95,0,4.81,"f",1.16
4147,"11/11/2018","N/A","f",1,"t","Sutherland Shire",-34.00598,151.08543,"Entire home/apt",6,NA,3,"",90,1125,0,3,0,4.67,"f",0.05
15398,"16/12/2016","within an hour","f",3,"t","Marrickville",-33.89384606,151.1435009,"Entire home/apt",6,NA,3,"",3,365,0,3,0,5,"t",0.69
11351,"18/02/2018","within an hour","t",2,"t","Sydney",-33.8753508,151.2239732,"Entire home/apt",2,1,1,"$128.00",5,365,23,35,1,4.71,"f",2.2
2829,"8/12/2017","within a few hours","t",2,"t","Manly",-33.80149,151.29053,"Entire home/apt",5,2.5,3,"$848.00",5,90,23,51,0,4.96,"f",0.62
5581,"16/04/2019","within an hour","t",21,"t","Mosman",-33.82738,151.24888,"Entire home/apt",4,1,1,"$227.00",2,1125,14,211,2,4.91,"f",4.46
6261,"21/09/2013","within a few hours","f",1,"t","Ryde",-33.82334,151.12492,"Entire home/apt",1,1,1,"$261.00",10,90,22,11,0,4.64,"f",0.29
4397,"30/05/2018","N/A","f",1,"f","Sydney",-33.8853,151.1771,"Private room",2,1,1,"$73.00",90,1125,29,1,0,5,"t",0.02
11634,"7/09/2015","within an hour","t",1,"t","Auburn",-33.85229685,151.024318,"Private room",2,1,1,"$97.00",2,365,16,34,2,4.76,"f",2.51
6776,"5/10/2020","within an hour","t",1,"t","Sydney",-33.90612,151.20977,"Entire home/apt",3,1,1,"$220.00",2,28,10,62,0,4.94,"f",1.86
4407,"12/09/2015","N/A","f",1,"t","Waverley",-33.89222,151.27174,"Entire home/apt",4,1,2,"$203.00",5,90,4,41,0,4.88,"f",0.7
16234,"4/03/2025","a few days or more","f",1,"t","Parramatta",-33.81367326,151.0407951,"Entire home/apt",12,3,6,"$268.00",1,1125,29,1,0,1,"t",0.52
4440,"22/04/2018","N/A","f",3,"t","Strathfield",-33.86127,151.06238,"Entire home/apt",2,1,0,"$298.00",90,1125,29,0,0,NA,"t",NA
13331,"21/06/2014","within a few hours","t",3,"t","Waverley",-33.88824011,151.2759059,"Entire home/apt",6,2,3,"$1,350.00",5,365,23,5,1,5,"f",1.23
2001,"22/12/2016","within an hour","f",9,"t","Lane Cove",-33.81905,151.18311,"Private room",2,1,1,"$180.00",1,99,0,7,0,4.57,"t",0.12
16596,"27/07/2016","within an hour","t",8,"t","North Sydney",-33.83326568,151.2103059,"Entire home/apt",6,1,1,"$256.00",1,365,3,17,5,5,"t",5.67
4558,"13/02/2020","within an hour","t",4,"t","Sydney",-33.87229538,151.1971436,"Private room",2,1,0,"$348.00",1,1125,29,23,0,4.74,"t",0.37
9792,"24/02/2013","within an hour","t",92,"t","Burwood",-33.87061539,151.1064157,"Entire home/apt",6,2,2,"$185.00",5,365,6,53,2,4.75,"t",2.63
11641,"21/10/2022","within an hour","f",60,"t","Holroyd",-33.81112,150.96878,"Entire home/apt",4,1,2,"$170.00",2,365,3,2,0,3.5,"t",0.15
7995,"30/08/2016","within an hour","f",1,"t","Sydney",-33.866833,151.2244496,"Private room",2,1,1,"$92.00",1,1125,17,92,3,4.95,"f",3.48
8502,"24/02/2013","within an hour","t",92,"t","Sydney",-33.87557054,151.1943633,"Entire home/apt",4,1,1,"$199.00",60,365,0,12,0,4.75,"t",0.63
8656,"6/08/2011","within a day","f",1,"t","Marrickville",-33.9129835,151.17671,"Entire home/apt",4,2.5,1,"$142.00",90,90,0,3,0,5,"f",0.14
9682,"20/01/2021","N/A","f",1,"t","Rockdale",-33.9584113,151.1560298,"Private room",1,1,2,"$71.00",90,1125,29,8,0,4.75,"f",0.41
8540,"8/06/2015","within an hour","",3,"t","Bankstown",-33.96285736,150.9817597,"Entire home/apt",12,4,6,"$418.00",1,1125,12,49,1,4.82,"f",1.99
6392,"5/10/2016","N/A","t",1,"t","Botany Bay",-33.9523058,151.2048275,"Private room",2,NA,NA,"",90,180,0,14,0,5,"f",1.22
4730,"2/08/2016","N/A","f",1,"t","Waverley",-33.87858,151.27425,"Entire home/apt",2,1,2,"$450.00",90,365,22,2,0,4.5,"f",0.03
4412,"10/06/2014","within an hour","f",6,"t","Ryde",-33.81518,151.09742,"Private room",2,1,1,"$181.00",1,1125,23,3,0,4.67,"t",0.07
10380,"13/11/2023","within an hour","f",1,"t","Sydney",-33.88062,151.18399,"Entire home/apt",4,NA,2,"",1,365,0,23,0,4.61,"t",1.32
16380,"27/12/2018","within an hour","t",5,"t","Auburn",-33.8490737,151.0741775,"Entire home/apt",6,2,3,"$176.00",1,30,8,23,9,5,"f",6
13997,"12/04/2019","within an hour","f",63,"t","Bankstown",-33.9459032,151.011659,"Private room",2,1.5,1,"$51.00",1,89,27,8,1,4.13,"f",1.24
14728,"30/11/2024","within an hour","f",10,"t","Sutherland Shire",-34.03975,151.12056,"Entire home/apt",2,1,1,"$138.00",3,365,7,1,0,5,"f",0.26
1226,"21/08/2016","within an hour","t",7,"t","Hornsby",-33.69056,151.0974,"Private room",1,1,1,"$46.00",4,365,15,10,0,4.7,"f",0.09
16348,"25/08/2019","within an hour","f",169,"t","City Of Kogarah",-33.9757935,151.1241767,"Private room",1,1.5,1,"$54.00",1,89,14,3,1,4,"f",0.82
14288,"21/04/2014","within a few hours","f",1,"t","Waverley",-33.88349,151.27737,"Entire home/apt",4,2,2,"$340.00",4,90,4,1,0,4,"f",0.18
7139,"8/05/2017","within an hour","f",1,"t","Willoughby",-33.78937271,151.1762013,"Entire home/apt",2,NA,1,"",2,7,0,42,0,4.76,"f",1.4
6378,"26/03/2013","a few days or more","",3,"t","Pittwater",-33.60435,151.33033,"Entire home/apt",2,1,1,"$395.00",90,365,29,14,0,4.93,"f",0.36
5286,"30/04/2012","N/A","f",1,"t","Waverley",-33.89211,151.26604,"Entire home/apt",7,2,3,"$287.00",300,300,17,2,0,4,"f",0.05
16211,"6/11/2016","within an hour","f",35,"t","Liverpool",-33.94186179,150.7977095,"Entire home/apt",12,NA,4,"",3,365,19,0,0,NA,"f",NA
1476,"12/10/2016","within an hour","t",1,"t","Manly",-33.79789,151.27783,"Entire home/apt",4,NA,2,"",4,60,0,59,0,5,"f",0.77
13463,"19/09/2024","within a day","f",1,"t","Sutherland Shire",-34.00068241,151.0342311,"Entire home/apt",8,2,4,"$563.00",3,10,0,0,0,NA,"f",NA
11345,"10/07/2013","within an hour","f",244,"t","Sydney",-33.89610768,151.183528,"Entire home/apt",6,NA,3,"",90,1125,0,7,0,4.86,"t",0.5
3408,"4/02/2019","within an hour","f",4,"t","Sydney",-33.8691,151.22516,"Hotel room",1,1,0,"$105.00",2,7,11,110,2,4.3,"f",1.67
1503,"14/01/2017","N/A","f",2,"t","Ryde",-33.80187,151.13589,"Entire home/apt",2,NA,1,"",3,1125,0,7,0,5,"f",0.08
913,"7/03/2016","within an hour","t",2,"t","Sutherland Shire",-34.08145,151.15538,"Entire home/apt",2,1,1,"$178.00",2,70,25,110,1,4.78,"t",1
16321,"10/06/2016","within an hour","f",1,"t","Sutherland Shire",-34.00257803,151.094896,"Entire home/apt",12,4,4,"$2,450.00",2,365,21,14,4,5,"t",4.16
266,"1/12/2011","within a day","f",1,"t","Woollahra",-33.88765,151.24002,"Entire home/apt",3,1,2,"$315.00",7,90,27,62,0,4.82,"f",0.42
10629,"25/09/2011","N/A","f",1,"t","Sydney",-33.89766041,151.1812366,"Entire home/apt",2,1,1,"$315.00",90,365,29,0,0,NA,"f",NA
16636,"15/03/2025","within an hour","f",1,"t","Camden",-34.01571681,150.7566117,"Entire home/apt",8,2,3,"$219.00",2,365,12,6,3,4,"t",3.33
5050,"15/04/2016","N/A","f",2,"t","Parramatta",-33.79195,150.98286,"Entire home/apt",4,NA,2,"",90,365,0,65,0,4.51,"f",1.23
7070,"9/08/2016","N/A","f",1,"t","Waverley",-33.8947136,151.2718634,"Entire home/apt",2,1,1,"$500.00",90,90,29,0,0,NA,"t",NA
2127,"16/01/2018","N/A","f",1,"f","Sydney",-33.88481,151.17696,"Entire home/apt",3,NA,2,"",90,1125,0,10,0,4.8,"f",0.11
11325,"19/01/2022","within an hour","t",42,"t","Hornsby",-33.71544417,151.1086332,"Entire home/apt",5,NA,2,"",28,365,0,0,0,NA,"f",NA
9930,"24/07/2012","within a few hours","t",126,"t","Sydney",-33.87752151,151.2221317,"Entire home/apt",8,3.5,4,"$1,299.00",1,1125,7,7,2,5,"f",0.82
11585,"22/03/2024","within an hour","t",1,"t","Sutherland Shire",-34.081378,151.1460886,"Entire home/apt",4,1,2,"$411.00",2,28,23,22,2,4.82,"t",1.77
15816,"26/11/2016","within a few hours","",9,"t","Auburn",-33.84905744,151.0594285,"Entire home/apt",4,1,2,"$191.00",2,60,16,8,1,4.88,"f",1.86
4715,"15/12/2016","within an hour","f",4,"t","Botany Bay",-33.93267,151.19821,"Private room",2,1,1,"$75.00",1,60,22,148,2,4.8,"f",2.25
11686,"26/11/2023","within an hour","t",43,"t","Sydney",-33.85980723,151.2020366,"Entire home/apt",5,1,2,"$193.00",2,365,8,25,2,4.72,"t",1.75
14971,"5/12/2024","within an hour","f",22,"t","Botany Bay",-33.92980581,151.1863384,"Entire home/apt",3,NA,2,"",7,365,0,0,0,NA,"f",NA
11009,"1/02/2024","a few days or more","f",3,"t","Marrickville",-33.8949109,151.1533189,"Entire home/apt",2,1,1,"$165.00",90,365,22,3,0,4.33,"f",0.23
7912,"28/06/2013","N/A","f",1,"t","Sydney",-33.87014273,151.2191362,"Entire home/apt",2,1,1,"$149.00",2,90,0,5,0,4.4,"f",0.18
9825,"19/12/2013","within an hour","f",11,"t","Marrickville",-33.8987469,151.1762113,"Entire home/apt",4,1,1,"$240.00",1,365,15,0,0,NA,"t",NA
7858,"9/03/2023","within an hour","t",1,"t","Auburn",-33.83431,151.05661,"Private room",2,1,1,"$80.00",2,30,18,101,4,4.98,"f",3.7
8366,"13/08/2018","within an hour","f",57,"t","Sydney",-33.87877,151.20443,"Entire home/apt",4,1,0,"$197.00",1,365,8,117,2,4.57,"f",4.58
13273,"15/10/2012","within an hour","t",27,"t","North Sydney",-33.84643,151.22492,"Entire home/apt",6,1,2,"$264.00",1,365,4,41,0,4.98,"f",4.35
4360,"17/05/2019","N/A","f",8,"t","Botany Bay",-33.94384,151.19452,"Private room",1,2,5,"$19.00",111,112,29,0,0,NA,"t",NA
339,"9/03/2015","N/A","f",1,"t","Sutherland Shire",-34.02867,151.10534,"Entire home/apt",2,1,1,"$87.00",7,1125,0,135,0,4.89,"f",1.11
4301,"6/05/2020","within an hour","f",1,"t","Sydney",-33.87343,151.22796,"Entire home/apt",2,1,1,"$165.00",21,180,16,129,0,4.66,"f",2.12
5716,"31/10/2021","within an hour","f",2,"t","Fairfield",-33.88154,150.91746,"Private room",3,1,1,"$60.00",2,365,26,59,1,4.54,"t",1.43
7324,"31/08/2016","within an hour","",45,"t","Auburn",-33.82366,151.07994,"Entire home/apt",4,2,2,"$296.00",2,365,29,17,0,4.65,"f",0.57
14023,"28/05/2017","within an hour","f",50,"t","Auburn",-33.85019976,151.0354192,"Entire home/apt",7,2,2,"$171.00",3,365,16,9,5,4.44,"t",1.35
1425,"20/05/2016","N/A","f",1,"t","Woollahra",-33.88013,151.2266,"Entire home/apt",7,2.5,4,"$428.00",4,31,10,11,0,5,"f",0.11
2962,"11/12/2014","within a day","f",72,"t","Warringah",-33.61722665,151.2066968,"Entire home/apt",10,2,4,"$704.00",2,1125,29,11,0,4.73,"t",0.15
11188,"2/07/2019","within an hour","f",4,"t","Sydney",-33.904,151.18793,"Entire home/apt",6,2,3,"$699.00",2,365,29,15,0,4.8,"f",1.06
3441,"21/01/2019","within an hour","t",13,"t","Sydney",-33.906841,151.201935,"Private room",2,1,1,"$172.00",1,90,29,444,5,4.74,"t",6.73
1837,"31/08/2017","within an hour","f",54,"t","Sydney",-33.86453,151.20822,"Entire home/apt",2,1,1,"$207.00",28,365,19,35,1,4.8,"t",0.54
8086,"1/01/2023","N/A","f",1,"t","Woollahra",-33.8719411,151.2724426,"Entire home/apt",2,NA,1,"",90,365,0,8,0,4.5,"f",0.3
16848,"31/01/2017","within a few hours","f",1,"f","Willoughby",-33.81933978,151.194499,"Entire home/apt",2,1,1,"$200.00",2,30,10,4,2,5,"f",2.07
13023,"7/11/2022","within an hour","f",1,"t","Manly",-33.79754048,151.2817591,"Entire home/apt",3,1,2,"$213.00",4,30,19,6,0,4.67,"f",0.97
9579,"14/05/2020","within an hour","t",13,"t","Sydney",-33.874972,151.2189186,"Entire home/apt",2,1,1,"$167.00",2,365,15,90,4,4.62,"f",4.17
13211,"11/12/2014","within a day","f",72,"t","Warringah",-33.78496,151.28817,"Entire home/apt",6,NA,3,"",90,1125,0,1,0,4,"f",0.18
13550,"26/10/2017","within an hour","t",3,"t","Waverley",-33.89805163,151.2708716,"Entire home/apt",4,2,2,"$230.00",2,365,7,33,4,4.91,"f",4.09
6421,"13/11/2016","N/A","f",1,"t","Randwick",-33.9031503,151.2243112,"Private room",2,1.5,1,"$225.00",6,7,29,6,0,5,"f",0.17
1287,"30/08/2016","within an hour","f",1,"t","Warringah",-33.71591,151.30018,"Entire home/apt",4,1,2,"$330.00",11,1125,25,38,0,4.92,"f",0.36
10635,"18/12/2016","within an hour","f",5,"t","The Hills Shire",-33.70595,150.94381,"Entire home/apt",6,NA,3,"",1,365,0,28,0,4.64,"f",1.59
3451,"18/07/2019","within an hour","f",5,"t","Sydney",-33.87618,151.20583,"Hotel room",3,1,2,"$527.00",1,1125,14,105,2,4.48,"t",1.55
6205,"11/12/2014","within a day","f",72,"t","Pittwater",-33.59726,151.32324,"Entire home/apt",9,2,4,"$1,514.00",2,1125,0,3,0,5,"f",0.04
10970,"24/10/2011","within an hour","t",75,"t","Manly",-33.80327073,151.2876774,"Entire home/apt",4,1,2,"$250.00",3,365,21,34,0,4.85,"f",1.9
5151,"20/01/2016","within a day","f",1,"t","Hornsby",-33.53896,151.23746,"Entire home/apt",8,2,4,"$405.00",2,15,10,34,0,5,"f",0.66
11835,"22/02/2023","within an hour","t",1,"t","Camden",-34.08152237,150.699639,"Entire home/apt",4,1,2,"$180.00",2,90,7,51,3,4.96,"t",3.49
3331,"11/04/2019","N/A","f",1,"t","Leichhardt",-33.88719,151.15974,"Private room",1,1,1,"$108.00",90,1125,29,13,0,4.69,"t",0.17
10089,"8/07/2017","within an hour","",83,"t","Hornsby",-33.68588146,151.1096485,"Entire home/apt",4,2,2,"$212.00",2,365,0,11,1,4.36,"t",0.59
5183,"19/07/2016","within an hour","t",1,"t","Ku-Ring-Gai",-33.7125544,151.1709306,"Entire home/apt",2,1,1,"$227.00",2,1125,22,97,3,4.99,"f",1.77
11375,"13/08/2018","within an hour","f",57,"t","Sydney",-33.88010578,151.2064563,"Entire home/apt",4,1,0,"$135.00",1,365,17,54,1,4.65,"f",3.44
1395,"23/10/2016","a few days or more","f",3,"t","Ryde",-33.78285,151.11331,"Private room",2,0.5,1,"$36.00",90,1125,28,7,0,4.14,"f",0.07
7472,"26/04/2010","within an hour","f",51,"t","Waverley",-33.8887675,151.2807669,"Entire home/apt",6,2.5,3,"$511.00",2,365,22,37,0,4.95,"f",1.26
15942,"12/04/2017","within an hour","f",14,"t","Sydney",-33.8825769,151.1959472,"Private room",3,1,1,"$204.00",1,90,28,0,0,NA,"t",NA
12793,"17/06/2014","within a few hours","f",1,"t","Sydney",-33.87240657,151.2164229,"Entire home/apt",4,NA,1,"",3,16,0,7,0,4.86,"f",0.82
2738,"9/09/2019","within an hour","f",19,"f","Waverley",-33.88991,151.27246,"Entire home/apt",3,1,1,"$224.00",2,365,22,98,0,4.56,"f",1.14
8574,"2/04/2013","within an hour","t",3,"t","Waverley",-33.88947437,151.2740259,"Private room",2,1,1,"$91.00",1,30,25,81,0,4.93,"f",3.32
6415,"7/11/2019","within an hour","f",25,"t","Fairfield",-33.89971111,150.9342903,"Entire home/apt",7,NA,3,"",2,28,29,29,2,4.28,"f",0.81
7192,"23/04/2018","within a few hours","t",1,"t","Randwick",-33.91241,151.25013,"Entire home/apt",2,1,1,"$300.00",2,30,24,50,0,4.98,"f",1.62
13187,"15/10/2012","within an hour","t",27,"t","North Sydney",-33.8491829,151.2157232,"Entire home/apt",3,NA,1,"",1,365,0,39,0,4.72,"f",3.98
11088,"24/07/2019","N/A","f",912,"t","Auburn",-33.82682,151.0779,"Entire home/apt",2,1,1,"$198.00",3,365,6,23,2,4.87,"t",1.42
15729,"1/05/2024","within an hour","f",2,"t","Blacktown",-33.75887546,150.9361761,"Entire home/apt",8,3,4,"$253.00",2,365,7,8,2,5,"t",1.7
7069,"30/09/2019","within a few hours","f",1,"t","Pittwater",-33.59025,151.29766,"Entire home/apt",6,2.5,4,"$800.00",2,365,27,2,0,5,"f",0.07
3630,"26/04/2014","within an hour","t",15,"t","Waverley",-33.90006,151.2667,"Entire home/apt",8,NA,4,"",90,730,0,2,0,5,"f",0.03
14558,"24/01/2018","within an hour","f",56,"t","North Sydney",-33.83658,151.20358,"Entire home/apt",8,2.5,3,"$330.00",3,365,18,5,1,4,"f",1.05
5822,"25/06/2018","within an hour","t",4,"t","Sydney",-33.87656403,151.2125244,"Entire home/apt",4,1,2,"$304.00",3,730,10,184,2,4.9,"f",4.39
16489,"9/09/2023","within an hour","t",14,"t","North Sydney",-33.842376,151.2023227,"Entire home/apt",6,2,3,"$246.00",2,365,4,5,0,4.8,"f",1.58
14099,"9/02/2013","within a day","f",1,"t","Randwick",-33.9418,151.25002,"Entire home/apt",4,1,2,"$405.00",2,365,20,0,0,NA,"f",NA
8392,"31/12/2015","within an hour","f",1,"t","Willoughby",-33.80292,151.18507,"Entire home/apt",10,3.5,5,"$1,093.00",3,30,18,4,0,5,"f",0.23
11737,"27/05/2014","within an hour","t",61,"t","Randwick",-33.91196765,151.2549452,"Entire home/apt",6,NA,3,"",90,365,0,0,0,NA,"f",NA
12129,"5/07/2015","N/A","f",1,"t","Warringah",-33.75192,151.29047,"Entire home/apt",2,NA,1,"",90,365,0,0,0,NA,"f",NA
7234,"29/08/2024","N/A","f",39,"t","Mosman",-33.8388201,151.2334226,"Entire home/apt",2,1,1,"$254.00",5,1125,0,16,0,4.56,"t",0.54
15969,"6/02/2025","within an hour","f",19,"t","Ryde",-33.7862841,151.1268374,"Private room",2,1,1,"$180.00",1,90,25,8,6,4.63,"t",2.29
7830,"11/10/2019","within an hour","f",138,"t","Ku-Ring-Gai",-33.75495178,151.1482777,"Entire home/apt",5,2,2,"$337.00",2,365,16,4,0,4.75,"f",0.21
15170,"15/10/2024","within a few hours","f",34,"t","Botany Bay",-33.92846847,151.1862879,"Entire home/apt",4,NA,2,"",7,365,0,0,0,NA,"f",NA
8076,"6/02/2017","within an hour","t",6,"t","Parramatta",-33.80791063,151.0069065,"Private room",1,1,1,"$81.00",2,1125,5,16,0,4.75,"f",0.67
923,"27/01/2015","N/A","f",1,"t","Warringah",-33.77133,151.29009,"Entire home/apt",8,NA,4,"",90,1125,0,2,0,5,"t",0.02
15376,"18/10/2014","within an hour","t",3,"t","Sydney",-33.9046561,151.2087618,"Private room",2,1,1,"$111.00",1,1125,5,13,3,4.85,"f",2.91
4003,"21/11/2019","within an hour","f",2,"t","Auburn",-33.84584,151.0237,"Entire home/apt",2,1,1,"$94.00",2,730,5,89,0,4.76,"f",1.34
1443,"22/07/2012","within an hour","f",1,"t","Woollahra",-33.87961,151.22628,"Entire home/apt",6,1,3,"$679.00",90,1125,22,4,0,5,"f",0.04
5483,"25/02/2017","within an hour","f",5,"t","Sydney",-33.87224,151.22518,"Entire home/apt",2,1,1,"$503.00",3,365,23,21,0,4.71,"f",0.49
12398,"25/06/2024","within an hour","f",1,"t","The Hills Shire",-33.71039,151.0026932,"Entire home/apt",5,1,2,"$142.00",2,365,16,43,5,4.67,"f",3.81
6450,"16/09/2016","N/A","f",1,"t","North Sydney",-33.83804,151.22303,"Entire home/apt",4,1,2,"$198.00",90,365,29,0,0,NA,"f",NA
3379,"11/08/2015","within an hour","f",34,"t","Woollahra",-33.87553,151.23145,"Entire home/apt",6,2,3,"$832.00",4,1125,25,26,1,4.69,"f",0.36
15586,"27/05/2014","within an hour","t",61,"t","Sydney",-33.9022269,151.205964,"Entire home/apt",4,2,2,"$455.00",14,365,18,3,0,5,"f",0.74
12149,"12/05/2024","N/A","f",1,"t","Ryde",-33.78230097,151.1152511,"Private room",2,1,1,"$148.00",90,365,28,1,0,5,"f",0.11
1030,"11/12/2013","N/A","f",1,"t","Hornsby",-33.70672,151.10384,"Entire home/apt",8,2,3,"$711.00",90,730,29,1,0,5,"f",0.01
10412,"2/01/2019","within an hour","t",4,"t","Ku-Ring-Gai",-33.7765,151.16107,"Entire home/apt",6,2.5,3,"$382.00",4,365,3,36,3,4.83,"f",2
16459,"12/05/2016","N/A","f",1,"t","Sydney",-33.87706033,151.2285125,"Entire home/apt",2,NA,1,"",3,28,0,0,0,NA,"f",NA
1291,"22/04/2016","within an hour","t",2,"t","Waverley",-33.88816,151.26523,"Entire home/apt",2,NA,1,"",3,700,0,108,0,5,"f",1.02
14648,"10/01/2019","within an hour","t",2,"t","Penrith",-33.76574633,150.6997817,"Entire home/apt",4,1,2,"$172.00",1,365,0,24,0,4.83,"t",3.71
5458,"29/09/2021","N/A","f",1,"t","Warringah",-33.753345,151.296265,"Entire home/apt",6,2,3,"$671.00",2,365,10,24,0,5,"f",0.56
16853,"10/07/2013","within an hour","f",244,"t","Waverley",-33.89498579,151.2672135,"Entire home/apt",6,2,3,"$609.00",1,1125,12,2,1,5,"t",1.05
15745,"18/01/2025","within an hour","f",1,"f","Bankstown",-33.91121665,151.0140783,"Private room",2,1,1,"$140.00",1,365,29,7,0,3.71,"t",1.53
15478,"5/12/2013","within an hour","t",64,"t","Sydney",-33.88613,151.17843,"Entire home/apt",4,2,2,"$306.00",3,365,22,9,0,4.67,"f",1.61
11466,"25/04/2019","within an hour","t",68,"t","Lane Cove",-33.80928999,151.1763154,"Entire home/apt",6,1,2,"$153.00",1,365,2,19,1,4.58,"f",1.34
9485,"11/11/2018","within an hour","f",19,"t","Sydney",-33.87987076,151.2056972,"Entire home/apt",4,1,0,"$163.00",2,89,16,18,0,4.94,"f",0.97
3186,"21/01/2016","within an hour","f",1,"t","Hurstville",-33.95278,151.08369,"Entire home/apt",4,1,1,"$175.00",2,1125,16,107,0,4.64,"f",1.38
11278,"12/08/2016","within an hour","f",1,"t","Hunters Hill",-33.82165929,151.134996,"Entire home/apt",8,2.5,4,"$540.00",90,1125,28,0,0,NA,"f",NA
2521,"12/09/2018","N/A","t",1,"f","Warringah",-33.78662892,151.268755,"Entire home/apt",2,1,1,"$207.00",1,10,0,9,0,4.78,"f",1.35
1132,"7/02/2016","within an hour","t",1,"t","Canada Bay",-33.86514,151.12821,"Entire home/apt",2,1,1,"$132.00",3,1124,18,236,4,4.89,"f",2.07
10759,"21/05/2012","N/A","f",1,"t","Sydney",-33.88735875,151.2139473,"Private room",2,NA,NA,"",90,180,29,0,0,NA,"f",NA
8072,"13/11/2014","within a day","t",82,"t","Pittwater",-33.64333,151.32467,"Entire home/apt",10,NA,5,"",1,1125,28,1,0,5,"f",0.11
13781,"18/05/2015","within an hour","f",1,"t","Pittwater",-33.65766792,151.3127241,"Entire home/apt",10,2,4,"$455.00",5,1125,0,11,3,4.91,"f",1.79
7811,"24/07/2012","within a few hours","t",126,"t","Pittwater",-33.60032,151.32701,"Entire home/apt",8,3.5,4,"$3,757.00",1,1125,27,0,0,NA,"f",NA
15508,"1/01/2017","N/A","f",2,"t","North Sydney",-33.83508,151.209,"Private room",2,1,1,"$144.00",1,365,0,0,0,NA,"f",NA
14960,"9/04/2024","within an hour","f",50,"t","Marrickville",-33.90307,151.16265,"Entire home/apt",4,2,2,"$236.00",1,365,29,2,0,1,"f",0.48
8588,"13/03/2022","within an hour","t",1,"t","Sydney",-33.86686,151.20155,"Entire home/apt",2,1,1,"$203.00",4,60,10,56,2,4.95,"f",2.52
7434,"28/11/2019","within an hour","t",3,"t","Manly",-33.78936,151.28481,"Private room",2,1,1,"$120.00",2,365,29,32,0,5,"f",1.06
14848,"24/02/2013","within an hour","t",92,"t","Sydney",-33.86337376,151.2032582,"Entire home/apt",4,2,2,"$482.00",2,365,5,20,0,4.95,"t",3.31
14309,"30/10/2024","N/A","f",1,"t","Waverley",-33.89074167,151.2849448,"Entire home/apt",4,1,2,"$543.00",2,90,11,1,0,5,"f",0.22
13573,"5/01/2023","within an hour","f",50,"t","Bankstown",-33.9547117,150.9940887,"Private room",2,1.5,1,"$45.00",1,89,20,5,0,4,"f",0.7
3470,"14/04/2014","N/A","f",1,"t","Sydney",-33.87743,151.20779,"Entire home/apt",3,1,1,"$270.00",90,1125,29,0,0,NA,"f",NA
3142,"15/05/2017","N/A","f",4,"f","Rockdale",-33.94771,151.12957,"Private room",1,1,0,"$100.00",90,1125,28,0,0,NA,"t",NA
10368,"19/07/2013","within a day","f",1,"t","Marrickville",-33.90533357,151.1585823,"Entire home/apt",6,2.5,4,"$357.00",90,365,22,1,0,5,"f",0.18
15515,"19/12/2024","within an hour","t",1,"t","Sydney",-33.87632099,151.204139,"Entire home/apt",2,1,1,"$162.00",2,1125,16,23,4,4.83,"t",4.11
17529,"3/03/2013","within an hour","f",1,"t","Sydney",-33.87615,151.22384,"Entire home/apt",4,1,1,"$206.00",2,28,4,2,2,5,"f",2
10505,"14/03/2018","within an hour","f",44,"t","Sutherland Shire",-34.0528,151.15536,"Entire home/apt",2,1.5,1,"$167.00",2,365,19,49,4,4.88,"f",2.68
17167,"2/07/2013","within an hour","",8,"t","Waverley",-33.8996528,151.2533944,"Entire home/apt",2,1,1,"$140.00",3,365,25,3,3,5,"f",3
8388,"16/04/2018","within an hour","f",9,"t","Canterbury",-33.9438523,151.0632542,"Entire home/apt",4,1,2,"$154.00",2,100,26,49,1,4.73,"f",1.91
798,"21/08/2015","within an hour","f",1,"t","Pittwater",-33.63334,151.33132,"Entire home/apt",4,2,2,"$475.00",4,28,0,47,0,4.98,"f",0.46
8372,"19/03/2016","within an hour","t",1,"t","Sydney",-33.89991,151.21185,"Entire home/apt",5,2,2,"$227.00",3,1125,7,35,2,4.97,"f",1.44
14489,"8/09/2019","within an hour","f",5,"t","Manly",-33.796396,151.286375,"Entire home/apt",4,NA,1,"",3,7,0,0,0,NA,"t",NA
15306,"2/12/2024","within an hour","f",1,"t","Liverpool",-33.91440321,150.9269595,"Entire home/apt",5,NA,2,"",1,365,7,5,0,3,"f",1.35
5052,"23/01/2021","within an hour","f",4,"t","Parramatta",-33.79799,151.05708,"Private room",2,1,1,"$75.00",1,1125,18,73,0,4.77,"f",1.37
16137,"13/08/2019","within an hour","",37,"t","Waverley",-33.89053037,151.2718567,"Entire home/apt",2,1,1,"$379.00",3,30,2,0,0,NA,"f",NA
1314,"5/10/2016","N/A","f",1,"t","Parramatta",-33.81475,151.01526,"Private room",2,1.5,1,"$85.00",360,365,27,4,0,4.75,"f",0.04
942,"29/01/2016","N/A","f",1,"t","Warringah",-33.76653,151.25256,"Entire home/apt",1,1,1,"$120.00",90,90,29,0,0,NA,"t",NA
8929,"18/09/2017","within an hour","",3,"t","Sydney",-33.8815455,151.2145035,"Entire home/apt",4,1,2,"$152.00",2,365,0,21,0,4.76,"f",1
2995,"4/10/2017","N/A","f",1,"t","Leichhardt",-33.88372,151.14629,"Private room",1,1,1,"$59.00",90,120,27,0,0,NA,"f",NA
9324,"31/10/2016","within an hour","f",2,"f","Sydney",-33.8985834,151.2120354,"Entire home/apt",2,1,1,"$162.00",3,30,1,10,0,5,"f",0.47
17346,"19/10/2021","within an hour","f",15,"t","Sydney",-33.8849861,151.2074014,"Entire home/apt",3,1,1,"$213.00",1,180,5,5,3,5,"t",3.57
3463,"22/11/2017","within an hour","",14,"t","Waverley",-33.89395194,151.274444,"Entire home/apt",2,1,1,"$178.00",2,1125,8,261,3,4.87,"f",3.63
17877,"29/01/2016","N/A","f",15,"t","Sydney",-33.91286,151.20565,"Entire home/apt",3,1,2,"$140.00",5,365,27,0,0,NA,"f",NA
17820,"10/11/2012","N/A","",2,"t","Sydney",-33.88676746,151.1964612,"Entire home/apt",9,1,3,"$160.00",1,365,21,0,0,NA,"f",NA
11932,"13/08/2018","within an hour","f",57,"t","Sydney",-33.87792,151.20486,"Entire home/apt",4,1,0,"$136.00",1,365,17,33,1,4.55,"f",2.46
5936,"11/10/2019","within an hour","f",138,"t","Auburn",-33.82771,151.07719,"Entire home/apt",2,1,1,"$286.00",2,1125,29,22,0,4.95,"f",0.59
13754,"10/12/2018","within an hour","t",7,"t","Canada Bay",-33.85300155,151.0896568,"Entire home/apt",7,2.5,3,"$195.00",2,365,13,17,3,4.94,"f",2.03
13534,"10/07/2013","within an hour","f",244,"t","Manly",-33.79647544,151.2596242,"Entire home/apt",8,3.5,4,"$1,378.00",1,1125,0,0,0,NA,"t",NA
17148,"8/07/2017","within an hour","",83,"t","Burwood",-33.8716008,151.1062707,"Entire home/apt",6,1,3,"$209.00",5,365,12,0,0,NA,"t",NA
11362,"28/02/2024","N/A","f",1,"t","Sydney",-33.8859879,151.194513,"Entire home/apt",4,2,2,"$207.00",90,365,0,26,0,4.73,"f",1.7
14775,"31/05/2023","N/A","f",6,"t","Sydney",-33.9140644,151.2105119,"Entire home/apt",4,NA,2,"",7,365,0,0,0,NA,"f",NA
9858,"2/10/2023","N/A","f",5,"f","Liverpool",-33.91722213,150.9280569,"Entire home/apt",2,NA,1,"",90,365,0,0,0,NA,"f",NA
10236,"4/11/2014","N/A","f",1,"t","Manly",-33.80234573,151.2883539,"Entire home/apt",2,1,1,"$186.00",4,365,28,4,0,4,"f",0.21
5428,"26/02/2015","within an hour","t",1,"t","Pittwater",-33.68061423,151.2926386,"Entire home/apt",2,1,1,"$129.00",2,1125,3,116,2,4.96,"t",2.69
6264,"6/05/2022","within a day","f",1,"t","The Hills Shire",-33.70714,151.00885,"Entire home/apt",7,1,2,"$149.00",2,1125,11,58,0,4.83,"f",1.57
8332,"1/01/2020","N/A","f",1,"t","Marrickville",-33.91279,151.14734,"Private room",2,1,1,"$150.00",90,365,29,0,0,NA,"f",NA
12043,"8/07/2017","within an hour","",83,"t","Waverley",-33.8945324,151.2487643,"Entire home/apt",5,2,3,"$323.00",5,365,19,29,1,4.72,"t",2.24
7458,"12/12/2015","within an hour","f",13,"t","Canada Bay",-33.86416715,151.088097,"Entire home/apt",5,2,2,"$160.00",3,365,11,74,1,4.74,"f",2.8
16518,"29/11/2023","within an hour","f",46,"t","Sutherland Shire",-34.0613275,151.1071983,"Private room",2,1,1,"$77.00",1,89,17,2,0,3.5,"f",0.71
2250,"1/02/2017","within an hour","f",1,"f","Sydney",-33.867355,151.205734,"Entire home/apt",6,1.5,2,"$321.00",2,730,0,195,4,4.47,"t",2.04
4994,"25/05/2017","within a few hours","f",2,"t","Parramatta",-33.82092,150.99961,"Entire home/apt",2,1,1,"$93.00",7,60,6,43,0,4.58,"f",0.78
13379,"3/06/2016","within an hour","t",1,"t","The Hills Shire",-33.77939,151.05038,"Entire home/apt",4,1,1,"$106.00",1,30,2,28,0,4.82,"t",2.99
11741,"25/04/2019","within an hour","t",68,"t","Sydney",-33.8807835,151.2156092,"Entire home/apt",4,1,2,"$177.00",1,365,10,23,3,4.78,"f",1.85
936,"15/11/2014","within a few hours","t",1,"t","Pittwater",-33.66899053,151.3087905,"Entire home/apt",4,1,2,"$300.00",3,365,28,19,1,4.95,"f",1.09
8936,"13/12/2019","within an hour","f",5,"t","Sydney",-33.87791876,151.2221737,"Entire home/apt",2,1,1,"$142.00",1,1125,22,28,0,4.46,"t",1.26
7904,"10/01/2018","within an hour","f",16,"t","Sutherland Shire",-34.07814937,151.1326913,"Entire home/apt",5,3,2,"$1,036.00",90,365,0,9,0,4.89,"f",0.32
1323,"15/01/2014","within an hour","t",9,"t","Randwick",-33.92015,151.24002,"Entire home/apt",4,1,1,"$266.00",2,1125,10,60,0,4.85,"f",0.58
11606,"18/04/2016","N/A","f",1,"t","Sutherland Shire",-34.08315239,151.009526,"Entire home/apt",2,1,1,"$74.00",100,180,27,0,0,NA,"f",NA
7658,"3/09/2020","N/A","f",1,"t","Parramatta",-33.81992523,151.0067522,"Entire home/apt",2,1,1,"$171.00",5,90,29,13,0,4.77,"t",0.47
2927,"9/10/2018","within an hour","f",10,"t","Bankstown",-33.92245,151.02894,"Private room",2,1,1,"$90.00",1,14,7,51,0,4.73,"t",0.63
6033,"30/05/2022","N/A","f",1,"t","Warringah",-33.74572,151.26718,"Entire home/apt",6,2,3,"$347.00",90,365,28,0,0,NA,"f",NA
2747,"12/03/2014","within an hour","t",3,"t","Lane Cove",-33.81914,151.17333,"Private room",2,1,1,"$63.00",6,280,21,72,1,4.88,"t",0.91
7802,"25/09/2015","N/A","f",2,"t","Leichhardt",-33.85126,151.18643,"Entire home/apt",6,3,2,"$685.00",4,25,29,2,0,4.5,"f",0.11
16344,"30/07/2024","within an hour","f",6,"t","Penrith",-33.74497296,150.6793052,"Entire home/apt",6,1,2,"$186.00",1,1125,22,5,0,5,"t",2.63
4245,"21/09/2015","N/A","f",1,"t","Mosman",-33.82621,151.2316,"Private room",2,1,1,"$99.00",90,1125,29,0,0,NA,"t",NA
5130,"2/02/2014","within an hour","f",1,"t","Rockdale",-33.95711,151.14792,"Entire home/apt",4,1,2,"$134.00",1,730,12,50,0,4.92,"f",0.95
15940,"16/10/2021","within an hour","f",40,"t","Fairfield",-33.87716515,150.9576109,"Private room",2,NA,NA,"",1,85,26,4,0,4,"t",1.09
10963,"11/08/2015","N/A","f",1,"t","Parramatta",-33.7928933,151.0466045,"Entire home/apt",6,NA,3,"",90,365,28,5,0,5,"f",0.3
12511,"27/11/2019","N/A","f",1,"t","Waverley",-33.89146,151.25867,"Entire home/apt",4,NA,2,"",5,180,0,7,0,5,"f",0.81
13068,"9/11/2017","within an hour","",5,"t","Sydney",-33.88608446,151.2130854,"Entire home/apt",3,1,1,"$113.00",1,365,6,38,4,4.66,"f",3.92
7222,"21/11/2020","within an hour","f",1,"t","Randwick",-33.9243025,151.2410053,"Entire home/apt",4,1,2,"$247.00",5,60,29,21,0,4.71,"t",0.74
12734,"14/11/2015","within a few hours","f",1,"t","Warringah",-33.7730297,151.2848358,"Entire home/apt",4,1,2,"$315.00",2,35,5,2,0,5,"f",1.03
14005,"22/08/2012","within an hour","t",19,"t","Sydney",-33.8701,151.22215,"Entire home/apt",6,1.5,2,"$386.00",2,365,6,26,2,4.96,"f",4.29
1626,"13/12/2014","within an hour","t",2,"t","Pittwater",-33.6407,151.31059,"Entire home/apt",4,1,1,"$112.00",1,7,29,348,1,4.77,"f",3.35
598,"28/05/2015","within a day","f",19,"t","Marrickville",-33.89587,151.16924,"Entire home/apt",4,1,1,"$175.00",2,21,23,56,1,4.73,"f",0.47
17937,"20/06/2022","within a few hours","f",32,"t","Sydney",-33.9047,151.20877,"Entire home/apt",4,2,2,"$266.00",7,365,0,0,0,NA,"f",NA
3916,"25/05/2018","N/A","f",1,"t","Ku-Ring-Gai",-33.73753,151.13835,"Private room",4,1.5,1,"$94.00",90,320,28,3,0,4.33,"f",0.04
7500,"1/07/2016","within an hour","t",6,"t","Sydney",-33.87631947,151.2235617,"Entire home/apt",2,1,1,"$169.00",1,90,9,239,4,4.76,"t",7.99
9502,"8/04/2020","within an hour","f",180,"t","Waverley",-33.88804,151.2735261,"Entire home/apt",2,1,0,"$171.00",2,365,0,23,1,4.48,"f",1.28
17216,"25/08/2019","within an hour","f",169,"t","Sydney",-33.8839607,151.2084766,"Private room",2,1,1,"$115.00",2,365,29,2,0,2,"f",1.07
13409,"18/09/2019","within an hour","f",11,"t","Warringah",-33.76938,151.21027,"Entire home/apt",13,NA,5,"",2,1125,0,5,0,5,"t",0.55
2725,"16/03/2012","within an hour","t",14,"t","Sydney",-33.88761,151.20052,"Entire home/apt",2,NA,NA,"",5,1125,0,114,0,4.91,"f",1.5
11867,"4/06/2014","within a day","f",0,"t","Manly",-33.80300501,151.2888778,"Entire home/apt",6,2.5,3,"$526.00",4,365,0,0,0,NA,"f",NA
16366,"30/07/2024","within an hour","f",6,"t","Penrith",-33.74302124,150.6795686,"Entire home/apt",4,1,2,"$175.00",1,1125,18,0,0,NA,"t",NA
8067,"13/08/2018","within an hour","f",57,"t","Sydney",-33.88016,151.204,"Entire home/apt",4,1,0,"$111.00",1,365,10,85,4,4.51,"f",3.01
1117,"25/12/2013","within an hour","t",7,"t","Sydney",-33.87611,151.227,"Entire home/apt",2,1,1,"$125.00",2,1125,28,191,0,4.68,"f",1.68
1549,"18/03/2015","within a few hours","t",3,"t","Waverley",-33.89121,151.26089,"Entire home/apt",8,2.5,3,"$442.00",2,1125,17,204,0,4.95,"f",2
7094,"19/01/2022","within an hour","t",42,"t","Ryde",-33.7888428,151.0828287,"Entire home/apt",5,1,2,"$170.00",28,365,24,4,0,4.75,"f",0.14
1110,"2/11/2015","within an hour","f",4,"t","Marrickville",-33.92807,151.16093,"Entire home/apt",5,NA,3,"",2,7,0,23,0,4.43,"f",0.2
13203,"10/12/2014","within an hour","f",26,"f","Strathfield",-33.8673,151.08767,"Entire home/apt",6,1,2,"$226.00",5,365,29,4,0,3.25,"f",0.48
3358,"29/01/2019","within an hour","t",4,"t","Randwick",-33.91935,151.24107,"Hotel room",1,1,0,"$164.00",1,1125,18,55,2,4.58,"t",0.72
11011,"11/01/2020","within an hour","t",45,"t","Willoughby",-33.7952974,151.1879846,"Entire home/apt",4,2,2,"$384.00",4,365,17,14,0,5,"f",0.85
17912,"2/06/2023","within an hour","f",31,"t","Botany Bay",-33.9284519,151.1878114,"Entire home/apt",4,1,2,"$140.00",7,365,23,0,0,NA,"f",NA
10987,"26/04/2010","within an hour","f",51,"t","Waverley",-33.8908,151.2673,"Entire home/apt",9,3,4,"$1,009.00",14,365,0,0,0,NA,"f",NA
10827,"14/04/2023","within an hour","f",81,"t","Sydney",-33.87802763,151.2021945,"Entire home/apt",3,1,1,"$121.00",1,365,14,57,0,4.77,"t",3.43
1721,"21/08/2015","within a few hours","t",1,"t","Sutherland Shire",-34.04976,151.13003,"Entire home/apt",2,1,1,"$126.00",1,1125,27,185,0,4.89,"f",1.89
1069,"12/03/2014","within an hour","t",3,"t","Lane Cove",-33.81911,151.17363,"Private room",2,1,1,"$73.00",6,180,4,305,0,4.9,"t",2.67
14054,"12/04/2019","within an hour","f",63,"t","Campbelltown",-33.9819927,150.9001479,"Private room",2,NA,NA,"",3,89,21,4,0,3.5,"f",0.54
12062,"12/08/2012","within a few hours","f",1,"t","Waverley",-33.903,151.26351,"Entire home/apt",8,4.5,4,"$1,500.00",7,365,19,0,0,NA,"f",NA
4139,"26/08/2016","within an hour","t",24,"t","Sydney",-33.87907,151.20961,"Entire home/apt",2,1,1,"$338.00",1,1125,28,2,0,4.5,"f",0.04
16166,"30/04/2023","within an hour","f",1,"t","Sydney",-33.88976,151.20744,"Entire home/apt",2,1,1,"$144.00",1,365,7,5,0,4.8,"f",2.24
16022,"6/02/2025","within an hour","f",19,"t","Ryde",-33.7862841,151.1268374,"Private room",6,2,2,"$372.00",1,90,29,0,0,NA,"t",NA
13593,"6/11/2016","within an hour","f",35,"t","Fairfield",-33.86287,150.95573,"Entire home/apt",2,1,1,"$105.00",1,365,24,12,1,4.33,"f",1.58
13935,"8/09/2017","within an hour","f",11,"t","Ashfield",-33.89319573,151.1391967,"Entire home/apt",2,1,1,"$111.00",1,365,5,14,2,4.21,"f",1.65
14791,"2/11/2024","within an hour","t",1,"t","North Sydney",-33.83104,151.21539,"Entire home/apt",3,1,1,"$111.00",1,365,5,29,4,4.86,"t",4.7
12251,"3/01/2017","within an hour","t",37,"t","North Sydney",-33.8396378,151.2250208,"Entire home/apt",4,1,1,"$126.00",1,365,11,69,4,4.94,"t",5.69
3289,"29/05/2015","within an hour","f",9,"t","Sydney",-33.8698,151.2256,"Hotel room",4,1,1,"$304.00",1,1125,29,70,0,4.66,"t",0.99
6604,"18/08/2022","within an hour","f",10,"t","Waverley",-33.89696,151.26061,"Entire home/apt",4,1,2,"$228.00",2,120,0,38,1,4.71,"f",1.16
3873,"26/08/2016","within an hour","t",24,"t","Sydney",-33.87907,151.20961,"Entire home/apt",5,2,2,"$513.00",1,1125,29,32,1,4.91,"f",0.5
9184,"5/12/2017","N/A","f",1,"t","Liverpool",-33.96053,150.86388,"Entire home/apt",4,1,2,"$150.00",2,60,0,50,0,4.84,"f",2.13
8075,"21/05/2017","within an hour","f",1,"t","Warringah",-33.75713784,151.2952927,"Entire home/apt",4,1,2,"$280.00",2,20,10,28,0,4.61,"f",1.1
10067,"15/07/2018","N/A","f",1,"f","Hornsby",-33.67076,151.09538,"Private room",2,NA,NA,"",90,365,28,1,0,5,"f",0.06
18183,"17/11/2023","within a few hours","f",40,"t","Sydney",-33.91296,151.21155,"Entire home/apt",4,1,1,"$121.00",5,365,12,0,0,NA,"f",NA
16522,"11/12/2023","N/A","f",1,"t","Fairfield",-33.85930189,150.9329825,"Entire home/apt",6,NA,4,"",1,365,29,0,0,NA,"f",NA
4244,"3/10/2019","a few days or more","f",1,"t","Ryde",-33.79679,151.08837,"Private room",2,NA,NA,"",90,1125,28,1,0,5,"f",0.02
11202,"23/07/2014","within an hour","t",2,"t","Ku-Ring-Gai",-33.73017813,151.1055038,"Entire home/apt",6,1,2,"$183.00",5,365,29,7,0,5,"f",0.47
12443,"24/10/2011","within an hour","t",75,"t","Manly",-33.7986594,151.2839534,"Entire home/apt",2,1,1,"$240.00",3,365,5,19,0,4.84,"t",1.89
8968,"12/11/2018","within an hour","f",8,"t","Waverley",-33.89399,151.26401,"Entire home/apt",2,1,1,"$185.00",5,365,0,36,0,4.78,"t",1.83
12512,"26/08/2016","within an hour","f",78,"t","Ashfield",-33.89222,151.13121,"Entire home/apt",3,1,0,"$143.00",90,365,19,32,5,4.81,"t",2.57
15930,"20/10/2015","within an hour","f",1,"t","Hornsby",-33.7062246,151.0932987,"Entire home/apt",2,NA,1,"",3,365,0,2,0,5,"f",0.61
9746,"10/07/2013","within an hour","f",244,"t","Waverley",-33.88872471,151.2828689,"Entire home/apt",4,1,2,"$315.00",1,1125,0,5,0,4.4,"t",0.25
5975,"4/04/2022","within an hour","f",1,"t","Randwick",-33.91837,151.25901,"Entire home/apt",3,1,2,"$188.00",4,365,17,70,0,4.71,"f",1.86
12624,"4/04/2023","within an hour","f",23,"t","Rockdale",-33.93091,151.15079,"Entire home/apt",5,1,2,"$198.00",1,365,11,17,0,4.82,"f",1.48
12898,"3/01/2017","within an hour","t",37,"t","Sydney",-33.87836931,151.2078119,"Entire home/apt",4,1,1,"$121.00",1,365,13,34,2,4.88,"t",3.59
5469,"28/11/2015","within an hour","f",1,"t","Manly",-33.79573,151.28557,"Entire home/apt",4,1,1,"$210.00",2,365,16,145,0,4.87,"t",3.37
4643,"19/10/2015","within an hour","t",11,"t","Warringah",-33.72442,151.29969,"Entire home/apt",6,1,2,"$240.00",3,1080,18,29,1,4.93,"t",0.69
10414,"15/10/2017","N/A","f",1,"f","Waverley",-33.8929341,151.2527614,"Entire home/apt",3,NA,1,"",90,365,0,5,0,3.2,"t",0.28
7790,"24/07/2012","within a few hours","t",126,"t","Sydney",-33.87696,151.21641,"Entire home/apt",2,1,1,"$423.00",1,1125,26,7,0,4.86,"f",0.25
10724,"5/11/2019","within an hour","f",8,"t","Parramatta",-33.84212659,150.9925175,"Private room",2,NA,NA,"",2,365,0,0,0,NA,"f",NA
17722,"1/05/2025","within a few hours","f",3,"t","Sydney",-33.87746636,151.2143456,"Entire home/apt",5,1.5,3,"$285.00",2,90,5,0,0,NA,"f",NA
78,"30/09/2011","within an hour","t",2,"t","Sydney",-33.90269,151.20162,"Entire home/apt",2,1.5,1,"$186.00",3,35,21,136,1,4.87,"f",0.83
9597,"11/10/2019","within an hour","f",138,"t","Auburn",-33.82995687,151.0728644,"Entire home/apt",4,2,2,"$200.00",2,365,23,18,0,4.67,"f",0.88
9575,"1/07/2015","within an hour","t",40,"t","Auburn",-33.8243299,151.0795747,"Entire home/apt",5,2,2,"$187.00",4,365,25,5,0,5,"f",0.31
12551,"22/09/2015","within a few hours","f",37,"t","Sydney",-33.88414056,151.1783402,"Entire home/apt",5,2,2,"$213.00",2,365,29,8,1,4.25,"f",1.08
6079,"21/07/2011","N/A","t",1,"t","Waverley",-33.90374,151.26758,"Private room",2,1,1,"$220.00",2,365,12,38,0,4.97,"f",1.24
5695,"26/09/2017","N/A","f",1,"f","Pittwater",-33.63834,151.33022,"Entire home/apt",2,NA,1,"",90,90,0,32,0,4.69,"f",0.76
9905,"13/08/2018","within an hour","f",57,"t","Sydney",-33.87947,151.20643,"Entire home/apt",3,2,1,"$180.00",1,365,10,37,0,4.49,"f",1.87
13133,"5/01/2023","within an hour","f",50,"t","Randwick",-33.9082943,151.2238872,"Private room",2,1,1,"$82.00",1,89,21,14,2,4.14,"f",1.37
12492,"11/11/2013","within an hour","t",10,"t","North Sydney",-33.84869818,151.2148064,"Entire home/apt",4,1,2,"$261.00",1,365,5,65,2,4.91,"f",5.49
13520,"1/09/2024","N/A","f",44,"t","North Sydney",-33.8227395,151.1962312,"Entire home/apt",3,1,1,"$200.00",90,1125,6,3,0,4.33,"t",0.33
11523,"31/01/2016","within an hour","t",48,"t","Woollahra",-33.8589874,151.2773303,"Entire home/apt",6,1,3,"$471.00",90,730,29,0,0,NA,"t",NA
11434,"16/11/2012","within an hour","t",2,"t","North Sydney",-33.84725249,151.2043708,"Entire home/apt",2,1,1,"$336.00",6,365,26,6,0,5,"f",0.54
13446,"7/09/2024","a few days or more","f",1,"t","Canterbury",-33.9201,151.08957,"Private room",2,1,1,"$68.00",1,365,29,1,0,5,"f",0.11
3902,"26/10/2019","N/A","f",1,"t","North Sydney",-33.82915,151.21815,"Entire home/apt",6,1.5,3,"$450.00",90,1125,0,25,0,4.88,"f",0.37
556,"28/05/2015","within a day","f",19,"t","Marrickville",-33.89443,151.16908,"Entire home/apt",2,1,1,"$171.00",2,21,16,57,0,4.61,"f",0.47
6478,"2/11/2015","within an hour","f",7,"t","Sydney",-33.9115531,151.2057976,"Entire home/apt",9,3,4,"$323.00",2,365,13,70,3,4.71,"f",2
17665,"29/09/2020","within an hour","f",18,"t","Blacktown",-33.69849,150.89538,"Entire home/apt",10,3.5,5,"$267.00",3,365,19,0,0,NA,"t",NA
12390,"5/03/2017","within a few hours","f",1,"t","Waverley",-33.87674783,151.2771192,"Entire home/apt",4,NA,2,"",90,365,15,1,0,4,"f",0.11
12239,"10/07/2013","within an hour","f",244,"t","Sydney",-33.87137,151.22446,"Entire home/apt",2,1,2,"$220.00",1,1125,0,0,0,NA,"t",NA
9109,"30/12/2019","within an hour","f",4,"t","Camden",-33.96889858,150.8041102,"Entire home/apt",10,3,5,"$186.00",2,1125,12,65,3,4.74,"f",2.83
6331,"1/09/2024","N/A","f",44,"t","North Sydney",-33.82857,151.22828,"Entire home/apt",2,1,1,"$187.00",5,1125,29,6,0,3.67,"t",0.16
2404,"8/05/2017","within an hour","f",8,"t","Liverpool",-33.92758,150.91969,"Entire home/apt",6,2,2,"$147.00",2,90,17,123,2,4.75,"t",1.41
7385,"17/12/2015","N/A","f",1,"t","Randwick",-33.94222,151.23835,"Entire home/apt",2,2,2,"$520.00",90,90,29,0,0,NA,"f",NA
6019,"18/10/2021","within an hour","t",3,"t","Pittwater",-33.62989,151.32086,"Entire home/apt",2,1,1,"$229.00",1,365,11,40,0,4.8,"f",1.22
15272,"24/02/2013","within an hour","t",92,"t","Sydney",-33.87490922,151.2035331,"Entire home/apt",8,2,3,"$406.00",3,365,0,23,2,4.78,"t",4.13
3148,"9/10/2017","N/A","f",1,"t","Botany Bay",-33.94263,151.22354,"Private room",1,1,1,"$140.00",90,1125,29,0,0,NA,"t",NA
6900,"14/06/2018","within an hour","f",3,"t","Hunters Hill",-33.8346002,151.1280087,"Entire home/apt",6,2,3,"$259.00",3,365,0,17,0,4.82,"f",0.53
1773,"5/10/2015","within an hour","t",3,"t","Randwick",-33.92689,151.25179,"Entire home/apt",3,1,1,"$138.00",2,30,4,99,2,4.9,"t",1.07
7870,"15/02/2023","N/A","f",1,"t","Parramatta",-33.8064261,150.9875752,"Private room",2,1,1,"$60.00",90,365,29,39,0,4.67,"f",1.42
15392,"25/08/2019","within an hour","f",169,"t","Auburn",-33.86951,151.03622,"Private room",2,1,1,"$57.00",1,89,23,1,0,5,"f",0.28
2295,"1/10/2014","within an hour","t",3,"t","Warringah",-33.75404,151.28361,"Entire home/apt",2,1,1,"$142.00",3,120,6,245,1,4.9,"f",2.86
16095,"14/04/2023","within an hour","f",81,"t","Botany Bay",-33.92025415,151.186361,"Entire home/apt",6,2,3,"$687.00",1,365,29,8,0,4.38,"f",1.89
10446,"16/11/2021","N/A","f",1,"t","Manly",-33.79588281,151.265907,"Entire home/apt",4,NA,2,"",14,21,0,1,0,5,"f",0.06
7759,"31/08/2017","within an hour","f",54,"t","Sydney",-33.86160321,151.2067033,"Entire home/apt",2,1,1,"$300.00",19,1125,6,15,2,4.73,"t",0.5
7911,"4/02/2013","within a few hours","f",1,"t","Waverley",-33.88948,151.26741,"Entire home/apt",4,NA,2,"",90,365,0,5,0,5,"f",0.2
4896,"11/10/2019","within an hour","f",138,"t","Auburn",-33.82313,151.07932,"Entire home/apt",4,2,2,"$303.00",2,1125,30,22,0,4.45,"f",0.43
4867,"24/07/2019","N/A","f",912,"t","Marrickville",-33.89692688,151.1463928,"Entire home/apt",2,1,0,"$142.00",3,365,26,68,0,4.56,"t",1.22
17572,"","","t",NA,"","Sydney",-33.90800479,151.211783,"Entire home/apt",2,1,1,"$97.00",2,90,5,0,0,NA,"t",NA
10592,"31/08/2017","within an hour","f",54,"t","Parramatta",-33.8148372,151.0012464,"Entire home/apt",2,NA,1,"",90,365,0,3,0,3.33,"t",0.19
8514,"24/10/2016","within an hour","f",72,"t","Sydney",-33.8787064,151.2207818,"Entire home/apt",2,1,1,"$191.00",2,90,9,73,2,4.71,"t",2.88
12739,"28/02/2024","within an hour","f",4,"t","Sydney",-33.9020389,151.2053384,"Entire home/apt",4,1,2,"$203.00",2,365,3,36,3,4.69,"t",3.17
4257,"16/07/2014","N/A","f",1,"t","Waverley",-33.88379,151.2827,"Entire home/apt",4,1.5,2,"$500.00",90,1125,28,0,0,NA,"f",NA
2372,"15/12/2014","a few days or more","f",2,"t","Waverley",-33.89833,151.26092,"Entire home/apt",4,1,2,"$157.00",90,1125,28,2,0,4,"t",0.03
9684,"8/08/2022","within an hour","t",20,"t","Liverpool",-33.916103,150.922108,"Entire home/apt",8,2,3,"$260.00",5,365,27,55,0,4.76,"t",2.56
18119,"17/11/2023","within a few hours","f",40,"t","Sydney",-33.89959449,151.2145224,"Entire home/apt",4,1.5,2,"$157.00",5,365,12,0,0,NA,"f",NA
12057,"30/04/2024","within an hour","f",4,"t","Pittwater",-33.64471861,151.2856626,"Private room",2,1,1,"$308.00",1,365,16,0,0,NA,"t",NA
8002,"11/12/2016","N/A","f",1,"t","Leichhardt",-33.87944,151.15419,"Entire home/apt",4,2.5,2,"$600.00",90,365,29,47,0,4.66,"t",1.63
2816,"18/12/2011","within an hour","t",2,"t","Sydney",-33.90491,151.20812,"Private room",2,1,1,"$109.00",3,1125,5,121,0,4.64,"t",1.42
11722,"14/03/2018","within an hour","f",44,"t","Randwick",-33.90929255,151.2584381,"Entire home/apt",4,NA,2,"",90,365,0,4,0,4.75,"f",0.31
17258,"11/07/2021","within an hour","t",28,"t","Sydney",-33.87849242,151.2241409,"Entire home/apt",9,2,2,"$396.00",2,1125,8,0,0,NA,"f",NA
14898,"26/11/2023","within an hour","t",43,"t","Sydney",-33.8574,151.20668,"Entire home/apt",6,2,2,"$205.00",1,365,7,31,4,4.87,"t",4.84
5845,"27/05/2019","N/A","f",1,"t","Marrickville",-33.91251,151.15433,"Entire home/apt",2,NA,1,"",90,1125,0,44,0,4.84,"f",1.2
8942,"25/04/2019","within an hour","t",68,"t","Sydney",-33.8897845,151.2109272,"Entire home/apt",2,1,0,"$176.00",3,365,26,55,1,4.8,"f",2.37
7013,"20/07/2015","N/A","f",1,"t","The Hills Shire",-33.79747,151.01752,"Entire home/apt",7,3,3,"$1,999.00",15,366,28,4,0,5,"f",0.18
16706,"1/07/2024","within an hour","",14,"t","Waverley",-33.8968204,151.2690916,"Entire home/apt",3,1,1,"$314.00",1,365,0,0,0,NA,"t",NA
11451,"29/06/2016","within an hour","t",2,"t","Auburn",-33.8342,151.05764,"Private room",2,1,1,"$134.00",1,90,0,29,0,5,"f",1.81
4015,"9/02/2014","within an hour","f",2,"t","Pittwater",-33.60481,151.32952,"Entire home/apt",8,2,4,"$1,080.00",7,60,4,5,0,5,"f",0.12
243,"12/04/2014","within an hour","t",5,"t","Sydney",-33.87278,151.21938,"Entire home/apt",6,2.5,3,"$718.00",3,100,7,235,2,4.85,"t",2.04
10134,"20/09/2015","N/A","f",1,"t","Waverley",-33.8895754,151.2674062,"Entire home/apt",4,NA,2,"",7,365,0,4,0,5,"f",0.23
13434,"27/08/2024","within an hour","t",6,"t","Ryde",-33.77986786,151.1142488,"Entire home/apt",5,NA,2,"",90,365,0,8,0,4.88,"f",0.89
647,"23/06/2015","within an hour","t",1,"t","Hornsby",-33.66463,151.0906,"Entire home/apt",4,1.5,1,"$99.00",3,150,20,143,2,4.8,"f",1.21
2223,"20/10/2016","within an hour","t",1,"t","Manly",-33.78481,151.28122,"Entire home/apt",2,1,1,"$149.00",3,60,0,155,1,4.9,"f",1.72
2090,"5/01/2018","N/A","f",1,"f","Waverley",-33.88891,151.28262,"Entire home/apt",2,NA,1,"",90,1125,0,44,0,4.73,"f",0.5
4992,"24/07/2019","N/A","f",912,"t","Willoughby",-33.7966,151.17938,"Entire home/apt",3,1,1,"$163.00",3,365,4,52,0,4.23,"t",0.93
6766,"12/05/2015","within an hour","t",1,"t","Warringah",-33.77689,151.29068,"Entire home/apt",2,1,1,"$238.00",4,1125,23,32,0,5,"t",1.08
2067,"22/07/2012","within an hour","t",3,"t","Sydney",-33.88959,151.20811,"Entire home/apt",4,1,2,"$297.00",3,1125,11,268,2,4.71,"t",2.95
734,"25/07/2015","within an hour","t",1,"t","Penrith",-33.8601,150.80995,"Entire home/apt",15,4,4,"$1,683.00",1,60,21,17,0,4.53,"f",0.21
17725,"16/12/2014","within a day","f",7,"t","Sydney",-33.88311,151.19638,"Entire home/apt",2,1,1,"$133.00",5,365,28,0,0,NA,"t",NA
15534,"31/05/2020","within an hour","f",1,"t","Sutherland Shire",-34.01571,151.12449,"Entire home/apt",8,3,4,"$407.00",2,365,4,6,0,5,"f",1.26
493,"29/08/2014","a few days or more","f",3,"t","Sydney",-33.87738,151.21124,"Entire home/apt",4,1,0,"$132.00",3,1125,14,163,0,4.74,"f",1.26
17292,"24/03/2025","within an hour","f",1,"t","Warringah",-33.768489,151.2572677,"Entire home/apt",4,1,2,"$182.00",2,28,22,4,2,4.75,"f",2.07
17938,"20/06/2022","within a few hours","f",32,"t","Sydney",-33.88186,151.19853,"Entire home/apt",2,1,1,"$176.00",7,365,29,0,0,NA,"f",NA
14539,"8/07/2016","a few days or more","f",1,"t","Marrickville",-33.91292,151.15858,"Entire home/apt",2,1,1,"$108.00",2,365,14,4,0,4.75,"f",0.63
15015,"20/11/2020","within an hour","t",2,"t","Woollahra",-33.87125885,151.2642381,"Private room",1,1,1,"$135.00",1,365,0,4,0,4.75,"f",0.86
2032,"2/03/2014","N/A","f",2,"t","Hurstville",-33.95402,151.07052,"Private room",2,1,1,"$95.00",90,1125,29,1,0,5,"t",0.01
12401,"16/06/2021","within an hour","f",57,"t","Rockdale",-33.95547,151.13944,"Entire home/apt",2,NA,1,"",2,90,0,11,0,4.64,"f",1.1
5314,"16/04/2019","within an hour","t",21,"t","Penrith",-33.76473,150.79274,"Entire home/apt",2,1,0,"$152.00",2,1125,8,66,0,4.86,"f",1.35
9011,"9/09/2017","within an hour","t",17,"t","Sydney",-33.88537439,151.2121434,"Entire home/apt",2,1,0,"$135.00",1,1125,20,193,4,4.75,"f",7.99
17396,"26/04/2025","within an hour","f",1,"t","Rockdale",-33.99253053,151.1459988,"Entire home/apt",2,1,1,"$100.00",2,50,22,5,4,5,"f",3.75
14776,"12/01/2023","within an hour","t",5,"t","Sydney",-33.87967,151.20706,"Private room",2,1,1,"$208.00",2,365,14,12,2,4.75,"t",2.86
5043,"23/04/2021","within an hour","t",1,"t","Pittwater",-33.65262,151.27982,"Entire home/apt",8,2.5,3,"$706.00",2,28,22,143,1,4.98,"f",2.92
3571,"20/05/2016","within an hour","t",13,"t","The Hills Shire",-33.78999,151.00216,"Private room",1,1,1,"$107.00",90,365,29,7,0,4.71,"t",0.1
12800,"22/01/2020","within an hour","f",12,"t","Sutherland Shire",-34.0588245,151.1519961,"Entire home/apt",2,1,1,"$100.00",2,26,1,8,0,4.63,"t",0.82
3374,"30/01/2019","within an hour","t",1,"t","Pittwater",-33.66252,151.2999,"Entire home/apt",2,1,0,"$140.00",2,14,7,156,2,4.99,"t",2.03
8266,"24/07/2015","within an hour","f",22,"t","Randwick",-33.9241412,151.2271673,"Private room",1,1,1,"$66.00",2,365,22,11,0,4.73,"f",0.45
1634,"3/05/2013","within a few hours","f",2,"t","Woollahra",-33.88754,151.2376,"Entire home/apt",6,2,3,"$600.00",4,1125,23,20,1,5,"f",0.22
2972,"1/03/2017","N/A","f",1,"f","Warringah",-33.7595,151.25338,"Entire home/apt",5,2,3,"$751.00",90,1125,28,2,0,4,"f",0.07
15979,"14/04/2023","within an hour","f",81,"t","Sydney",-33.90499333,151.2084229,"Entire home/apt",4,2,2,"$115.00",1,365,13,9,4,4.22,"t",1.93
12012,"24/07/2012","within a few hours","t",126,"t","Pittwater",-33.60140273,151.3301402,"Entire home/apt",10,3.5,5,"$1,801.00",1,1125,4,2,0,5,"f",0.42
4141,"1/08/2019","within a day","f",10,"t","Randwick",-33.91321,151.26189,"Entire home/apt",8,4,4,"$3,580.00",7,1125,22,0,0,NA,"f",NA
224,"15/04/2014","within an hour","t",2,"t","Waverley",-33.88675,151.27326,"Entire home/apt",2,1,1,"$144.00",3,300,22,64,2,4.84,"f",0.47
13237,"15/10/2023","within a day","f",18,"f","Sydney",-33.89039,151.19336,"Private room",1,1.5,1,"$90.00",1,365,28,5,0,5,"f",0.54
14040,"23/10/2024","within an hour","t",1,"t","Bankstown",-33.95675847,151.0117958,"Entire home/apt",4,NA,2,"",1,60,9,19,2,4.95,"t",2.5
17036,"18/11/2013","within an hour","t",11,"t","Sutherland Shire",-34.0645897,151.1535902,"Entire home/apt",4,1.5,1,"$188.00",1,1125,1,1,0,5,"t",0.53
17452,"7/04/2023","within an hour","f",67,"t","Holroyd",-33.84812,150.97036,"Private room",2,2,1,"$50.00",1,365,27,0,0,NA,"t",NA
9024,"23/03/2019","within an hour","t",17,"t","Leichhardt",-33.8872611,151.1681401,"Private room",2,1,1,"$79.00",1,14,6,125,1,4.86,"t",5.43
17599,"11/11/2024","N/A","f",6,"t","Sydney",-33.9078569,151.2104268,"Entire home/apt",4,2,2,"$168.00",7,365,15,0,0,NA,"f",NA
7736,"20/05/2012","within a few hours","t",2,"t","Waverley",-33.8635334,151.2831417,"Entire home/apt",2,1,1,"$333.00",5,90,23,23,0,4.96,"f",1.3
11134,"9/09/2014","within an hour","f",28,"t","Sydney",-33.87203929,151.223236,"Entire home/apt",4,1,1,"$1,400.00",1,1125,13,30,1,4.9,"t",1.97
2883,"11/02/2012","N/A","f",1,"t","Sydney",-33.88069,151.21533,"Entire home/apt",2,NA,1,"",7,14,0,18,0,4.83,"f",0.22
6169,"4/10/2012","N/A","f",2,"t","Sydney",-33.86927,151.19378,"Private room",2,NA,NA,"",2,365,0,23,0,4.96,"t",0.63
3168,"4/01/2019","within an hour","f",3,"t","Woollahra",-33.88781,151.23146,"Entire home/apt",3,1,1,"$185.00",2,1125,11,136,0,4.65,"t",1.79
12422,"23/10/2021","within an hour","t",2,"t","Ku-Ring-Gai",-33.7546616,151.1326466,"Private room",2,1,1,"$78.00",90,365,29,6,0,4.67,"f",0.5
14553,"10/07/2013","within an hour","f",244,"t","Randwick",-33.91555,151.24875,"Entire home/apt",6,2,3,"$581.00",1,1125,18,1,0,5,"t",0.19
17035,"4/12/2018","within an hour","f",3,"t","Liverpool",-33.91458,150.87718,"Entire home/apt",7,1,3,"$108.00",1,365,4,15,5,4.73,"t",6.43
3523,"9/12/2018","within a day","f",11,"t","North Sydney",-33.82917,151.21073,"Hotel room",1,1,1,"$65.00",14,1125,28,32,1,4.59,"f",0.47
10647,"6/01/2015","within an hour","f",27,"t","Botany Bay",-33.92085,151.1860675,"Entire home/apt",4,1,1,"$146.00",2,10,6,104,0,4.73,"f",5.64
10213,"27/04/2016","N/A","f",1,"t","Warringah",-33.78059282,151.2752482,"Entire home/apt",4,1,2,"$225.00",9,365,28,13,0,4.85,"f",0.73
3342,"23/11/2017","N/A","f",1,"t","North Sydney",-33.83366,151.22111,"Entire home/apt",4,NA,2,"",4,21,0,1,0,5,"f",0.18
17284,"22/05/2022","within a day","f",1,"t","Waverley",-33.89347758,151.2723957,"Private room",1,1,1,"$166.00",1,365,0,0,0,NA,"f",NA
8435,"12/05/2014","within an hour","t",1,"t","Warringah",-33.7830351,151.2835934,"Entire home/apt",2,1,1,"$203.00",2,20,19,114,5,4.98,"f",4.65
2286,"13/05/2014","within an hour","",49,"t","Manly",-33.79202271,151.2861176,"Entire home/apt",4,1,1,"$234.00",2,30,29,101,0,4.9,"f",1.14
3312,"18/05/2019","within an hour","t",1,"t","Manly",-33.79844,151.27924,"Entire home/apt",4,1.5,2,"$541.00",3,730,10,60,0,4.98,"f",0.82
754,"16/07/2012","within an hour","",4,"t","Sydney",-33.87454,151.20856,"Entire home/apt",4,1,1,"$277.00",2,365,0,354,0,4.8,"f",3.07
15029,"2/10/2017","within an hour","f",5,"f","Canada Bay",-33.85030523,151.1574865,"Private room",3,1,1,"$82.00",2,100,4,2,0,4.5,"f",0.44
3450,"18/07/2019","within an hour","f",5,"t","Sydney",-33.87618,151.20583,"Hotel room",2,1,1,"$229.00",1,1125,27,53,0,4.42,"t",0.75
14542,"6/05/2020","within a day","f",7,"t","Marrickville",-33.90385,151.14169,"Private room",2,1,0,"$107.00",3,28,29,0,0,NA,"f",NA
14082,"11/12/2016","N/A","f",1,"t","Holroyd",-33.82368,150.92969,"Entire home/apt",8,NA,4,"",5,28,12,0,0,NA,"f",NA
806,"19/09/2015","a few days or more","f",1,"t","Warringah",-33.772,151.28621,"Entire home/apt",8,2,4,"$333.00",90,1125,26,15,0,4.8,"f",0.15
3010,"24/09/2018","within an hour","f",1,"t","Penrith",-33.75212,150.68015,"Entire home/apt",9,0,0,"$360.00",3,150,22,88,1,4.67,"f",1.14
13914,"4/06/2024","within an hour","t",1,"t","Waverley",-33.89245802,151.260989,"Entire home/apt",3,NA,2,"",3,24,0,21,1,5,"f",2.69
6964,"31/10/2021","within an hour","f",2,"t","Fairfield",-33.88294,150.91757,"Private room",2,1,1,"$55.00",1,365,13,18,0,4.22,"t",0.55
2735,"8/10/2017","N/A","f",1,"t","Randwick",-33.9434,151.25501,"Private room",2,NA,NA,"",90,1125,0,1,0,4,"f",0.01
13782,"30/09/2016","within an hour","t",13,"t","Waverley",-33.8914416,151.2733135,"Entire home/apt",4,2,2,"$466.00",2,1125,24,27,1,4.74,"f",3.18
575,"31/05/2015","within an hour","t",1,"t","Marrickville",-33.90715,151.13866,"Entire home/apt",2,1,1,"$139.00",2,365,27,11,0,5,"f",1.98
12026,"21/04/2024","within an hour","t",1,"t","Ku-Ring-Gai",-33.78461478,151.1607624,"Entire home/apt",8,2,3,"$760.00",3,100,1,9,0,4.89,"f",0.65
7506,"17/11/2015","within an hour","t",1,"t","North Sydney",-33.81975366,151.2086246,"Entire home/apt",2,1,1,"$137.00",1,1125,8,179,5,4.91,"f",7.37
8047,"3/07/2020","within an hour","f",1,"t","Waverley",-33.90214,151.25398,"Entire home/apt",2,1.5,1,"$125.00",1,90,18,92,1,4.7,"f",3.5
4401,"9/10/2018","within an hour","f",6,"t","Randwick",-33.91247,151.24608,"Private room",2,1,0,"$266.00",1,365,28,31,0,4.58,"t",0.48
2492,"9/11/2017","N/A","f",1,"f","Penrith",-33.78752,150.68976,"Private room",3,NA,3,"",90,1125,29,0,0,NA,"f",NA
1875,"15/10/2013","within an hour","t",2,"t","Randwick",-33.90984,151.25589,"Entire home/apt",2,1,0,"$170.00",3,500,27,169,0,4.96,"t",1.8
9064,"18/12/2016","within an hour","f",5,"t","Hornsby",-33.71750159,151.0735417,"Entire home/apt",5,1.5,3,"$238.00",1,28,23,25,2,4.88,"f",1.12
8399,"10/04/2016","N/A","f",2,"t","Pittwater",-33.60571,151.3224,"Private room",2,1,1,"$680.00",90,365,22,0,0,NA,"f",NA
13103,"26/11/2016","within an hour","t",1,"t","Pittwater",-33.65921677,151.3089211,"Entire home/apt",6,2,3,"$360.00",2,365,13,15,0,5,"t",1.74
14548,"22/08/2023","within an hour","t",1,"t","Parramatta",-33.81571744,151.0175179,"Entire home/apt",4,2,2,"$165.00",2,365,2,19,1,4.95,"f",3.22
17590,"24/03/2021","within an hour","f",3,"t","Sydney",-33.86926,151.22186,"Entire home/apt",3,1,1,"$225.00",3,365,11,0,0,NA,"f",NA
9878,"4/10/2023","within an hour","t",1,"t","Sydney",-33.8698606,151.2258031,"Entire home/apt",2,1,1,"$145.00",1,730,6,116,3,4.83,"f",5.73
16822,"24/02/2013","within an hour","t",92,"t","Sydney",-33.87998,151.22145,"Entire home/apt",4,1,1,"$160.00",2,365,16,1,0,5,"t",0.83
5965,"4/02/2018","within a few hours","t",1,"t","Manly",-33.79398346,151.2866211,"Entire home/apt",2,1,1,"$350.00",4,180,3,59,1,5,"f",1.49
12850,"15/10/2023","within a day","f",18,"f","Sydney",-33.89017289,151.1943176,"Private room",1,1,1,"$81.00",1,365,28,6,1,4.33,"f",0.69
1090,"25/02/2016","within an hour","t",3,"t","Sydney",-33.88221,151.18242,"Private room",1,1.5,1,"$90.00",1,1125,4,756,12,4.91,"f",6.79
5349,"4/06/2014","within a day","f",0,"t","Mosman",-33.81433,151.24695,"Entire home/apt",8,NA,4,"",90,1125,0,0,0,NA,"f",NA
17823,"18/10/2024","within a few hours","f",8,"t","Sydney",-33.88515,151.17913,"Entire home/apt",2,1,1,"$129.00",5,365,18,0,0,NA,"f",NA
1366,"20/03/2015","N/A","f",1,"t","Mosman",-33.82335,151.2327,"Entire home/apt",4,1,3,"$812.00",90,1125,22,0,0,NA,"f",NA
16512,"7/03/2024","within an hour","t",31,"t","Sydney",-33.87007,151.20814,"Entire home/apt",6,2,2,"$301.00",1,365,7,23,10,4.96,"f",6.7
2116,"27/10/2017","N/A","t",1,"t","Lane Cove",-33.82665,151.17443,"Entire home/apt",2,1,1,"$154.00",7,1125,0,37,0,4.76,"f",0.4
8756,"3/07/2023","within an hour","f",11,"t","Auburn",-33.84748994,151.0390318,"Entire home/apt",4,2,2,"$128.00",1,365,22,76,1,4.61,"f",3.38
5664,"12/12/2021","within an hour","t",1,"t","Marrickville",-33.89694,151.15083,"Entire home/apt",3,1,1,"$144.00",2,65,8,59,3,4.88,"f",1.43
11218,"2/03/2020","within an hour","t",13,"t","Sydney",-33.88454021,151.1966264,"Entire home/apt",5,1,1,"$183.00",1,365,20,21,1,4.95,"t",1.29
257,"20/03/2013","N/A","f",1,"t","Waverley",-33.88963,151.26856,"Entire home/apt",7,NA,3,"",2,14,0,19,0,5,"f",0.15
15008,"8/10/2015","within an hour","f",2,"t","Randwick",-33.9606845,151.2341905,"Private room",2,1,1,"$41.00",1,365,24,0,0,NA,"f",NA
2375,"9/06/2015","N/A","f",1,"t","Rockdale",-33.99855,151.1366,"Entire home/apt",6,1.5,3,"$665.00",90,1125,0,2,0,4.5,"f",0.02
9273,"11/12/2011","within an hour","f",7,"t","Sydney",-33.87302897,151.2225611,"Private room",3,4,1,"$161.00",1,365,29,7,0,3.57,"t",0.37
18073,"26/08/2012","within a few hours","t",8,"t","Canada Bay",-33.84253,151.10554,"Private room",2,2,2,"$231.00",1,7,28,0,0,NA,"f",NA
15964,"27/02/2016","within an hour","f",5,"t","Hornsby",-33.60263,151.11957,"Entire home/apt",2,1,1,"$617.00",2,14,29,0,0,NA,"t",NA
16729,"16/06/2021","within an hour","f",57,"t","Marrickville",-33.89984996,151.1698883,"Entire home/apt",4,1,2,"$132.00",2,365,6,3,2,4.33,"f",1.91
14658,"30/12/2019","within a few hours","t",2,"t","North Sydney",-33.84251252,151.2063203,"Private room",1,1,1,"$104.00",3,30,2,29,6,4.97,"f",5.69
10231,"10/07/2013","within an hour","f",244,"t","Sydney",-33.87016,151.21989,"Entire home/apt",6,2.5,3,"$580.00",1,1125,9,36,1,4.83,"t",1.87
6369,"19/11/2010","N/A","f",1,"t","Woollahra",-33.86999268,151.2380967,"Private room",2,1,1,"$181.00",2,21,0,26,0,4.81,"f",0.92
6961,"5/05/2016","within an hour","f",26,"t","Sydney",-33.90492,151.18061,"Entire home/apt",2,1,0,"$145.00",3,365,26,23,0,4.43,"t",0.71
4493,"30/05/2016","N/A","f",1,"t","North Sydney",-33.83505,151.20751,"Entire home/apt",4,1,1,"$170.00",90,365,28,0,0,NA,"t",NA
13266,"13/01/2025","N/A","f",57,"t","North Sydney",-33.8490337,151.2149929,"Entire home/apt",4,1,2,"$190.00",1,365,14,46,3,4.67,"f",4.57
9085,"15/03/2021","within a few hours","",8,"t","Sydney",-33.87279288,151.2171041,"Private room",2,1,1,"$157.00",3,28,21,29,0,4.97,"f",1.21
9170,"11/04/2015","within a few hours","t",2,"t","Warringah",-33.77114752,151.2846049,"Entire home/apt",9,3.5,4,"$950.00",7,365,0,1,0,5,"f",0.05
9450,"17/09/2023","within an hour","t",1,"t","Hurstville",-33.95518173,151.0503268,"Entire home/apt",4,2,2,"$213.00",2,365,0,74,1,4.91,"f",3.89
16103,"29/09/2020","within an hour","f",18,"t","Blacktown",-33.68362802,150.8954237,"Entire home/apt",10,NA,5,"",3,365,26,3,0,4.33,"t",0.9
273,"24/10/2013","within an hour","f",1,"t","Sydney",-33.87326,151.22206,"Entire home/apt",4,1,1,"$144.00",1,1125,20,47,0,4.6,"f",0.35
7763,"8/12/2013","within an hour","t",1,"t","Randwick",-33.95233,151.25073,"Entire home/apt",4,1,2,"$162.00",5,365,14,49,2,4.88,"f",1.73
945,"31/05/2015","within an hour","f",1,"t","North Sydney",-33.82264,151.21752,"Entire home/apt",2,1,1,"$165.00",2,90,19,178,0,4.88,"f",1.51
6010,"21/03/2021","within a few hours","t",1,"t","Manly",-33.7978,151.28283,"Entire home/apt",6,2,3,"$960.00",3,45,28,46,0,4.93,"f",1.14
2788,"12/04/2017","within an hour","f",14,"t","Sydney",-33.88256,151.19594,"Private room",3,1,1,"$198.00",1,90,22,429,2,4.81,"t",5.31
15870,"4/12/2024","within a few hours","f",53,"t","Botany Bay",-33.92458,151.18798,"Entire home/apt",2,1,1,"$226.00",7,40,0,0,0,NA,"f",NA
8812,"10/12/2011","within an hour","t",1,"f","Leichhardt",-33.88189936,151.1655244,"Entire home/apt",4,NA,2,"",2,1125,1,22,0,4.86,"f",0.92
17517,"26/01/2017","within an hour","f",4,"t","Willoughby",-33.7973137,151.1824036,"Entire home/apt",7,2,3,"$244.00",2,365,16,1,1,5,"t",1
9572,"30/10/2019","N/A","f",1,"t","Waverley",-33.8880673,151.2789924,"Entire home/apt",4,1,2,"$188.00",5,365,0,1,0,5,"f",0.06
7390,"4/06/2016","within an hour","t",1,"t","Willoughby",-33.7963132,151.1798881,"Entire home/apt",2,1,1,"$113.00",1,180,11,104,3,4.88,"f",3.36
3381,"24/02/2015","within an hour","f",7,"t","Liverpool",-33.94665527,150.8552551,"Entire home/apt",10,NA,5,"",3,730,28,23,1,4.96,"f",0.31
5219,"25/11/2020","within an hour","f",45,"t","Waverley",-33.889259,151.275742,"Entire home/apt",6,2.5,3,"$851.00",3,365,16,20,0,5,"t",0.41
17926,"4/06/2014","within a day","f",0,"t","Manly",-33.80629,151.28488,"Entire home/apt",8,2,4,"$952.00",7,365,29,0,0,NA,"t",NA
4974,"2/03/2020","within a few hours","f",5,"f","Warringah",-33.76452,151.30024,"Entire home/apt",11,4,4,"$1,100.00",5,1125,0,7,0,5,"f",0.17
32,"1/05/2011","within a day","f",2,"t","Pittwater",-33.64793,151.31775,"Entire home/apt",4,2,2,"$308.00",14,28,16,21,0,5,"f",0.2
6837,"16/01/2019","within an hour","f",1,"t","Canterbury",-33.92870905,151.0942714,"Entire home/apt",4,1,2,"$165.00",2,1125,11,13,0,4.92,"f",0.72
9899,"16/04/2019","within an hour","t",21,"t","Mosman",-33.82255715,151.2431987,"Entire home/apt",6,1,2,"$187.00",2,365,14,33,0,4.94,"f",1.63
11294,"24/07/2019","N/A","f",912,"t","Marrickville",-33.89856,151.1447704,"Entire home/apt",2,1,0,"$138.00",3,365,29,14,1,4.43,"t",0.89
8792,"3/07/2023","within an hour","f",11,"t","Auburn",-33.84739,151.0395,"Entire home/apt",2,1,1,"$160.00",1,365,12,61,0,4.62,"f",2.69
9186,"22/09/2015","within a few hours","f",37,"t","Auburn",-33.8503,151.07388,"Entire home/apt",5,2,2,"$327.00",1,365,28,21,0,4.95,"f",0.97
2114,"2/10/2017","within an hour","t",1,"t","Strathfield",-33.877,151.08829,"Entire home/apt",2,1,1,"$90.00",7,60,2,114,1,4.78,"t",1.24
10625,"24/06/2015","within a few hours","f",1,"t","Woollahra",-33.88312606,151.2265369,"Entire home/apt",6,1.5,3,"$978.00",10,365,22,2,0,5,"f",0.13
7757,"12/10/2015","within an hour","f",4,"t","The Hills Shire",-33.68942768,150.9606698,"Private room",2,1,1,"$66.00",1,200,27,22,0,4.5,"f",0.76
5093,"30/08/2013","within a few hours","t",1,"t","North Sydney",-33.83982,151.20247,"Entire home/apt",2,1,1,"$211.00",2,65,8,251,1,4.97,"f",5.03
5526,"24/02/2013","within an hour","t",92,"t","Ku-Ring-Gai",-33.75225,151.18302,"Entire home/apt",6,1,2,"$153.00",2,365,2,79,1,4.57,"t",1.78
14473,"20/01/2014","within an hour","t",1,"t","Sydney",-33.8738292,151.2191182,"Entire home/apt",4,1,2,"$291.00",2,90,11,17,4,4.88,"f",3.04
9873,"8/01/2014","within an hour","f",1,"t","Leichhardt",-33.88106913,151.1707898,"Entire home/apt",2,1,1,"$300.00",5,35,1,2,0,5,"f",0.11
12329,"6/01/2015","within an hour","f",5,"t","Rockdale",-33.95131,151.14117,"Private room",3,1,1,"$105.00",1,370,16,14,0,4.86,"f",1.16
13906,"12/04/2019","within an hour","f",63,"t","Ku-Ring-Gai",-33.7441908,151.1318771,"Private room",1,1,1,"$37.00",90,365,15,2,0,2.5,"f",0.26
12872,"4/06/2014","within a day","f",0,"t","North Sydney",-33.82088779,151.2292059,"Entire home/apt",6,1,3,"$556.00",7,365,28,3,0,5,"f",0.35
9391,"24/10/2011","within an hour","t",75,"t","Manly",-33.80861986,151.2548159,"Entire home/apt",5,NA,3,"",4,365,0,1,0,5,"f",0.06
15367,"26/06/2017","within an hour","t",2,"t","Sydney",-33.87925,151.21362,"Entire home/apt",4,2,2,"$255.00",2,365,2,2,1,4.5,"f",0.52
12589,"1/07/2024","N/A","f",1,"t","Woollahra",-33.86579,151.27762,"Entire home/apt",2,2.5,1,"$277.00",5,30,0,1,0,4,"f",0.18
8257,"25/04/2019","within an hour","t",68,"t","Sydney",-33.875137,151.226902,"Entire home/apt",2,1,0,"$144.00",2,365,16,54,1,4.8,"f",2.22
6069,"4/06/2014","within a day","f",0,"t","Ku-Ring-Gai",-33.78037,151.19372,"Entire home/apt",8,2,4,"$556.00",7,1125,24,3,0,4.67,"f",0.14
1785,"8/05/2014","within a day","f",1,"t","Woollahra",-33.88494,151.23547,"Private room",4,2,2,"$120.00",90,1125,28,122,0,5,"f",1.23
10865,"28/06/2016","N/A","f",1,"t","Waverley",-33.89476801,151.2728221,"Entire home/apt",2,2,2,"$380.00",90,365,22,0,0,NA,"f",NA
17460,"29/03/2024","within an hour","t",22,"t","Manly",-33.79078,151.28362,"Shared room",1,1,1,"$51.00",1,365,29,0,0,NA,"t",NA
10019,"18/06/2015","within an hour","f",8,"t","Sydney",-33.87942854,151.2100075,"Shared room",1,1,1,"$52.00",1,365,20,65,0,4.52,"t",3.74
9086,"13/01/2025","N/A","f",57,"t","Auburn",-33.825045,151.078987,"Entire home/apt",4,1,1,"$114.00",12,365,5,32,0,4.59,"f",1.34
5240,"20/05/2021","N/A","f",2,"t","Ryde",-33.79491,151.143799,"Entire home/apt",5,2,1,"$236.00",1,365,0,12,0,4.5,"t",0.29
12198,"27/07/2018","within an hour","f",12,"t","Botany Bay",-33.93058269,151.2076414,"Entire home/apt",10,3,3,"$434.00",7,365,16,11,0,4.64,"t",0.92
963,"17/03/2016","within an hour","t",2,"t","Canada Bay",-33.8271,151.08946,"Private room",2,1,1,"$110.00",2,1125,18,55,1,4.96,"f",0.5
15126,"24/11/2023","within an hour","t",3,"t","Bankstown",-33.9153147,151.0234118,"Entire home/apt",4,2,2,"$180.00",1,365,0,0,0,NA,"t",NA
14554,"8/06/2022","a few days or more","f",1,"t","Hurstville",-33.96451335,151.1038702,"Entire home/apt",6,2,3,"$90.00",1,365,0,0,0,NA,"f",NA
1665,"23/04/2014","within an hour","t",1,"t","Pittwater",-33.63384,151.31302,"Entire home/apt",2,1,1,"$180.00",2,365,24,59,1,4.97,"f",0.74
1386,"6/12/2013","a few days or more","f",3,"t","Randwick",-33.91416,151.26567,"Entire home/apt",7,1,2,"$350.00",12,730,0,88,0,4.82,"f",0.84
18174,"18/09/2019","within an hour","f",11,"t","North Sydney",-33.847999,151.2046453,"Entire home/apt",2,1,0,"$300.00",2,90,21,1,1,5,"f",1
2071,"8/06/2017","within a day","f",1,"t","Sydney",-33.86865,151.22472,"Entire home/apt",2,1,1,"$105.00",90,240,29,35,1,4.89,"f",0.37
15785,"4/12/2024","within a few hours","f",53,"t","Sydney",-33.91336703,151.2051032,"Entire home/apt",4,1,2,"$205.00",7,40,0,0,0,NA,"f",NA
8005,"8/08/2016","within an hour","t",16,"t","North Sydney",-33.84536,151.21381,"Entire home/apt",4,1,2,"$275.00",7,90,8,40,1,4.95,"t",1.72
4938,"27/12/2016","within an hour","f",1,"t","Blacktown",-33.74856,150.94239,"Entire home/apt",6,1.5,3,"$133.00",2,730,1,168,3,4.71,"t",3.03
8652,"25/04/2019","within an hour","t",68,"t","Sydney",-33.8769138,151.2141017,"Entire home/apt",4,2,2,"$212.00",1,365,8,64,2,4.56,"f",2.67
13467,"11/01/2020","within an hour","t",45,"t","Ryde",-33.8187351,151.0935005,"Entire home/apt",5,2,3,"$361.00",4,365,5,9,0,4.89,"t",1.03
6314,"20/02/2018","within an hour","f",55,"t","Randwick",-33.93307,151.26158,"Entire home/apt",8,4.5,4,"$3,321.00",1,89,28,0,0,NA,"f",NA
1243,"21/06/2014","within an hour","t",2,"t","Randwick",-33.90354708,151.240188,"Entire home/apt",2,1,1,"$141.00",3,1125,11,241,3,4.91,"f",2.32
1527,"28/04/2015","within an hour","f",1,"t","Waverley",-33.89025,151.27247,"Entire home/apt",4,1,2,"$192.00",3,45,1,358,0,4.82,"f",3.57
8464,"9/10/2012","within an hour","t",4,"t","Waverley",-33.89961,151.27089,"Entire home/apt",5,1.5,2,"$445.00",3,365,7,122,2,4.94,"f",4.8
7952,"10/07/2013","within an hour","f",244,"t","Waverley",-33.89616742,151.2734377,"Entire home/apt",4,1,2,"$301.00",1,1125,28,26,1,4.73,"t",0.96
10630,"1/08/2016","within a day","f",39,"t","Willoughby",-33.78717743,151.1823752,"Entire home/apt",4,2,2,"$194.00",2,365,29,2,0,3.5,"f",0.12
13737,"31/05/2023","N/A","f",6,"t","Botany Bay",-33.93272355,151.19485,"Entire home/apt",2,NA,1,"",7,365,0,0,0,NA,"f",NA
1714,"11/12/2014","within a day","f",72,"t","Pittwater",-33.59963,151.31891,"Entire home/apt",6,NA,2,"",2,1125,29,8,0,4.25,"t",0.09
9657,"8/02/2014","within a few hours","f",1,"t","Pittwater",-33.62977,151.33134,"Entire home/apt",2,1,1,"$213.00",1,14,19,13,1,5,"f",0.64
1167,"8/01/2015","within a few hours","t",1,"t","Leichhardt",-33.88791275,151.1635437,"Entire home/apt",2,1,0,"$108.00",5,1125,11,110,1,4.63,"f",0.98
1921,"18/09/2017","within an hour","t",3,"t","Bankstown",-33.91988,151.03422,"Private room",2,1,1,"$70.00",2,1125,29,127,3,4.69,"f",1.35
9761,"21/12/2020","N/A","f",5,"t","Sydney",-33.8732503,151.223206,"Private room",2,NA,1,"",1,1125,28,0,0,NA,"t",NA
5431,"6/05/2019","N/A","f",1,"f","Woollahra",-33.87663,151.27019,"Private room",2,1,1,"$80.00",90,365,29,0,0,NA,"f",NA
9263,"10/02/2022","N/A","f",1,"t","Manly",-33.8034952,151.2893543,"Entire home/apt",2,1.5,1,"$250.00",3,365,0,0,0,NA,"f",NA
9139,"21/11/2018","within an hour","f",51,"t","Sydney",-33.86242384,151.2063569,"Entire home/apt",2,1,1,"$209.00",90,365,26,0,0,NA,"t",NA
13833,"12/04/2019","within an hour","f",63,"t","Ku-Ring-Gai",-33.7441908,151.1318771,"Private room",2,1,1,"$39.00",90,365,14,3,0,3,"f",0.39
8226,"17/04/2022","within a few hours","t",1,"t","Marrickville",-33.9007237,151.1661524,"Entire home/apt",4,1,2,"$225.00",2,62,21,78,3,4.81,"f",2.92
7382,"12/03/2016","within an hour","t",6,"t","Sutherland Shire",-34.0116144,151.1135176,"Entire home/apt",2,2,1,"$340.00",1,30,24,6,0,5,"f",0.6
14577,"17/04/2024","within an hour","f",13,"t","Burwood",-33.871075,151.1046253,"Entire home/apt",4,2,2,"$174.00",4,730,12,8,1,4.5,"t",1.22
14803,"16/11/2024","within an hour","f",2,"t","Willoughby",-33.7954734,151.1766706,"Entire home/apt",6,1,3,"$266.00",3,365,5,2,0,4.5,"t",0.79
7677,"25/04/2019","within an hour","t",68,"t","Sydney",-33.9127828,151.2110837,"Entire home/apt",4,1,1,"$164.00",3,365,5,50,0,4.78,"t",1.67
3481,"13/05/2014","within an hour","f",55,"t","Sydney",-33.87114,151.20649,"Entire home/apt",2,1,0,"$149.00",90,1125,0,8,0,4.88,"f",0.11
11776,"10/01/2015","within a day","f",2,"t","Waverley",-33.88605982,151.282652,"Private room",2,1,1,"$700.00",1,365,0,0,0,NA,"f",NA
14421,"14/07/2022","N/A","f",2,"t","Sydney",-33.88292524,151.1976801,"Entire home/apt",2,NA,1,"",1,365,0,11,0,4.55,"t",1.71
1484,"10/02/2011","within an hour","t",4,"t","Sydney",-33.88686,151.21054,"Private room",2,1,1,"$196.00",3,1125,20,299,3,4.96,"f",2.78
3528,"23/02/2017","N/A","f",1,"t","Ku-Ring-Gai",-33.77225,151.1701,"Private room",2,1,1,"$77.00",90,150,22,5,0,5,"f",0.07
4696,"19/08/2020","within a few hours","f",1,"t","Sydney",-33.87785,151.21999,"Private room",2,1,1,"$162.00",1,7,20,58,0,4.21,"f",1.01
3988,"8/09/2018","a few days or more","f",1,"t","Botany Bay",-33.92334,151.18514,"Private room",1,1,NA,"$32.00",90,1125,29,0,0,NA,"f",NA
16157,"24/02/2013","within an hour","t",92,"t","Sydney",-33.87617,151.20381,"Entire home/apt",6,2,2,"$369.00",3,365,2,23,6,4.87,"t",5.52
3281,"13/11/2014","within a day","t",82,"t","Pittwater",-33.60791,151.32261,"Entire home/apt",12,NA,4,"",1,1125,28,0,0,NA,"f",NA
13231,"19/12/2014","within an hour","t",47,"t","Waverley",-33.90168,151.26887,"Entire home/apt",10,6,5,"$3,750.00",30,365,28,0,0,NA,"f",NA
17434,"26/03/2025","within an hour","f",1,"t","Sutherland Shire",-34.05284,151.14894,"Entire home/apt",4,1,1,"$120.00",1,365,8,11,6,4.73,"t",5.69
18161,"9/08/2022","within a few hours","f",40,"t","Sydney",-33.88095,151.19211,"Entire home/apt",2,1,1,"$143.00",1,365,29,0,0,NA,"f",NA
10858,"23/05/2012","within a few hours","t",117,"t","Waverley",-33.906195,151.2625482,"Entire home/apt",4,2,2,"$357.00",30,365,0,1,0,5,"f",0.18
1296,"13/01/2016","N/A","f",1,"t","Pittwater",-33.62558,151.33483,"Entire home/apt",2,1,0,"$126.00",90,1125,28,10,0,4.7,"f",0.1
1869,"12/09/2017","within an hour","t",1,"t","Canada Bay",-33.85407,151.09777,"Entire home/apt",4,1,2,"$125.00",1,1125,7,260,5,4.92,"f",2.92
5877,"1/08/2016","within a day","f",39,"t","Sydney",-33.88639,151.17759,"Entire home/apt",4,2,2,"$279.00",2,365,29,26,0,4.5,"f",0.62
12324,"24/12/2016","within an hour","",14,"t","Sydney",-33.91391745,151.2074404,"Entire home/apt",4,2,2,"$171.00",4,20,0,4,0,5,"f",0.34
8642,"31/01/2016","within an hour","t",48,"t","Waverley",-33.8905411,151.2738791,"Entire home/apt",4,NA,2,"",90,1124,0,24,0,4.96,"t",0.96
11663,"24/07/2015","within an hour","f",22,"t","Randwick",-33.9202967,151.2364055,"Private room",2,1,1,"$100.00",21,365,29,9,0,3.78,"f",0.64
14200,"22/12/2016","within an hour","f",120,"t","Waverley",-33.8886328,151.2725055,"Entire home/apt",6,3,3,"$421.00",3,365,6,6,0,4.83,"f",1.24
2878,"26/04/2010","within an hour","f",51,"t","Waverley",-33.89158,151.271,"Entire home/apt",6,2,2,"$283.00",3,1125,0,101,3,4.61,"f",1.29
659,"17/06/2012","within a few hours","f",3,"t","Waverley",-33.8894,151.26913,"Entire home/apt",2,1,1,"$190.00",3,352,11,103,0,4.9,"f",0.89
15925,"22/01/2025","within an hour","f",1,"t","Sydney",-33.89016,151.20341,"Entire home/apt",4,1,1,"$282.00",1,365,29,0,0,NA,"t",NA
1282,"19/03/2014","within an hour","f",3,"t","Woollahra",-33.86945,151.26963,"Entire home/apt",4,1,2,"$345.00",45,1125,29,0,0,NA,"f",NA
1430,"10/11/2015","within an hour","t",1,"t","Botany Bay",-33.92505,151.19274,"Private room",1,NA,NA,"",1,7,0,290,1,4.99,"t",2.82
11138,"27/09/2016","within a few hours","t",10,"t","Sydney",-33.88039,151.19714,"Entire home/apt",6,NA,2,"",188,365,0,7,0,5,"t",0.43
16358,"9/11/2022","within an hour","f",3,"t","Rockdale",-33.94109542,151.1140513,"Entire home/apt",12,2,5,"$338.00",2,365,10,2,2,5,"t",2
373,"21/03/2015","within a day","f",2,"t","Randwick",-33.91645,151.24807,"Entire home/apt",6,1.5,4,"$405.00",4,8,26,84,0,4.82,"f",0.78
4264,"6/03/2016","within a few hours","t",9,"t","Sydney",-33.87498,151.20438,"Entire home/apt",4,2,2,"$306.00",4,365,0,89,2,4.98,"f",1.38
1649,"23/05/2012","within a few hours","t",117,"t","Waverley",-33.8909,151.25217,"Entire home/apt",4,2,2,"$420.00",89,89,28,14,0,4.93,"f",0.16
9031,"11/07/2015","within a day","t",1,"t","Parramatta",-33.78283643,151.0703337,"Private room",2,1,1,"$108.00",3,60,16,34,0,4.85,"f",1.47
10904,"28/08/2015","within an hour","f",3,"t","Strathfield",-33.86999,151.08825,"Entire home/apt",5,2,2,"$179.00",1,365,29,17,0,4.65,"f",1.04
16423,"5/01/2025","within an hour","",4,"t","Sydney",-33.87506329,151.2231243,"Entire home/apt",4,1,1,"$190.00",3,365,0,4,2,5,"t",1.28
8481,"27/06/2017","within an hour","f",46,"t","Willoughby",-33.79509,151.18461,"Entire home/apt",4,2,2,"$196.00",2,45,10,27,0,4.67,"t",1.21
14494,"26/09/2020","within a few hours","f",3,"f","Randwick",-33.90457,151.22607,"Entire home/apt",4,NA,1,"",3,365,0,5,0,4.8,"f",0.73
12077,"9/11/2023","within an hour","f",1,"t","Sydney",-33.8843673,151.2016772,"Entire home/apt",2,1.5,1,"$140.00",1,1125,0,91,4,4.64,"t",7.28
17513,"10/03/2019","within an hour","f",21,"t","Canterbury",-33.9041671,151.1066254,"Private room",4,1,2,"$82.00",1,1125,17,2,2,5,"t",2
3634,"6/06/2017","within an hour","f",9,"t","Randwick",-33.9221,151.25554,"Entire home/apt",5,1,2,"$319.00",1,1125,3,24,0,4.33,"t",0.35
5322,"27/08/2012","within an hour","t",4,"t","Sydney",-33.86820984,151.2265015,"Entire home/apt",2,1,1,"$280.00",5,180,0,44,0,4.91,"f",1.79
8302,"18/04/2016","within a few hours","f",1,"t","Waverley",-33.89222324,151.2669321,"Entire home/apt",2,1,1,"$123.00",10,365,27,7,0,4.43,"f",0.28
3239,"8/09/2015","N/A","f",1,"t","Canada Bay",-33.85399,151.13907,"Private room",1,1,1,"$50.00",90,90,26,4,0,5,"f",0.06
5001,"3/01/2021","within an hour","t",1,"t","Camden",-34.06499,150.69804,"Entire home/apt",2,NA,1,"",2,1125,1,101,0,4.97,"f",1.99
3404,"9/01/2017","within an hour","t",2,"t","The Hills Shire",-33.73697,150.96217,"Entire home/apt",4,1,1,"$106.00",2,31,15,131,2,4.91,"f",1.73
11877,"20/01/2024","within a few hours","t",1,"t","Pittwater",-33.7091631,151.2925506,"Entire home/apt",2,1,1,"$193.00",2,365,0,45,0,4.96,"f",3.05
5192,"13/11/2014","within a day","t",82,"t","Pittwater",-33.60269,151.3175,"Entire home/apt",8,2,4,"$1,669.00",1,1125,28,0,0,NA,"f",NA
9517,"24/08/2013","N/A","f",1,"t","Warringah",-33.75073733,151.2806627,"Entire home/apt",6,NA,4,"",365,365,26,0,0,NA,"f",NA
5118,"18/02/2020","N/A","f",1,"t","Canada Bay",-33.85512,151.1484,"Entire home/apt",2,1,1,"$141.00",90,1125,29,5,0,4.6,"t",0.1
3914,"10/01/2016","within a few hours","f",1,"t","Marrickville",-33.90478,151.17383,"Entire home/apt",4,NA,2,"",2,200,0,43,2,4.91,"f",0.62
5751,"19/01/2022","within an hour","f",1,"t","Woollahra",-33.87592,151.23342,"Entire home/apt",2,NA,1,"",3,55,0,102,1,4.57,"f",2.48
7847,"26/09/2022","within an hour","f",27,"t","Waverley",-33.90722465,151.2675243,"Entire home/apt",7,NA,4,"",5,365,0,7,0,4.43,"t",0.29
9156,"9/09/2017","within an hour","t",17,"t","Sydney",-33.88578908,151.2113481,"Entire home/apt",2,1,0,"$121.00",1,365,4,176,1,4.76,"f",7.49
8272,"28/03/2023","within an hour","f",4,"t","Ryde",-33.78061963,151.115828,"Entire home/apt",4,1,1,"$176.00",3,365,25,41,0,4.63,"t",1.53
12963,"17/12/2022","within an hour","f",4,"t","Parramatta",-33.79854648,151.0552907,"Private room",1,2,1,"$55.00",2,90,3,29,1,4.59,"f",2.74
6846,"23/12/2020","within an hour","f",44,"t","Sydney",-33.90801,151.20923,"Private room",2,1,1,"$107.00",1,90,29,51,0,4.75,"f",1.53
879,"28/02/2016","within an hour","f",1,"t","Parramatta",-33.80646,151.00545,"Entire home/apt",4,1,2,"$223.00",3,365,12,71,0,4.65,"t",0.63
2494,"13/05/2014","within an hour","f",55,"t","Sydney",-33.8677,151.20892,"Entire home/apt",2,1,1,"$229.00",90,1125,28,2,0,5,"f",0.03
10713,"25/06/2014","within a few hours","t",1,"t","Mosman",-33.83359,151.23542,"Entire home/apt",2,1,0,"$158.00",4,90,0,14,0,4.93,"f",0.86
229,"6/04/2011","within a day","f",2,"t","Waverley",-33.90494,151.26737,"Entire home/apt",4,1,2,"$252.00",3,1125,16,69,0,4.59,"f",0.52
11702,"1/07/2015","within an hour","t",40,"t","Willoughby",-33.7950655,151.1846107,"Entire home/apt",4,2,2,"$227.00",4,365,17,8,0,5,"t",0.69
17821,"22/10/2024","N/A","f",1,"t","Sydney",-33.89690809,151.2145188,"Entire home/apt",2,1,1,"$175.00",90,365,22,0,0,NA,"f",NA
12111,"4/02/2016","within an hour","t",1,"t","Waverley",-33.89756,151.26393,"Private room",2,1,1,"$109.00",2,365,11,24,2,4.88,"f",4.47
3385,"10/01/2016","within an hour","f",2,"t","City Of Kogarah",-33.9845047,151.1347504,"Private room",6,2,3,"$274.00",3,30,20,0,0,NA,"f",NA
16023,"25/07/2022","within an hour","f",2,"t","The Hills Shire",-33.6940456,150.9571554,"Entire home/apt",12,2.5,5,"$298.00",2,365,15,3,1,5,"t",1.61
1673,"25/11/2016","N/A","f",1,"f","Leichhardt",-33.85538,151.18603,"Entire home/apt",5,2,3,"$540.00",90,1125,22,4,0,5,"f",0.04
7282,"19/01/2022","within an hour","t",42,"t","Hornsby",-33.70011,151.10357,"Entire home/apt",5,NA,2,"",28,365,0,1,0,5,"f",0.37
5125,"29/09/2020","within an hour","f",18,"t","Blacktown",-33.70166,150.87006,"Entire home/apt",8,2.5,4,"$495.00",4,1125,29,7,0,4.29,"t",0.14
12768,"5/11/2017","within an hour","",7,"t","Warringah",-33.7754,151.29039,"Entire home/apt",4,2,2,"$585.00",3,59,0,0,0,NA,"t",NA
2676,"12/06/2017","N/A","f",1,"t","Canterbury",-33.91468,151.13574,"Private room",3,2,1,"$81.00",90,90,29,0,0,NA,"t",NA
7315,"25/04/2019","within an hour","t",68,"t","Randwick",-33.9251217,151.2564468,"Entire home/apt",4,1,2,"$222.00",2,365,10,47,2,4.7,"f",1.56
16859,"7/04/2023","within an hour","f",67,"t","Canterbury",-33.92603,151.1357,"Private room",2,2,1,"$31.00",1,365,0,0,0,NA,"t",NA
10477,"21/07/2018","within an hour","t",12,"t","Sydney",-33.8714115,151.2227452,"Entire home/apt",2,1,1,"$151.00",2,365,18,31,3,4.84,"f",1.7
10947,"23/01/2017","within an hour","t",4,"t","Manly",-33.79543141,151.2850223,"Private room",2,NA,NA,"",1,30,0,0,0,NA,"f",NA
2983,"28/10/2014","N/A","f",1,"t","North Sydney",-33.84872,151.21364,"Entire home/apt",6,1,2,"$553.00",90,1125,27,10,0,4.7,"f",0.13
3515,"9/04/2019","within an hour","f",5,"t","Sydney",-33.86795,151.22411,"Hotel room",2,1,1,"$181.00",1,365,20,37,0,4.49,"t",0.55
938,"17/08/2015","N/A","f",2,"f","Randwick",-33.90689,151.24632,"Entire home/apt",2,1,NA,"$384.00",90,1125,29,0,0,NA,"f",NA
7522,"31/12/2016","within an hour","f",1,"t","Sydney",-33.87774914,151.2050692,"Entire home/apt",6,2,2,"$470.00",1,1125,17,109,0,4.53,"t",3.69
3795,"1/09/2016","within an hour","f",2,"t","North Sydney",-33.82976,151.21699,"Entire home/apt",6,NA,3,"",10,1125,28,14,0,3.29,"f",0.21
2388,"13/05/2014","within an hour","f",55,"t","Sydney",-33.87045,151.20355,"Entire home/apt",7,2,3,"$359.00",90,1125,0,1,0,5,"f",0.01
13017,"3/12/2016","within an hour","f",2,"t","Blacktown",-33.68909,150.81768,"Entire home/apt",8,3,4,"$294.00",2,365,18,23,2,4.48,"f",2.28
16820,"21/09/2013","within an hour","f",3,"t","Rockdale",-33.96324,151.14941,"Private room",2,1,1,"$71.00",2,56,21,3,0,4.67,"f",1.61
5755,"10/03/2016","N/A","f",1,"t","Warringah",-33.77642,151.28185,"Entire home/apt",6,3,4,"$1,150.00",7,365,10,2,0,5,"f",0.35
14709,"9/06/2023","within an hour","f",11,"t","Auburn",-33.8493,151.07393,"Entire home/apt",8,2,2,"$147.00",1,365,25,14,2,4.57,"f",2.63
3538,"19/02/2014","within an hour","t",4,"t","Randwick",-33.92455292,151.2554932,"Entire home/apt",6,2,3,"$643.00",2,1125,20,40,0,4.9,"t",0.72
6537,"4/06/2014","within a day","f",0,"t","Manly",-33.80598,151.27032,"Entire home/apt",7,3,4,"$1,042.00",90,1125,16,0,0,NA,"f",NA
7889,"1/09/2024","N/A","f",44,"t","North Sydney",-33.82269437,151.1968078,"Entire home/apt",4,1,1,"$233.00",5,1125,2,8,0,4.38,"t",0.29
838,"25/11/2013","within an hour","f",1,"t","Randwick",-33.90936,151.23764,"Entire home/apt",4,NA,2,"",2,25,0,57,0,4.84,"f",0.41
14183,"30/04/2024","within an hour","t",4,"t","Willoughby",-33.8041322,151.1788377,"Entire home/apt",6,2,3,"$316.00",2,365,9,32,1,4.66,"t",4.36
1799,"17/07/2013","within an hour","t",1,"t","Warringah",-33.75121,151.2946,"Entire home/apt",2,1,1,"$205.00",4,80,27,21,1,4.9,"f",0.22
15134,"24/03/2013","within an hour","t",1,"t","Waverley",-33.89060084,151.2618578,"Entire home/apt",4,1,2,"$180.00",7,90,4,11,0,4.82,"f",2.05
3272,"2/11/2015","within an hour","t",1,"t","Sydney",-33.88314,151.21571,"Entire home/apt",2,1,1,"$126.00",1,730,0,452,9,4.93,"f",6.03
16272,"7/04/2023","within an hour","f",67,"t","Holroyd",-33.85049,150.96957,"Private room",2,1,1,"$60.00",1,365,29,0,0,NA,"t",NA
8314,"30/03/2016","N/A","f",1,"f","Waverley",-33.88501873,151.2812819,"Private room",1,1.5,3,"$44.00",90,365,29,0,0,NA,"f",NA
11307,"12/10/2015","within an hour","f",4,"t","The Hills Shire",-33.7280147,151.0073399,"Entire home/apt",4,1,1,"$105.00",2,365,7,19,0,4.53,"f",1.28
14628,"25/08/2019","within an hour","f",169,"t","Botany Bay",-33.956705,151.2049737,"Private room",2,1,1,"$89.00",1,89,22,10,3,4,"f",2.03
6806,"10/08/2015","within an hour","t",2,"t","Botany Bay",-33.92992,151.19002,"Entire home/apt",5,2,2,"$229.00",2,90,3,22,1,4.68,"f",0.73
13092,"3/09/2013","within an hour","t",1,"t","Hornsby",-33.5480793,151.2262822,"Entire home/apt",2,1,1,"$111.00",1,365,29,30,0,4.83,"t",3.18
17092,"24/07/2019","N/A","f",912,"t","Manly",-33.8024838,151.2885015,"Entire home/apt",4,1,2,"$250.00",3,365,29,0,0,NA,"t",NA
14575,"8/01/2024","within an hour","t",1,"t","Leichhardt",-33.85455701,151.1843256,"Entire home/apt",2,1,1,"$157.00",1,1125,22,40,5,4.7,"f",6.28
3106,"31/01/2016","within an hour","t",48,"t","Randwick",-33.91794,151.25787,"Entire home/apt",5,1,2,"$320.00",2,1124,7,186,1,4.69,"t",2.44
1944,"3/08/2012","N/A","f",1,"t","Waverley",-33.89124,151.26998,"Entire home/apt",2,1,0,"$250.00",90,1125,27,0,0,NA,"f",NA
7053,"20/06/2020","within a day","f",1,"t","Warringah",-33.75403,151.28258,"Entire home/apt",3,1,1,"$336.00",4,30,28,6,0,4.83,"f",0.19
17187,"12/05/2016","within an hour","t",3,"t","Sydney",-33.9191571,151.1982806,"Entire home/apt",4,1,1,"$159.00",2,365,24,0,0,NA,"f",NA
1052,"19/10/2015","N/A","f",1,"t","Pittwater",-33.68519,151.29576,"Entire home/apt",8,2,4,"$1,011.00",90,365,28,0,0,NA,"f",NA
5780,"23/05/2012","within a few hours","t",117,"t","Waverley",-33.88947678,151.2829132,"Entire home/apt",2,1,1,"$228.00",5,89,28,22,1,4.86,"f",0.68
6779,"29/01/2020","within an hour","t",1,"t","Ashfield",-33.88207,151.13303,"Private room",2,NA,1,"",1,365,21,11,0,4.55,"t",0.34
14671,"23/11/2024","within an hour","t",10,"t","Auburn",-33.82524932,151.0788817,"Entire home/apt",4,2,2,"$183.00",4,365,25,0,0,NA,"t",NA
978,"11/11/2013","N/A","f",1,"t","Sutherland Shire",-34.04073,151.08945,"Entire home/apt",8,1.5,3,"$419.00",100,300,0,3,0,5,"f",0.03
3176,"31/08/2017","within an hour","f",54,"t","North Sydney",-33.83111,151.22073,"Entire home/apt",2,1,1,"$240.00",3,365,0,8,1,4.88,"t",0.11
16592,"26/11/2023","within an hour","t",43,"t","Waverley",-33.8947923,151.2735781,"Entire home/apt",4,1,1,"$158.00",1,365,22,8,1,4.75,"t",2.67
8584,"6/11/2016","within an hour","f",35,"t","Canterbury",-33.91905,151.10548,"Entire home/apt",6,1.5,3,"$210.00",2,365,18,11,1,4.64,"f",1.06
12391,"26/05/2024","within an hour","t",1,"t","Hornsby",-33.71567613,151.0878191,"Entire home/apt",3,NA,1,"",2,365,0,18,1,5,"f",1.46
12579,"15/05/2013","within an hour","f",1,"t","Sutherland Shire",-34.06288621,151.1202466,"Entire home/apt",8,3,4,"$360.00",5,365,23,1,0,5,"f",0.1
14601,"24/11/2024","N/A","f",1,"t","Leichhardt",-33.88769,151.14881,"Entire home/apt",4,NA,2,"",90,365,0,2,0,5,"f",0.42
13674,"17/12/2018","within an hour","t",18,"t","Sydney",-33.91427561,151.2074539,"Entire home/apt",4,2,2,"$356.00",1,365,10,8,0,4.88,"f",1.03
15926,"25/02/2017","a few days or more","f",1,"t","Hornsby",-33.64675796,151.1057751,"Entire home/apt",4,1,3,"$270.00",2,365,28,0,0,NA,"f",NA
4656,"5/09/2020","N/A","f",2,"f","Randwick",-33.9234,151.2325,"Private room",2,NA,3,"",90,1125,4,1,0,5,"t",0.02
6574,"18/10/2018","within an hour","t",3,"t","Sutherland Shire",-34.02654,151.06169,"Private room",1,1,1,"$90.00",1,365,5,39,1,4.97,"f",1.16
16197,"22/03/2023","within an hour","t",2,"t","Ryde",-33.80984,151.10556,"Entire home/apt",6,2,3,"$260.00",1,60,6,21,7,4.95,"t",5.89
2589,"21/12/2015","N/A","f",6,"f","Penrith",-33.79718,150.78327,"Private room",2,NA,5,"",90,1125,0,0,0,NA,"f",NA
11493,"5/07/2023","within an hour","t",2,"t","Waverley",-33.8921657,151.2831352,"Entire home/apt",2,1,1,"$127.00",2,1125,29,20,2,4.8,"f",1.78
7405,"9/05/2022","within an hour","t",1,"t","Camden",-34.08274892,150.7024951,"Entire home/apt",6,1,3,"$337.00",1,1125,26,124,2,4.92,"t",3.93
15678,"26/12/2024","within an hour","f",3,"t","Ku-Ring-Gai",-33.72951365,151.1247369,"Private room",2,1,1,"$50.00",1,365,21,5,0,4.4,"f",1.06
11284,"18/04/2017","N/A","f",1,"t","Sydney",-33.8695715,151.2043604,"Private room",2,NA,NA,"",1,365,0,0,0,NA,"f",NA
12450,"21/01/2024","within an hour","t",31,"t","Sydney",-33.91308,151.21003,"Entire home/apt",2,1,1,"$123.00",1,365,18,41,1,4.98,"f",3.34
15809,"2/12/2017","within an hour","t",3,"t","Auburn",-33.84749752,151.0613221,"Entire home/apt",5,2,2,"$190.00",2,365,14,9,2,4.78,"t",2.09
1525,"24/06/2016","within an hour","f",1,"t","Sydney",-33.87593,151.20482,"Entire home/apt",4,1,1,"$189.00",1,90,9,326,3,4.69,"f",3.2
274,"10/05/2014","within an hour","t",2,"t","Sydney",-33.87562,151.22051,"Entire home/apt",2,1,1,"$174.00",1,60,2,905,7,4.84,"f",6.9
13009,"9/05/2024","within an hour","t",2,"t","Blacktown",-33.77822,150.81827,"Entire home/apt",16,12,11,"$713.00",1,365,25,12,1,4.92,"t",1.62
16516,"29/11/2023","within an hour","f",46,"t","Sutherland Shire",-34.0613275,151.1071983,"Private room",2,1,1,"$82.00",1,89,14,5,1,5,"f",1.79
16731,"17/07/2017","within a day","f",1,"t","Canterbury",-33.93680371,151.0760499,"Entire home/apt",5,2,3,"$246.00",1,365,21,0,0,NA,"f",NA
4460,"13/03/2015","within an hour","f",19,"t","Rockdale",-33.95294,151.13642,"Private room",1,1,1,"$55.00",14,1125,14,43,0,4.51,"t",0.78
15740,"25/08/2019","within an hour","f",169,"t","Rockdale",-33.9608289,151.1193149,"Private room",2,1,1,"$70.00",1,89,25,3,1,4.33,"f",1.17
4247,"6/03/2016","within a few hours","t",9,"t","Sydney",-33.87304,151.20512,"Entire home/apt",2,1,1,"$141.00",4,365,3,93,2,5,"f",1.49
6633,"4/11/2019","within an hour","t",15,"t","Botany Bay",-33.92975856,151.1963559,"Private room",2,2,1,"$73.00",3,365,29,34,0,4.68,"t",1.03
10914,"14/04/2023","within an hour","f",81,"t","Sydney",-33.87827,151.20358,"Entire home/apt",5,1,2,"$164.00",1,365,13,53,3,4.77,"t",3.2
16717,"14/03/2025","within an hour","f",2,"t","Sydney",-33.86923,151.20629,"Entire home/apt",2,1,1,"$277.00",2,365,19,0,0,NA,"t",NA
201,"18/09/2012","N/A","f",2,"t","Sutherland Shire",-34.04222,151.06819,"Entire home/apt",2,1,1,"$95.00",90,1125,0,230,0,4.9,"f",1.48
3050,"19/11/2018","N/A","f",1,"t","Sydney",-33.92096,151.2064,"Entire home/apt",10,3,5,"$1,274.00",3,180,16,4,0,5,"f",0.06
3448,"19/07/2019","within an hour","t",1,"t","Sydney",-33.86746,151.22339,"Entire home/apt",2,1,0,"$147.00",3,30,10,303,7,4.85,"f",4.37
15257,"23/04/2018","N/A","f",46,"t","Botany Bay",-33.9224759,151.1915851,"Entire home/apt",4,2,2,"$397.00",2,90,0,5,0,5,"f",0.87
4689,"3/01/2020","a few days or more","f",1,"f","Warringah",-33.71795,151.29719,"Entire home/apt",4,2,2,"$180.00",90,1125,29,17,0,4.82,"t",0.26
862,"23/02/2016","within an hour","f",8,"t","Sydney",-33.88561,151.18047,"Private room",3,1,1,"$253.00",1,90,19,166,0,4.49,"t",1.48
14723,"18/11/2024","within an hour","t",1,"t","Waverley",-33.8868235,151.2715673,"Entire home/apt",4,1,2,"$224.00",2,365,15,25,3,4.96,"t",3.62
10884,"25/08/2019","within an hour","f",169,"t","Auburn",-33.8722782,151.0342427,"Private room",1,2.5,1,"$44.00",1,89,29,14,0,4.57,"f",0.91
9567,"17/01/2016","within an hour","t",4,"t","Ryde",-33.78554,151.09386,"Private room",1,1,1,"$80.00",2,365,20,4,0,5,"f",0.38
4616,"16/04/2019","within an hour","t",21,"t","Marrickville",-33.91872,151.16142,"Entire home/apt",4,1,1,"$116.00",2,1125,0,209,0,4.85,"f",3.35
10615,"28/01/2016","within a day","t",2,"t","Sydney",-33.89144231,151.1955183,"Entire home/apt",4,1,2,"$379.00",3,365,19,32,0,4.84,"f",2.37
5693,"19/03/2018","within an hour","f",2,"t","Mosman",-33.83176,151.2375,"Entire home/apt",4,1,1,"$193.00",1,1125,29,112,0,4.69,"t",2.64
14933,"1/10/2012","within an hour","f",45,"t","Sydney",-33.9029733,151.182414,"Entire home/apt",5,2,3,"$324.00",3,90,18,6,0,4.83,"t",0.98
7107,"25/11/2014","within an hour","f",2,"t","Sydney",-33.9047282,151.2054603,"Entire home/apt",6,1,2,"$160.00",1,50,24,157,1,4.66,"f",5.01
4811,"27/10/2017","within a day","f",289,"t","Sydney",-33.88365,151.19623,"Entire home/apt",2,1,1,"$350.00",90,1125,28,0,0,NA,"f",NA
12565,"21/05/2024","within a few hours","t",1,"t","Waverley",-33.8894736,151.2806937,"Entire home/apt",3,1,1,"$118.00",90,365,8,26,1,4.77,"f",2.32
13590,"2/05/2017","within an hour","t",2,"t","Waverley",-33.88879,151.2764,"Entire home/apt",2,1,1,"$340.00",2,181,0,22,0,5,"t",2.91
13316,"30/07/2024","within an hour","f",6,"t","Penrith",-33.74278,150.67963,"Entire home/apt",7,1,3,"$227.00",2,1125,12,1,0,5,"t",0.29
1237,"3/12/2016","N/A","f",1,"t","Leichhardt",-33.85679,151.1829,"Private room",1,1,1,"$74.00",14,1125,0,16,0,4.94,"f",0.16
9640,"14/10/2016","N/A","f",1,"t","Rockdale",-33.93368,151.15496,"Entire home/apt",4,1.5,2,"$152.00",7,100,15,4,0,3.75,"f",0.43
12300,"17/11/2015","within an hour","t",1,"t","Willoughby",-33.80062102,151.17823,"Private room",2,1,1,"$87.00",90,365,0,20,0,4.95,"f",1.72
2930,"20/03/2018","N/A","f",1,"t","North Sydney",-33.82842,151.22811,"Private room",4,2,2,"$480.00",90,365,29,0,0,NA,"t",NA
13135,"28/05/2017","within an hour","f",50,"t","Rockdale",-33.9283136,151.1542212,"Entire home/apt",3,1,1,"$9,999.00",3,365,20,10,0,4.7,"t",1.07
8013,"11/01/2020","within an hour","t",45,"t","North Sydney",-33.84768397,151.2140168,"Entire home/apt",5,1,3,"$801.00",3,1125,17,39,0,4.82,"f",1.45
15921,"12/05/2019","within an hour","f",7,"t","Ryde",-33.78075,151.11329,"Entire home/apt",3,1,1,"$167.00",1,365,29,1,0,1,"f",0.33
3847,"26/08/2016","within an hour","t",24,"t","Sydney",-33.87907,151.20961,"Entire home/apt",5,1,1,"$430.00",1,1125,29,4,0,4.75,"f",0.06
2529,"9/08/2016","within an hour","t",1,"t","Rockdale",-33.94417953,151.1237335,"Entire home/apt",3,1,1,"$132.00",2,90,18,78,0,4.96,"f",0.93
7410,"18/06/2018","within an hour","t",5,"t","Sydney",-33.88026,151.21215,"Entire home/apt",2,1,1,"$156.00",2,365,8,139,2,4.66,"f",4.62
14954,"9/10/2019","within a day","f",17,"t","Sydney",-33.91325,151.20901,"Entire home/apt",3,NA,1,"",1,365,29,1,0,5,"f",0.17
4297,"5/11/2019","within an hour","f",8,"t","Auburn",-33.85092,151.03326,"Private room",2,NA,NA,"",2,365,0,0,0,NA,"t",NA
1086,"14/10/2015","within an hour","f",2,"t","Penrith",-33.76447,150.71338,"Entire home/apt",6,1,2,"$132.00",1,1125,11,346,3,4.77,"f",2.95
17596,"10/12/2018","within an hour","t",7,"t","North Sydney",-33.8228933,151.1974157,"Entire home/apt",5,2,2,"$152.00",2,365,7,0,0,NA,"t",NA
13603,"28/05/2020","within an hour","t",13,"t","Sydney",-33.8615851,151.2067971,"Entire home/apt",4,1,1,"$223.00",2,365,0,33,2,4.88,"f",3.68
10818,"3/09/2011","within an hour","t",3,"t","Waverley",-33.89473988,151.2736406,"Entire home/apt",2,1,1,"$156.00",1,365,16,46,0,4.93,"f",2.59
11861,"29/03/2024","within an hour","t",22,"t","Manly",-33.7906219,151.2836845,"Private room",2,1,1,"$100.00",1,365,29,0,0,NA,"t",NA
17709,"15/04/2025","within a few hours","f",20,"t","Marrickville",-33.90178186,151.1647362,"Entire home/apt",3,1,0,"$123.00",1,365,16,0,0,NA,"f",NA
9671,"31/12/2017","within an hour","f",20,"t","Sydney",-33.89273,151.18952,"Entire home/apt",6,1.5,3,"$237.00",2,365,18,35,2,4.63,"f",1.7
309,"27/05/2013","within an hour","t",4,"t","Sydney",-33.87644,151.22383,"Entire home/apt",4,1.5,1,"$203.00",1,1125,13,276,1,4.87,"f",2.21
593,"7/12/2014","within a day","t",2,"t","Sutherland Shire",-34.0832621,151.1534964,"Entire home/apt",3,1,1,"$315.00",2,1125,28,21,2,4.9,"f",3
8670,"1/05/2023","a few days or more","f",1,"t","Marrickville",-33.90519453,151.159273,"Entire home/apt",6,2,3,"$270.00",3,100,17,23,0,4.65,"f",1.1
307,"19/02/2015","within an hour","f",5,"t","The Hills Shire",-33.62851715,151.0158081,"Private room",2,0,1,"$157.00",90,1125,29,0,0,NA,"f",NA
8342,"30/03/2023","within an hour","f",2,"t","Hornsby",-33.77548065,151.0602,"Entire home/apt",6,2,3,"$261.00",2,365,25,21,0,4.81,"f",0.79
15693,"22/11/2013","within an hour","t",4,"t","Manly",-33.79838447,151.2827414,"Entire home/apt",2,NA,1,"",1,365,0,2,0,5,"f",0.52
7203,"19/04/2016","within an hour","t",2,"t","Leichhardt",-33.8648,151.17767,"Entire home/apt",4,1,1,"$225.00",2,1125,3,48,1,4.88,"f",1.59
17053,"14/10/2024","a few days or more","f",18,"t","Strathfield",-33.86372154,151.0782125,"Entire home/apt",2,1,1,"$165.00",1,365,29,1,0,5,"f",0.83
13342,"11/09/2017","within an hour","f",4,"t","Botany Bay",-33.92979118,151.1870516,"Entire home/apt",2,1,1,"$132.00",1,365,4,30,0,4.63,"f",3.02
8548,"10/02/2019","within an hour","f",1,"t","Sydney",-33.8851162,151.2073412,"Entire home/apt",2,NA,1,"",90,365,6,69,2,4.54,"t",2.97
12631,"9/11/2016","within an hour","f",6,"t","Auburn",-33.849106,151.0743945,"Entire home/apt",5,1,2,"$214.00",2,365,19,12,0,4.25,"f",1.04
7060,"29/10/2015","N/A","f",1,"t","Manly",-33.7962474,151.2795836,"Entire home/apt",2,1,1,"$285.00",5,40,0,0,0,NA,"f",NA
7516,"19/07/2015","within a day","f",1,"t","Pittwater",-33.65338,151.31198,"Entire home/apt",6,NA,3,"",90,365,0,1,0,5,"f",0.04
8860,"26/12/2015","within an hour","t",1,"t","Waverley",-33.88818,151.26663,"Entire home/apt",2,1,1,"$141.00",2,90,0,47,4,4.79,"f",2.5
16779,"4/01/2019","within an hour","f",17,"t","Sydney",-33.8765704,151.2040317,"Entire home/apt",3,1,1,"$173.00",1,45,7,3,2,4.33,"t",1.64
2604,"9/10/2018","within an hour","f",10,"t","Bankstown",-33.92197,151.0305,"Private room",2,1,1,"$87.00",1,14,7,51,0,4.57,"t",0.63
13655,"12/06/2019","within a few hours","f",4,"t","Ryde",-33.79567,151.12428,"Private room",2,NA,NA,"",3,365,0,13,0,4.77,"f",1.45
9959,"25/04/2019","within an hour","t",68,"t","Sydney",-33.8766783,151.1976885,"Entire home/apt",7,2,2,"$332.00",1,365,7,36,1,4.81,"f",1.85
16852,"31/01/2016","within an hour","t",48,"t","Sydney",-33.8735543,151.2171196,"Entire home/apt",4,2,2,"$563.00",1,365,26,0,0,NA,"t",NA
3117,"15/12/2018","within an hour","f",1,"t","Bankstown",-33.91422,151.03704,"Private room",2,1,1,"$50.00",2,25,21,162,1,4.62,"f",2.07
379,"10/02/2013","within a few hours","t",2,"t","Manly",-33.79261,151.27953,"Entire home/apt",4,NA,2,"",3,21,18,94,0,4.95,"f",0.74
12215,"25/05/2015","within an hour","t",4,"t","Pittwater",-33.60224,151.31792,"Entire home/apt",11,2.5,5,"$2,000.00",7,365,0,1,0,5,"f",0.2
8685,"15/11/2021","within an hour","f",5,"t","Blacktown",-33.70356734,150.8016287,"Entire home/apt",10,3.5,5,"$229.00",2,1125,8,38,1,4.79,"t",1.57
4680,"21/06/2017","within an hour","t",1,"t","Manly",-33.790483,151.2645705,"Entire home/apt",4,1,2,"$197.00",3,120,0,22,2,4.77,"f",1.18
6589,"4/05/2012","N/A","f",2,"t","Campbelltown",-34.01768,150.82967,"Private room",1,1,1,"$100.00",1,30,29,24,0,4.96,"f",0.69
5263,"18/06/2015","within an hour","f",8,"t","Sydney",-33.87976,151.21016,"Shared room",1,1,1,"$62.00",1,365,29,289,1,4.46,"t",5.7
4464,"14/02/2017","within an hour","t",11,"t","Ryde",-33.78115711,151.1021187,"Private room",1,1,1,"$72.00",1,730,24,29,0,4.72,"f",0.45
4224,"10/07/2013","within an hour","f",244,"t","Strathfield",-33.88425734,151.0710243,"Entire home/apt",4,1,1,"$77.00",90,1125,0,1,0,5,"t",0.02
14798,"13/12/2015","within a few hours","t",2,"t","Waverley",-33.89829,151.26605,"Entire home/apt",4,2,2,"$654.00",3,1125,0,8,0,5,"f",1.68
7919,"5/12/2016","within an hour","t",3,"t","Liverpool",-33.9086841,150.9268667,"Private room",2,1.5,1,"$52.00",2,365,9,49,1,4.82,"f",1.76
13905,"12/04/2019","within an hour","f",63,"t","Ku-Ring-Gai",-33.7441908,151.1318771,"Private room",1,1,1,"$37.00",90,365,28,2,0,3,"f",0.29
1360,"28/12/2014","N/A","f",1,"t","Waverley",-33.88653,151.27314,"Entire home/apt",3,NA,2,"",2,730,0,14,0,4.79,"f",0.14
13332,"24/02/2013","within an hour","t",92,"t","Sydney",-33.85976868,151.2061733,"Entire home/apt",8,2,3,"$439.00",3,365,4,53,4,4.72,"t",5.54
9876,"14/12/2014","within a few hours","t",3,"t","Warringah",-33.7714413,151.2637327,"Private room",2,1,1,"$137.00",1,14,27,49,0,4.98,"f",2.43
9048,"19/06/2023","within an hour","f",9,"t","Parramatta",-33.80691,151.0049,"Private room",3,1,2,"$267.00",1,365,28,6,0,4.5,"t",0.25
1715,"11/12/2014","within a day","f",72,"t","Pittwater",-33.59963,151.31891,"Entire home/apt",6,1.5,2,"$423.00",2,1125,29,18,0,4.33,"t",0.19
2922,"24/11/2018","within an hour","f",1,"t","North Sydney",-33.83222,151.20493,"Entire home/apt",2,1,1,"$304.00",2,1125,0,128,1,4.91,"f",1.63
5715,"19/02/2013","within an hour","t",2,"t","Warringah",-33.712032,151.299896,"Private room",4,1,2,"$176.00",1,28,11,48,0,4.96,"f",1.1
5661,"10/12/2021","within an hour","t",1,"t","Manly",-33.79717636,151.2743073,"Entire home/apt",5,1,3,"$400.00",4,1125,5,19,0,4.79,"f",0.45
612,"27/11/2014","N/A","f",2,"t","Pittwater",-33.69795,151.3079,"Entire home/apt",12,2,6,"$1,360.00",5,730,0,99,0,4.84,"f",0.88
5479,"24/07/2019","N/A","f",912,"t","Manly",-33.79714,151.28389,"Entire home/apt",4,1,2,"$252.00",3,365,23,63,0,4.7,"t",1.48
10641,"8/07/2017","within an hour","",83,"t","Strathfield",-33.86267854,151.0790594,"Private room",1,NA,1,"",1,365,29,2,0,3.5,"t",0.72
8537,"14/03/2018","within an hour","f",44,"t","Sydney",-33.89816,151.21049,"Entire home/apt",2,1,0,"$136.00",1,365,10,75,2,4.71,"f",3
9443,"31/12/2016","within an hour","f",1,"t","Manly",-33.80595571,151.2671184,"Entire home/apt",4,1,2,"$275.00",2,14,2,55,0,4.95,"f",2.76
10550,"19/01/2022","within an hour","t",42,"t","Hornsby",-33.71511,151.1076,"Entire home/apt",5,NA,2,"",28,365,0,3,0,5,"f",0.28
17961,"9/04/2024","within an hour","f",50,"t","Marrickville",-33.90331,151.16443,"Entire home/apt",4,2,2,"$180.00",1,365,26,0,0,NA,"f",NA
15656,"5/01/2018","within an hour","f",2,"t","Sydney",-33.8641,151.20977,"Private room",3,1.5,1,"$141.00",2,30,0,9,0,4.67,"f",1.67
10870,"5/12/2013","within an hour","t",64,"t","Leichhardt",-33.86254,151.16693,"Entire home/apt",6,2,3,"$480.00",21,365,13,7,1,4.71,"f",0.44
10659,"23/06/2017","within an hour","",26,"t","Sydney",-33.9121021,151.2107636,"Entire home/apt",2,1,1,"$163.00",2,365,11,13,2,4.77,"t",0.73
16102,"31/01/2017","within an hour","f",2,"t","Canterbury",-33.9133905,151.1064935,"Entire home/apt",5,1,2,"$145.00",2,365,6,1,0,4,"f",0.28
6259,"16/07/2014","N/A","f",1,"f","Manly",-33.79773,151.27281,"Entire home/apt",4,3,4,"$1,000.00",120,365,28,0,0,NA,"f",NA
13567,"24/02/2013","within an hour","t",92,"t","Randwick",-33.97223,151.25327,"Entire home/apt",14,4,7,"$452.00",3,365,9,24,3,4.79,"t",2.69
10961,"12/12/2012","N/A","f",1,"f","Randwick",-33.90425,151.24632,"Entire home/apt",4,2,2,"$559.00",90,150,22,1,0,5,"f",0.18
11377,"19/11/2022","within a few hours","f",1,"t","Campbelltown",-33.9777078,150.8235512,"Entire home/apt",10,2,4,"$282.00",2,365,14,33,2,4.82,"f",2.32
13694,"24/02/2017","a few days or more","f",1,"t","Warringah",-33.75451514,151.2203526,"Entire home/apt",8,2,5,"$495.00",5,365,13,0,0,NA,"f",NA
1990,"7/12/2015","within an hour","f",4,"t","Sydney",-33.88091,151.21715,"Entire home/apt",2,1,1,"$104.00",2,300,29,304,2,4.57,"t",3.25
29,"17/08/2014","N/A","f",1,"t","City Of Kogarah",-33.98481,151.13417,"Private room",2,1,1,"$82.00",90,1125,28,18,0,4.61,"f",0.14
7732,"20/07/2015","within an hour","t",80,"t","Hornsby",-33.60716,151.112514,"Entire home/apt",2,1,1,"$242.00",1,90,28,2,0,5,"t",0.09
9612,"26/11/2011","N/A","f",1,"t","Leichhardt",-33.88599762,151.1550304,"Entire home/apt",4,NA,2,"",14,365,0,2,0,5,"f",0.1
982,"21/10/2014","N/A","f",1,"t","Sydney",-33.88625,151.21803,"Entire home/apt",4,NA,2,"",5,10,0,2,0,4.5,"f",0.02
10429,"28/05/2020","within an hour","t",13,"t","Sydney",-33.86341092,151.2073118,"Entire home/apt",3,1,1,"$129.00",1,365,7,32,0,4.75,"f",1.78
10868,"14/04/2023","within an hour","f",81,"t","Sydney",-33.87951,151.20437,"Entire home/apt",3,1,1,"$87.00",1,365,10,30,2,4.83,"t",1.81
4377,"27/05/2013","N/A","f",1,"t","Waverley",-33.89898,151.2723,"Entire home/apt",6,1,2,"$332.00",3,30,0,7,0,5,"f",0.23
14450,"5/07/2015","a few days or more","f",1,"t","Auburn",-33.82373,151.0783,"Private room",1,1,1,"$88.00",1,365,0,2,0,5,"f",0.36
4196,"7/04/2013","N/A","f",1,"f","Manly",-33.8025,151.26498,"Entire home/apt",6,2,2,"$806.00",90,1125,29,0,0,NA,"t",NA
4045,"18/08/2019","N/A","f",1,"t","Pittwater",-33.65329,151.32014,"Entire home/apt",2,1,1,"$211.00",2,45,27,1,0,5,"f",0.06
686,"6/10/2014","within a few hours","t",3,"t","Mosman",-33.82917,151.23556,"Entire home/apt",2,1,1,"$319.00",2,1125,29,164,0,4.9,"f",1.39
10333,"20/04/2023","within an hour","f",1,"t","North Sydney",-33.84037762,151.2137212,"Entire home/apt",2,1,1,"$198.00",2,8,0,6,0,5,"t",0.38
4972,"9/08/2017","within an hour","t",2,"t","Marrickville",-33.89780502,151.1540178,"Entire home/apt",2,1,1,"$138.00",3,730,1,119,2,4.88,"f",2.96
830,"27/08/2015","N/A","f",1,"t","Sutherland Shire",-34.04559,151.15734,"Private room",2,1,1,"$170.00",2,40,13,57,0,4.7,"f",0.51
12168,"6/12/2020","within an hour","t",1,"f","Strathfield",-33.8670598,151.0835744,"Entire home/apt",2,1,1,"$238.00",1,365,16,45,3,4.87,"t",3.9
5302,"16/03/2021","within an hour","t",5,"t","Sydney",-33.88454,151.21225,"Entire home/apt",2,1,1,"$162.00",2,28,17,221,0,4.87,"f",4.32
2863,"2/11/2018","within an hour","t",1,"t","Waverley",-33.89345,151.2689,"Private room",1,1,1,"$129.00",2,7,27,141,0,4.93,"f",1.76
3038,"9/02/2014","within an hour","t",5,"t","Sydney",-33.87966,151.21179,"Entire home/apt",4,2,2,"$810.00",2,1125,12,168,4,4.97,"f",2.28
9710,"20/08/2012","within an hour","t",2,"t","Hornsby",-33.54072,151.24147,"Entire home/apt",9,3,3,"$650.00",2,1125,25,22,1,5,"f",1.06
16195,"25/08/2019","within an hour","f",169,"t","Auburn",-33.8457665,151.0305222,"Private room",2,1,1,"$48.00",1,89,20,7,1,4.57,"f",2.04
4965,"29/12/2020","within a few hours","f",1,"t","Penrith",-33.68661,150.68077,"Entire home/apt",10,2,5,"$383.00",2,36,11,84,1,4.63,"f",1.56
17082,"21/10/2010","N/A","f",1,"t","Botany Bay",-33.92993053,151.1921876,"Entire home/apt",6,2,3,"$288.00",1,29,8,0,0,NA,"f",NA
16445,"16/10/2021","within an hour","f",40,"t","Fairfield",-33.87595894,150.9555773,"Private room",2,1,1,"$55.00",1,85,25,7,2,4.86,"t",2
16176,"25/08/2019","within an hour","f",169,"t","Sydney",-33.8840825,151.2086193,"Private room",1,2,1,"$90.00",2,365,10,15,2,4.47,"f",4.25
12297,"22/12/2016","within an hour","f",120,"t","Sydney",-33.89022037,151.2132006,"Entire home/apt",2,1,1,"$203.00",3,365,19,12,0,4.67,"t",1.01
11677,"6/01/2024","within a few hours","f",1,"t","Penrith",-33.7415866,150.7286532,"Entire home/apt",2,1,1,"$99.00",3,365,28,9,0,4.44,"f",0.69
10237,"30/03/2023","N/A","f",1,"t","Randwick",-33.91164395,151.2504898,"Entire home/apt",6,2,3,"$560.00",14,21,22,3,0,4.67,"f",0.17
4786,"25/07/2014","N/A","f",1,"t","Pittwater",-33.61764,151.33648,"Entire home/apt",4,NA,2,"",7,20,0,9,0,4.56,"f",0.18
10229,"5/08/2017","within an hour","t",6,"t","Waverley",-33.89291012,151.2624836,"Entire home/apt",4,NA,2,"",5,365,0,2,0,5,"f",0.11
2249,"11/07/2017","within an hour","t",6,"f","Sydney",-33.87984,151.20328,"Entire home/apt",5,1,2,"$346.00",3,365,8,132,0,4.89,"t",1.37
2985,"13/12/2018","within a day","f",1,"t","Pittwater",-33.65901,151.31213,"Entire home/apt",10,1.5,4,"$760.00",2,365,22,14,0,4.93,"f",0.18
17446,"7/04/2023","within an hour","f",67,"t","The Hills Shire",-33.70988,150.96011,"Private room",1,2,1,"$28.00",1,365,29,0,0,NA,"t",NA
9006,"15/04/2017","a few days or more","f",1,"t","Canterbury",-33.92682865,151.0570914,"Entire home/apt",2,1,1,"$122.00",1,34,27,4,0,5,"f",0.18
9157,"23/03/2019","within an hour","t",17,"t","Leichhardt",-33.8872611,151.1682903,"Private room",2,1,1,"$74.00",1,14,10,143,5,4.88,"t",5.94
5779,"25/06/2024","N/A","f",1,"t","North Sydney",-33.8487605,151.2151326,"Entire home/apt",4,1,2,"$347.00",2,365,7,169,4,4.75,"f",4.41
10288,"22/08/2012","within an hour","f",1,"t","Randwick",-33.9115622,151.2650992,"Entire home/apt",7,2,3,"$492.00",7,45,27,3,0,5,"f",0.17
1032,"16/10/2015","N/A","f",1,"t","Manly",-33.78696,151.2876,"Entire home/apt",5,2,3,"$750.00",4,730,8,26,0,4.88,"f",0.23
8804,"28/06/2021","N/A","f",1,"t","Waverley",-33.90113342,151.2604669,"Entire home/apt",2,1,1,"$550.00",90,365,28,1,0,5,"f",0.08
13405,"23/02/2017","within an hour","",8,"t","Sydney",-33.86979976,151.2070893,"Entire home/apt",4,2,2,"$356.00",2,365,5,18,6,4.78,"f",2.16
2920,"11/08/2013","within a few hours","t",3,"t","Sydney",-33.89232,151.18178,"Entire home/apt",2,1,1,"$156.00",4,90,0,98,1,4.9,"f",1.25
17510,"28/05/2017","within an hour","f",50,"t","Warringah",-33.74845,151.26203,"Entire home/apt",13,3,4,"$277.00",3,365,17,2,2,5,"t",2
14199,"22/12/2016","within an hour","f",120,"t","Waverley",-33.8886328,151.2725055,"Entire home/apt",4,2,2,"$310.00",3,365,10,5,2,4.8,"f",0.83
746,"28/07/2015","N/A","f",1,"t","Pittwater",-33.62138,151.31861,"Entire home/apt",2,1,0,"$203.00",90,1125,29,264,0,4.67,"f",2.22
14608,"10/12/2014","within an hour","f",26,"f","Sydney",-33.88377,151.19869,"Private room",2,1,1,"$103.00",2,365,23,4,0,3.75,"f",0.72
8019,"3/02/2020","N/A","f",1,"t","Rockdale",-33.94629,151.13113,"Private room",2,1,1,"$123.00",90,365,29,0,0,NA,"f",NA
11318,"27/09/2010","within an hour","f",26,"t","Sydney",-33.88500799,151.1936577,"Entire home/apt",4,2,2,"$190.00",1,1125,13,16,1,4.19,"t",1.05
14817,"3/06/2016","within a few hours","f",1,"t","Pittwater",-33.63728641,151.3265839,"Entire home/apt",4,1,2,"$396.00",2,365,0,2,0,5,"f",0.44
10814,"19/10/2015","within an hour","t",13,"t","North Sydney",-33.8240062,151.1987245,"Entire home/apt",4,1,2,"$197.00",1,365,15,23,1,4.65,"t",1.28
2507,"30/09/2018","within an hour","f",1,"t","Canterbury",-33.90698,151.1022,"Entire home/apt",6,1,2,"$145.00",21,150,4,58,0,4.57,"f",0.72
7273,"23/04/2018","N/A","f",46,"t","Sydney",-33.87338426,151.2039785,"Entire home/apt",2,1,1,"$223.00",2,90,4,37,0,4.62,"f",1.23
12803,"4/07/2023","within a few hours","t",5,"t","Marrickville",-33.91339,151.1578,"Private room",2,1.5,1,"$71.00",1,365,15,18,2,5,"f",1.71
4071,"18/02/2018","N/A","f",1,"t","Randwick",-33.94242,151.23808,"Private room",2,NA,NA,"",90,1125,28,0,0,NA,"f",NA
10020,"22/12/2014","N/A","f",1,"t","Manly",-33.79857818,151.2819667,"Entire home/apt",8,2.5,4,"$1,350.00",5,14,13,2,0,5,"f",0.35
10682,"14/09/2022","N/A","f",1,"t","Auburn",-33.845893,151.0580553,"Entire home/apt",4,NA,3,"",90,365,29,0,0,NA,"f",NA
17997,"11/11/2024","within an hour","f",7,"t","Canterbury",-33.91574267,151.1144668,"Entire home/apt",6,2,2,"$149.00",2,365,5,3,3,4.67,"t",3
4371,"14/12/2019","within an hour","t",1,"t","The Hills Shire",-33.55955,150.92352,"Entire home/apt",2,1,1,"$246.00",2,1125,7,139,4,5,"f",2.28
17388,"8/05/2025","within an hour","f",1,"t","Sydney",-33.8773,151.22901,"Entire home/apt",2,1,1,"$121.00",2,45,2,0,0,NA,"t",NA
17799,"28/01/2025","within an hour","f",5,"t","Waverley",-33.8936348,151.2474971,"Private room",2,1,1,"$86.00",3,365,0,0,0,NA,"f",NA
8796,"26/03/2013","within an hour","f",1,"t","Waverley",-33.9033748,151.2587451,"Entire home/apt",4,1,2,"$180.00",2,60,25,50,0,4.72,"t",2.14
688,"25/04/2016","N/A","f",1,"t","Leichhardt",-33.85985,151.17127,"Entire home/apt",4,2,2,"$225.00",5,1125,5,86,0,4.47,"f",0.72
12122,"11/10/2011","N/A","f",1,"f","Randwick",-33.94542,151.24269,"Entire home/apt",4,NA,3,"",2,180,0,1,0,5,"f",0.23
12262,"21/11/2011","within an hour","f",26,"t","Liverpool",-33.91599272,150.9139036,"Entire home/apt",4,1,1,"$95.00",1,365,28,1,1,5,"f",1
2097,"6/07/2014","within an hour","t",19,"t","North Sydney",-33.84779,151.20468,"Entire home/apt",3,1,1,"$120.00",2,1125,7,252,0,4.8,"f",2.63
9538,"1/07/2015","within an hour","t",40,"t","Ku-Ring-Gai",-33.7869171,151.1758401,"Entire home/apt",4,2,3,"$227.00",4,365,12,2,0,5,"f",0.1
17582,"21/04/2025","within an hour","f",4,"t","Auburn",-33.8648238,151.0332929,"Private room",2,1,1,"$134.00",1,365,29,0,0,NA,"f",NA
11656,"28/05/2017","within an hour","f",50,"t","Ryde",-33.78974773,151.0803871,"Entire home/apt",6,2,2,"$180.00",3,365,10,9,2,4.78,"t",0.63
17356,"6/06/2016","within an hour","f",37,"t","Sydney",-33.90653,151.20868,"Entire home/apt",5,NA,2,"",1,365,27,0,0,NA,"t",NA
6272,"18/07/2016","within an hour","f",1,"t","Leichhardt",-33.886,151.15278,"Entire home/apt",2,1,0,"$120.00",2,7,0,66,0,4.92,"f",1.81
15606,"26/01/2017","within an hour","f",6,"t","Rockdale",-33.93777,151.10725,"Private room",1,NA,NA,"",7,365,0,0,0,NA,"f",NA
13961,"20/11/2018","within an hour","f",7,"t","Sydney",-33.86770376,151.2041503,"Entire home/apt",4,1,1,"$198.00",2,365,7,31,4,4.9,"f",4.54
15127,"31/01/2016","within an hour","t",48,"t","Waverley",-33.89009,151.26041,"Entire home/apt",4,1,2,"$293.00",2,730,27,0,0,NA,"t",NA
16782,"4/01/2019","within an hour","f",17,"t","Sydney",-33.8765704,151.2040317,"Entire home/apt",3,1,1,"$171.00",1,45,20,2,2,5,"t",2
12764,"18/01/2021","a few days or more","f",1,"f","Blacktown",-33.76666,150.86785,"Entire home/apt",4,1,1,"$54.00",2,365,7,0,0,NA,"f",NA
1066,"20/01/2016","N/A","f",1,"t","Randwick",-33.9118,151.21379,"Private room",1,0.5,1,"$113.00",90,1125,29,21,0,4.76,"f",0.19
12521,"21/07/2014","within an hour","f",10,"t","Sydney",-33.91932,151.19715,"Private room",2,1,1,"$170.00",3,365,29,0,0,NA,"t",NA
11841,"24/07/2019","N/A","f",912,"t","Sydney",-33.87315,151.22336,"Entire home/apt",5,1,2,"$287.00",3,365,29,13,0,4.31,"t",1.21
14224,"16/07/2024","within a few hours","f",49,"t","North Sydney",-33.83646841,151.2092011,"Entire home/apt",4,2,2,"$221.00",1,365,0,11,1,4.09,"f",1.59
15871,"23/03/2019","within an hour","t",17,"t","Sydney",-33.88109,151.21501,"Private room",2,1,0,"$99.00",1,14,10,19,4,4.84,"t",4.1
2093,"15/04/2016","N/A","",16,"t","Rockdale",-33.93932,151.13795,"Entire home/apt",3,1,1,"$159.00",4,120,0,125,1,4.71,"f",1.4
5736,"23/01/2017","within an hour","t",4,"t","Manly",-33.79327,151.28651,"Entire home/apt",5,1,2,"$410.00",2,60,0,10,0,4.6,"f",0.26
10022,"7/09/2019","within an hour","t",1,"t","Penrith",-33.75033,150.71931,"Entire home/apt",6,1,3,"$219.00",2,85,23,17,1,4.94,"f",0.96
2702,"9/10/2018","within an hour","f",6,"t","Randwick",-33.91247,151.24608,"Private room",2,1,0,"$245.00",1,365,28,11,0,5,"t",0.2
6757,"11/04/2016","within an hour","f",17,"t","North Sydney",-33.83948,151.20193,"Entire home/apt",6,2,3,"$358.00",2,730,13,96,1,4.74,"t",2.78
10547,"29/11/2013","within an hour","f",6,"t","Sydney",-33.91416,151.20911,"Private room",2,NA,NA,"",90,365,0,1,0,3,"t",0.18
6640,"1/08/2016","within a day","f",39,"t","Auburn",-33.85011215,151.0730178,"Entire home/apt",4,1,2,"$196.00",2,365,26,17,0,4.53,"f",0.55
13529,"4/11/2021","within an hour","t",2,"t","Marrickville",-33.89510015,151.1782733,"Private room",2,1,1,"$89.00",4,365,7,3,1,5,"f",0.57
6488,"20/10/2016","within a day","f",28,"t","Pittwater",-33.66162,151.32316,"Entire home/apt",8,5.5,3,"$3,060.00",90,1125,0,1,0,5,"f",0.03
3980,"18/12/2017","N/A","f",2,"t","Rockdale",-33.9333,151.1469,"Private room",3,1,1,"$81.00",90,1125,28,0,0,NA,"f",NA
8668,"30/07/2015","within a few hours","t",4,"t","Pittwater",-33.6689024,151.3145667,"Entire home/apt",6,1,3,"$245.00",1,365,20,48,2,4.81,"f",1.93
14631,"17/04/2013","N/A","f",1,"t","Randwick",-33.9085719,151.2566272,"Entire home/apt",4,NA,2,"",3,90,0,1,0,5,"f",0.23
8741,"23/03/2019","within an hour","t",17,"t","Leichhardt",-33.88684256,151.1682896,"Private room",2,0.5,1,"$75.00",1,14,5,137,4,4.88,"t",5.63
18,"10/12/2013","within a few hours","t",4,"t","Marrickville",-33.88973,151.17119,"Entire home/apt",2,NA,NA,"",3,1124,0,288,0,4.79,"f",2.07
1328,"2/08/2015","within an hour","f",2,"t","Hornsby",-33.71275,151.10433,"Private room",2,1,1,"$86.00",2,1125,29,51,0,4.35,"f",0.51
7283,"22/11/2013","within an hour","f",3,"t","Sydney",-33.87226,151.22531,"Entire home/apt",2,1,0,"$100.00",2,730,20,74,0,4.53,"t",2.53
16331,"3/02/2025","within an hour","f",18,"t","Ryde",-33.7908826,151.0949295,"Private room",2,1,1,"$54.00",1,365,29,1,0,1,"t",0.29
1056,"8/04/2015","within a day","t",1,"t","Sutherland Shire",-34.05137,151.14884,"Entire home/apt",2,1,1,"$95.00",3,65,0,96,0,4.89,"f",0.82
14358,"31/01/2016","within an hour","t",48,"t","Randwick",-33.9186331,151.2570802,"Entire home/apt",3,NA,1,"",1,365,0,7,0,5,"t",1
16832,"29/11/2023","within an hour","f",46,"t","Ku-Ring-Gai",-33.7783412,151.1654329,"Private room",2,1,1,"$49.00",1,365,7,1,0,1,"f",0.68
16818,"9/04/2015","N/A","f",1,"f","Manly",-33.79209,151.26462,"Private room",2,1,1,"$151.00",5,30,28,0,0,NA,"f",NA
16340,"24/07/2019","N/A","f",912,"t","Leichhardt",-33.8632271,151.1807607,"Entire home/apt",4,2,2,"$270.00",3,365,15,7,2,4.71,"t",2
17563,"22/12/2016","within an hour","f",120,"t","Waverley",-33.88872,151.27,"Entire home/apt",2,1,1,"$224.00",3,365,6,1,1,5,"f",1
10800,"26/08/2016","within an hour","f",1,"t","Fairfield",-33.89035554,150.9144756,"Entire home/apt",4,2,2,"$93.00",1,365,14,18,0,4.61,"f",1.19
11586,"29/08/2014","N/A","f",1,"t","Pittwater",-33.69874027,151.2801056,"Private room",4,1,1,"$250.00",90,365,28,0,0,NA,"f",NA
15522,"15/01/2018","within an hour","t",10,"t","Manly",-33.79897222,151.2841701,"Entire home/apt",3,1,1,"$343.00",2,365,8,15,1,4.87,"t",3.13
13396,"19/04/2018","within an hour","f",59,"t","Sydney",-33.88558,151.20052,"Entire home/apt",7,2,4,"$516.00",2,365,19,9,0,4.67,"t",1.11
15182,"28/05/2017","within an hour","f",50,"t","Rockdale",-33.93164,151.15009,"Entire home/apt",5,2,2,"$172.00",3,365,18,4,0,4.5,"t",0.7
13605,"10/07/2013","within an hour","f",244,"t","Waverley",-33.90001824,151.2650734,"Entire home/apt",6,2,3,"$824.00",1,1125,0,0,0,NA,"t",NA
10457,"20/10/2016","within a day","f",28,"t","Pittwater",-33.63524,151.30912,"Entire home/apt",6,2,3,"$1,091.00",90,1125,28,1,0,4,"f",0.12
13939,"22/10/2016","within an hour","t",22,"t","Auburn",-33.8278798,151.0756637,"Entire home/apt",6,2,2,"$216.00",5,365,16,20,3,4.75,"t",2.46
10121,"4/02/2012","within an hour","t",1,"t","Willoughby",-33.81321089,151.2002737,"Entire home/apt",2,0.5,1,"$100.00",3,90,9,72,2,4.79,"f",3.95
5485,"13/04/2017","within a few hours","f",1,"t","Blacktown",-33.77607,150.82063,"Entire home/apt",2,1,1,"$100.00",7,1125,6,8,1,5,"f",0.21
10762,"2/04/2015","N/A","t",1,"t","Sydney",-33.88069635,151.2139191,"Entire home/apt",2,NA,2,"",90,365,29,20,0,4.8,"f",1.27
2810,"28/05/2018","within an hour","f",12,"t","Sydney",-33.87923,151.20946,"Private room",2,1,1,"$154.00",1,1125,23,198,4,4.49,"t",2.43
10250,"20/05/2020","within an hour","f",1,"t","Hornsby",-33.5152657,151.1770034,"Entire home/apt",4,1.5,2,"$351.00",2,7,27,7,0,4.86,"f",0.43
10303,"26/01/2016","within a few hours","f",3,"t","The Hills Shire",-33.70601,150.99751,"Private room",2,1,1,"$85.00",1,1125,23,4,0,4.5,"f",0.23
4048,"5/08/2018","within an hour","f",4,"t","Sydney",-33.87695,151.18402,"Entire home/apt",4,1,2,"$190.00",90,366,29,17,0,4.59,"t",0.25
3057,"18/04/2016","within an hour","f",1,"t","Ku-Ring-Gai",-33.75479,151.14989,"Entire home/apt",4,2,2,"$221.00",3,125,0,54,0,4.87,"f",0.74
6157,"15/01/2022","within an hour","t",1,"t","Sutherland Shire",-34.008633,151.1966074,"Entire home/apt",10,2,4,"$553.00",90,365,26,70,0,4.93,"f",2.06
1813,"13/11/2014","within a day","t",82,"t","Pittwater",-33.60392,151.32219,"Entire home/apt",10,NA,5,"",1,1125,28,1,0,5,"f",0.01
8945,"12/10/2014","within an hour","f",3,"t","Sutherland Shire",-34.01662,151.10255,"Private room",2,NA,NA,"",3,365,0,6,0,4.83,"f",0.53
2495,"13/05/2014","within an hour","f",55,"t","Sydney",-33.86769,151.21028,"Entire home/apt",2,1,1,"$229.00",90,1125,29,0,0,NA,"f",NA
8261,"23/08/2020","within an hour","t",4,"t","Waverley",-33.89016796,151.2753027,"Entire home/apt",4,1,1,"$360.00",2,365,0,6,0,4.83,"f",0.34
10953,"7/04/2023","within an hour","f",67,"t","The Hills Shire",-33.71255,150.95405,"Private room",2,1,1,"$36.00",1,365,29,8,0,3.25,"t",0.7
8101,"11/02/2022","within an hour","f",20,"t","Waverley",-33.88358,151.28258,"Entire home/apt",4,1,2,"$225.00",3,365,17,16,0,4.75,"f",0.59
14833,"21/12/2021","within a few hours","f",3,"t","Woollahra",-33.8872901,151.2650377,"Private room",2,1,1,"$141.00",1,31,29,4,0,5,"f",0.64
14422,"9/11/2024","within an hour","t",1,"f","Warringah",-33.7184913,151.2961887,"Entire home/apt",4,1,2,"$236.00",2,365,29,4,1,5,"t",0.8
8136,"21/07/2021","N/A","f",1,"t","Sydney",-33.87265,151.22359,"Entire home/apt",2,1,1,"$590.00",1,365,29,1,0,5,"f",0.04
12033,"27/12/2015","within an hour","t",1,"t","Waverley",-33.86327981,151.2832162,"Entire home/apt",5,1,2,"$891.00",2,365,29,9,0,5,"f",1.06
15903,"31/03/2016","within a few hours","f",1,"t","Woollahra",-33.88268,151.25983,"Entire home/apt",4,1,2,"$350.00",14,60,11,0,0,NA,"f",NA
16657,"30/03/2017","within an hour","f",1,"t","Ryde",-33.83354,151.1269,"Entire home/apt",2,1,1,"$50.00",1,365,0,1,1,5,"f",1
5648,"22/12/2014","within an hour","t",4,"t","Willoughby",-33.79606204,151.1790361,"Entire home/apt",2,1,1,"$136.00",1,365,9,148,5,4.93,"f",3.35
8410,"22/09/2015","within a few hours","f",37,"t","Sydney",-33.90383531,151.2076304,"Entire home/apt",5,2,2,"$330.00",2,365,25,3,0,5,"f",0.54
11966,"30/07/2023","N/A","f",2,"t","Sydney",-33.86689659,151.2239158,"Private room",1,1,1,"$105.00",90,365,16,1,0,5,"f",0.44
11305,"17/04/2018","within an hour","",24,"t","Sydney",-33.8747228,151.2037635,"Entire home/apt",4,2,2,"$295.00",3,365,6,16,2,4.88,"f",1.55
7733,"12/01/2023","within an hour","t",5,"t","Sydney",-33.87876,151.20897,"Private room",2,NA,1,"",2,365,14,122,0,4.71,"t",4.24
735,"14/10/2013","N/A","f",1,"t","Randwick",-33.94006,151.23441,"Entire home/apt",5,2,2,"$148.00",90,365,0,0,0,NA,"f",NA
1653,"16/11/2016","a few days or more","f",3,"t","Waverley",-33.88621,151.28146,"Entire home/apt",6,1,3,"$714.00",90,1125,29,0,0,NA,"f",NA
249,"7/05/2013","N/A","f",1,"t","Warringah",-33.77955,151.2597,"Entire home/apt",10,3,5,"$599.00",90,1125,29,8,0,4.88,"f",0.07
11099,"12/02/2023","within an hour","t",2,"t","Canterbury",-33.92353,151.08569,"Entire home/apt",8,1.5,4,"$190.00",2,1125,10,54,2,4.85,"f",3.43
7072,"5/08/2013","within a day","f",1,"t","Sydney",-33.89647,151.21003,"Private room",1,1,1,"$90.00",4,8,22,68,0,4.9,"f",2.21
7400,"25/06/2018","within an hour","t",4,"t","Sydney",-33.87654488,151.2125209,"Entire home/apt",4,1,1,"$218.00",3,730,17,95,3,5,"f",3.17
16477,"4/08/2013","within an hour","t",68,"t","Penrith",-33.77289688,150.6647815,"Entire home/apt",4,1,2,"$250.00",21,365,20,0,0,NA,"f",NA
1276,"4/12/2016","N/A","f",1,"f","Randwick",-33.91021,151.22109,"Entire home/apt",3,1,1,"$181.00",90,1125,28,41,0,4.95,"f",0.4
15164,"20/05/2016","within a few hours","f",1,"f","Warringah",-33.7534178,151.2959197,"Entire home/apt",3,1,1,"$175.00",2,365,18,6,1,4.83,"f",1.07
12224,"26/10/2022","within an hour","f",6,"t","Leichhardt",-33.8689698,151.1680913,"Private room",2,NA,NA,"",1,28,0,1,0,5,"t",0.1
3951,"4/12/2016","within a few hours","f",1,"t","Warringah",-33.7455,151.27632,"Entire home/apt",8,3.5,5,"$350.00",7,365,0,3,0,5,"f",0.5
12053,"23/08/2013","within a day","f",1,"t","Warringah",-33.7782304,151.2859964,"Entire home/apt",8,NA,4,"",90,365,18,0,0,NA,"f",NA
5910,"11/11/2019","within an hour","f",2,"t","Mosman",-33.83069,151.24073,"Entire home/apt",4,1,2,"$360.00",28,42,2,25,1,5,"f",0.65
14041,"10/11/2015","N/A","f",1,"t","Manly",-33.79868191,151.2752188,"Entire home/apt",2,NA,1,"",4,31,0,3,0,5,"f",0.49
8645,"14/08/2022","within an hour","f",1,"t","City Of Kogarah",-33.96133,151.13598,"Entire home/apt",4,2,3,"$320.00",5,365,0,1,0,5,"f",0.18
14541,"31/07/2024","within an hour","f",7,"t","Waverley",-33.89188888,151.2723611,"Private room",8,1,1,"$863.00",1,365,1,0,0,NA,"t",NA
14469,"30/11/2023","within a few hours","f",49,"t","Sydney",-33.91515,151.21014,"Entire home/apt",4,2,2,"$135.00",5,365,1,0,0,NA,"f",NA
6888,"20/10/2016","within an hour","f",1,"t","Waverley",-33.88359,151.2829,"Entire home/apt",3,NA,1,"",3,30,0,36,0,4.92,"f",1.05
13870,"3/06/2018","within an hour","f",1,"t","Sydney",-33.87638782,151.2035483,"Entire home/apt",5,2,2,"$256.00",2,365,11,11,2,4.45,"t",1.4
5120,"28/02/2021","within an hour","t",3,"t","Parramatta",-33.85574,150.98494,"Private room",1,1,1,"$75.00",1,365,29,1,0,4,"f",0.06
4573,"22/09/2015","within a few hours","f",37,"t","Auburn",-33.82879,151.07659,"Entire home/apt",4,2,2,"$182.00",2,1125,29,17,0,4.82,"f",0.35
9365,"17/03/2017","N/A","f",9,"t","Sydney",-33.8896897,151.2029362,"Private room",2,NA,NA,"",1,365,0,3,0,3.67,"t",0.17
6266,"28/01/2020","within an hour","f",9,"t","Marrickville",-33.89867,151.17277,"Entire home/apt",2,1,1,"$150.00",3,1125,2,24,0,4.88,"t",0.63
6089,"29/05/2015","within an hour","f",1,"t","Manly",-33.793938,151.275055,"Entire home/apt",6,2,3,"$300.00",4,30,0,5,0,5,"f",0.78
14968,"24/01/2018","within an hour","f",56,"t","Hurstville",-33.97100092,151.0779777,"Entire home/apt",5,NA,3,"",7,365,0,2,0,3,"t",0.34
2139,"24/11/2015","a few days or more","f",4,"t","City Of Kogarah",-33.986,151.12405,"Entire home/apt",2,1,1,"$123.00",90,365,29,16,0,4.81,"f",0.17
13998,"12/04/2019","within an hour","f",63,"t","Bankstown",-33.9459032,151.011659,"Private room",2,1.5,1,"$51.00",1,89,16,14,0,4.36,"f",1.94
12524,"17/06/2024","N/A","f",1,"t","Randwick",-33.91254648,151.2682747,"Entire home/apt",3,NA,2,"",2,365,0,0,0,NA,"f",NA
12888,"24/10/2011","within an hour","t",75,"t","Manly",-33.8021823,151.2606729,"Entire home/apt",4,NA,3,"",3,365,0,2,0,5,"f",0.36
7922,"23/05/2013","N/A","f",1,"t","Waverley",-33.89714915,151.2552474,"Entire home/apt",3,1,2,"$900.00",5,365,0,0,0,NA,"f",NA
4293,"24/10/2016","within an hour","f",72,"t","Randwick",-33.920491,151.2484929,"Entire home/apt",2,1,1,"$239.00",2,180,0,84,0,4.49,"t",1.3
842,"19/08/2015","N/A","f",1,"t","Liverpool",-33.94662,150.94166,"Private room",3,NA,2,"",90,1125,28,14,0,4.71,"f",0.12
13151,"24/11/2017","within an hour","f",1,"t","The Hills Shire",-33.77117961,151.0464518,"Private room",2,1,1,"$66.00",1,1125,0,28,0,4.71,"f",2.85
684,"1/10/2013","N/A","f",1,"f","Waverley",-33.90192,151.26026,"Entire home/apt",8,2.5,4,"$1,000.00",90,1125,29,0,0,NA,"f",NA
3521,"1/12/2018","N/A","f",1,"t","Campbelltown",-33.97694,150.85269,"Entire home/apt",4,NA,1,"",90,1125,29,63,0,4.65,"f",0.88
2315,"23/08/2013","N/A","f",1,"t","Sydney",-33.89286,151.23146,"Entire home/apt",4,1,2,"$221.00",90,1125,26,27,0,4.85,"f",0.31
17906,"23/05/2023","a few days or more","f",7,"t","Sydney",-33.88489,151.19864,"Entire home/apt",1,1,1,"$134.00",7,365,0,0,0,NA,"t",NA
17211,"9/05/2015","within an hour","f",1,"t","Woollahra",-33.88798,151.25543,"Private room",1,0.5,2,"$115.00",1,90,27,1,1,5,"f",1
13619,"10/07/2013","within an hour","f",244,"t","Woollahra",-33.86717,151.25221,"Entire home/apt",6,2,3,"$489.00",1,1125,29,5,1,4.8,"t",2.08
6735,"11/10/2019","within an hour","f",138,"t","Willoughby",-33.82177,151.19579,"Entire home/apt",4,2,2,"$216.00",2,1125,10,50,1,4.7,"f",1.47
17303,"24/01/2018","within an hour","f",56,"t","Hornsby",-33.6944,151.09837,"Entire home/apt",10,2,3,"$227.00",2,365,3,0,0,NA,"t",NA
10795,"25/07/2022","N/A","f",1,"t","Auburn",-33.86073632,151.036697,"Private room",2,NA,1,"",1,450,0,3,0,5,"f",0.18
6006,"23/05/2012","within a few hours","t",117,"t","Waverley",-33.89283752,151.2607727,"Entire home/apt",4,2,2,"$369.00",5,89,10,39,0,4.9,"f",1.08
4874,"8/08/2015","N/A","f",1,"t","Randwick",-33.91044,151.26059,"Entire home/apt",10,3,5,"$550.00",90,90,29,0,0,NA,"f",NA
14921,"5/03/2015","N/A","f",1,"f","Warringah",-33.782665,151.2885274,"Entire home/apt",6,NA,3,"",4,19,0,0,0,NA,"f",NA
14269,"6/01/2015","within an hour","f",27,"t","Sydney",-33.88060994,151.1936585,"Entire home/apt",2,NA,1,"",5,10,0,15,1,4.47,"f",2.63
2790,"12/04/2017","within an hour","f",14,"t","Sydney",-33.88256,151.19594,"Private room",3,1,1,"$211.00",1,90,29,38,0,4.53,"t",0.56
15812,"5/01/2025","within an hour","",4,"t","Manly",-33.8030149,151.2357231,"Entire home/apt",8,3,3,"$533.00",3,1000,16,6,0,5,"t",1.78
13062,"24/07/2022","N/A","f",15,"t","Warringah",-33.755561,151.2826999,"Entire home/apt",2,1,1,"$189.00",90,90,0,10,0,4.9,"t",1.01
14445,"8/06/2019","N/A","f",1,"t","Willoughby",-33.79625439,151.1757964,"Entire home/apt",2,0.5,1,"$108.00",4,10,27,0,0,NA,"f",NA
4099,"13/05/2015","within an hour","f",14,"t","Sydney",-33.88283,151.21222,"Entire home/apt",3,1,0,"$175.00",3,30,29,8,0,4.38,"f",0.12
17849,"25/07/2024","within an hour","f",4,"t","Sydney",-33.87071,151.21759,"Entire home/apt",6,2,3,"$837.00",1,365,25,0,0,NA,"t",NA
5032,"29/03/2017","within an hour","t",7,"t","Willoughby",-33.79515457,151.1846161,"Entire home/apt",6,2,2,"$198.00",5,1125,6,50,3,4.86,"t",1.54
9116,"27/06/2016","within an hour","t",1,"t","Campbelltown",-34.0762562,150.8012965,"Entire home/apt",10,3,5,"$301.00",2,365,19,16,1,4.94,"t",2.18
5008,"9/09/2014","within an hour","f",28,"t","Sydney",-33.87369,151.22308,"Entire home/apt",2,1,0,"$217.00",1,1125,14,104,2,4.79,"f",3.29
9815,"19/05/2018","within a few hours","f",1,"t","Sydney",-33.8756292,151.2249981,"Entire home/apt",2,1,1,"$129.00",3,100,3,26,3,4.54,"f",1.3
13112,"10/07/2013","within an hour","f",244,"t","Waverley",-33.89195,151.27543,"Entire home/apt",2,NA,1,"",90,1125,0,2,0,5,"t",0.2
6063,"25/04/2019","within an hour","t",68,"t","Sydney",-33.87319,151.19618,"Entire home/apt",4,1,1,"$264.00",160,365,29,2,0,5,"t",0.05
12212,"10/07/2013","within an hour","f",244,"t","Randwick",-33.91048,151.26561,"Entire home/apt",8,NA,4,"",90,1125,0,0,0,NA,"t",NA
8902,"3/04/2016","within an hour","t",2,"t","Sutherland Shire",-34.05044296,151.1136143,"Entire home/apt",10,NA,4,"",10,28,0,2,0,5,"f",0.11
3686,"23/06/2019","within an hour","t",7,"t","Bankstown",-33.96342,151.03421,"Private room",2,2,1,"$56.00",2,365,12,36,1,4.69,"f",0.52
13725,"16/07/2024","within a few hours","f",49,"t","Willoughby",-33.79672832,151.1788384,"Entire home/apt",2,1,1,"$193.00",1,365,0,0,0,NA,"f",NA
15533,"15/10/2024","within a few hours","f",34,"t","Sydney",-33.91497,151.2096,"Entire home/apt",4,NA,2,"",7,365,0,1,0,4,"f",0.22
8364,"27/05/2014","within an hour","t",61,"t","Randwick",-33.91289,151.26929,"Entire home/apt",7,3.5,4,"$691.00",7,365,24,13,1,4.92,"f",0.55
12281,"13/05/2023","within an hour","t",6,"t","Sydney",-33.8602935,151.2031133,"Entire home/apt",4,1,2,"$280.00",2,365,13,38,3,4.89,"t",2.98
11864,"9/04/2015","within an hour","t",3,"t","Waverley",-33.89149738,151.2836481,"Entire home/apt",2,1,1,"$338.00",1,365,18,39,5,4.87,"t",3.6
15523,"7/08/2022","within an hour","f",1,"t","Waverley",-33.88598,151.27311,"Entire home/apt",4,1,2,"$257.00",2,10,12,2,1,5,"f",0.51
11420,"14/03/2015","N/A","f",1,"t","Sydney",-33.89934,151.18774,"Entire home/apt",4,NA,2,"",90,365,0,3,0,5,"f",0.25
8964,"21/12/2014","within an hour","t",1,"t","Randwick",-33.91683,151.24952,"Entire home/apt",6,2,4,"$428.00",2,365,0,21,0,5,"f",1.01
8461,"22/06/2017","N/A","f",1,"t","Warringah",-33.79041156,151.2513887,"Entire home/apt",6,NA,3,"",10,15,0,4,0,5,"f",0.19
17213,"13/01/2025","N/A","f",57,"t","Auburn",-33.8522,151.0615,"Entire home/apt",2,1,1,"$126.00",1,365,18,0,0,NA,"f",NA
4058,"18/12/2019","within an hour","t",25,"t","Sydney",-33.85827,151.20344,"Entire home/apt",8,2,3,"$229.00",1,300,8,190,4,4.86,"f",2.88
14816,"8/03/2017","within a day","f",18,"t","Sydney",-33.9124811,151.206418,"Entire home/apt",8,NA,3,"",4,365,11,0,0,NA,"f",NA
8589,"10/11/2014","within a day","f",2,"t","Pittwater",-33.63700298,151.3267594,"Entire home/apt",12,4.5,5,"$644.00",90,365,22,0,0,NA,"f",NA
17759,"27/08/2024","within an hour","t",6,"t","Strathfield",-33.86088,151.0607,"Entire home/apt",10,2,4,"$330.00",1,365,12,1,1,4,"t",1
524,"4/09/2014","within a few hours","f",1,"t","Waverley",-33.88599,151.2771,"Entire home/apt",4,1,1,"$131.00",2,725,0,263,0,4.69,"t",2.03
18033,"12/11/2024","within a few hours","f",20,"t","Sydney",-33.91607,151.20797,"Private room",2,1,1,"$80.00",6,365,13,0,0,NA,"f",NA
3390,"9/06/2016","N/A","f",1,"t","North Sydney",-33.82571,151.226,"Entire home/apt",2,1,1,"$298.00",5,30,22,45,0,4.8,"f",0.6
47,"9/02/2014","within an hour","t",1,"t","Canada Bay",-33.8494,151.15712,"Entire home/apt",2,1,0,"$113.00",14,280,0,20,0,4.8,"f",0.16
11343,"8/07/2017","within an hour","",83,"t","Leichhardt",-33.8524707,151.1868643,"Entire home/apt",5,1,2,"$228.00",5,365,18,17,1,4.47,"t",1.11
15199,"1/12/2024","N/A","f",5,"t","Hurstville",-33.96467,151.10883,"Private room",2,NA,NA,"",7,365,0,5,0,4.4,"f",0.79
12451,"22/04/2021","within an hour","f",2,"t","Manly",-33.798464,151.2805503,"Entire home/apt",4,NA,2,"",2,14,0,3,0,5,"f",0.77
3710,"20/06/2019","N/A","f",53,"t","Ashfield",-33.88676,151.12489,"Entire home/apt",2,1,1,"$136.00",3,90,0,102,0,4.42,"t",1.41
5196,"24/02/2013","within an hour","t",92,"t","Sydney",-33.87595091,151.2054815,"Entire home/apt",8,2,3,"$396.00",2,1125,0,229,6,4.54,"t",4.6
14044,"12/04/2019","within an hour","f",63,"t","Campbelltown",-33.9819927,150.9001479,"Private room",2,NA,NA,"",3,89,25,1,0,1,"f",0.13
6254,"8/06/2022","within an hour","f",9,"f","Sydney",-33.87633,151.21341,"Entire home/apt",4,1,0,"$265.00",2,90,13,16,0,4.06,"t",0.51
1370,"19/12/2016","N/A","f",1,"t","Ku-Ring-Gai",-33.76059,151.15473,"Entire home/apt",2,1,1,"$78.00",90,365,29,44,0,4.36,"f",0.43
11543,"13/08/2018","within an hour","f",57,"t","Sydney",-33.87852941,151.2059192,"Entire home/apt",4,1,0,"$148.00",1,365,10,44,1,4.48,"f",3.04
4673,"12/09/2020","N/A","f",1,"t","Sutherland Shire",-34.07956,151.1581,"Entire home/apt",10,4,4,"$1,700.00",90,365,22,13,0,4.69,"f",0.23
10476,"4/11/2019","within an hour","t",15,"t","Botany Bay",-33.92940796,151.1972202,"Private room",1,2,1,"$65.00",5,365,29,14,0,4.86,"t",0.76
9298,"21/07/2018","within an hour","t",12,"t","Sydney",-33.87805949,151.2066429,"Entire home/apt",8,2,3,"$433.00",2,365,4,66,3,4.95,"f",3.06
2439,"13/05/2014","within an hour","f",55,"t","Sydney",-33.88172,151.20209,"Entire home/apt",4,1.5,2,"$246.00",90,1124,11,6,0,4.17,"f",0.09
12652,"18/06/2018","within an hour","t",5,"t","Sydney",-33.8758,151.21326,"Entire home/apt",2,1,1,"$189.00",2,365,8,40,4,4.83,"f",4.32
14,"6/12/2013","within an hour","t",7,"f","Waverley",-33.90655899,151.263916,"Entire home/apt",4,1,2,"$139.00",3,180,0,173,1,4.61,"f",1.25
8967,"13/07/2018","within an hour","f",31,"t","Canada Bay",-33.83582,151.08897,"Private room",1,1,1,"$73.00",1,365,23,25,0,4.4,"f",1.07
5980,"6/04/2014","N/A","f",1,"f","Pittwater",-33.62355,151.337494,"Entire home/apt",10,2.5,5,"$1,205.00",7,30,0,4,0,5,"f",0.12
279,"10/12/2012","N/A","f",1,"t","Warringah",-33.76897,151.29007,"Entire home/apt",5,NA,3,"$485.00",90,1125,29,2,0,5,"f",0.02
2963,"6/08/2019","N/A","f",33,"t","Sydney",-33.87863,151.20378,"Entire home/apt",3,1,1,"$171.00",2,90,1,177,2,4.73,"f",2.25
17558,"11/05/2025","within a few hours","f",1,"t","Hornsby",-33.77529053,151.0544208,"Entire home/apt",10,3,4,"$960.00",1,365,0,1,0,5,"f",0.86
13616,"24/01/2014","within a few hours","f",1,"t","Sydney",-33.8763769,151.2094929,"Entire home/apt",4,2,2,"$293.00",7,365,0,16,0,4.75,"f",1.88
10454,"26/11/2023","within an hour","t",43,"t","Sydney",-33.8561466,151.2074439,"Entire home/apt",13,3,5,"$497.00",1,365,4,84,1,4.93,"t",4.65
11148,"20/02/2024","N/A","f",3,"t","Randwick",-33.92139198,151.2573931,"Private room",2,0.5,1,"$130.00",1,365,27,0,0,NA,"t",NA
1648,"23/02/2017","within an hour","t",3,"t","Ku-Ring-Gai",-33.72359,151.10734,"Private room",1,1,1,"$97.00",2,730,28,145,0,4.81,"f",1.43
14451,"14/09/2024","within a day","f",27,"t","Sydney",-33.90933229,151.2054481,"Entire home/apt",2,NA,1,"",1,365,0,0,0,NA,"f",NA
3816,"20/06/2019","N/A","f",53,"t","Sydney",-33.857243,151.202261,"Entire home/apt",6,1,3,"$242.00",3,90,5,185,1,4.56,"f",2.56
5745,"7/06/2014","N/A","f",1,"f","Sutherland Shire",-34.04392,151.08833,"Entire home/apt",4,1,2,"$209.00",4,14,7,11,0,4.82,"t",0.26
253,"7/10/2011","within an hour","t",5,"t","Sydney",-33.87255,151.22403,"Entire home/apt",4,1,1,"$201.00",7,120,6,378,0,4.82,"f",2.54
12877,"14/03/2018","within an hour","f",44,"t","Sydney",-33.88062053,151.2145884,"Entire home/apt",2,1,1,"$146.00",1,365,16,17,4,4.59,"f",1.85
13701,"20/05/2018","a few days or more","f",10,"t","Burwood",-33.87435,151.09632,"Entire home/apt",3,1,0,"$150.00",1,365,0,0,0,NA,"f",NA
15986,"20/04/2015","within an hour","f",6,"t","Randwick",-33.9144633,151.2404495,"Private room",5,1,2,"$439.00",1,90,15,2,0,5,"t",0.81
3029,"4/01/2019","within an hour","f",17,"t","Sydney",-33.8693,151.20622,"Entire home/apt",5,2,2,"$329.00",1,1125,7,400,2,4.72,"t",5.22
11502,"24/07/2019","N/A","f",912,"t","Sydney",-33.89,151.20173,"Entire home/apt",2,1,1,"$138.00",3,365,0,9,0,3.67,"t",0.6
16976,"22/06/2015","within an hour","",30,"t","Sydney",-33.88046,151.18024,"Entire home/apt",4,2,2,"$210.00",3,365,3,3,1,5,"t",2.2
15700,"3/11/2014","within a few hours","f",1,"f","Randwick",-33.91691021,151.2486277,"Entire home/apt",8,3,4,"$1,144.00",5,365,0,1,0,5,"f",0.51
1389,"18/11/2014","within an hour","f",1,"t","Ku-Ring-Gai",-33.76281,151.15649,"Entire home/apt",4,1,2,"$180.00",5,1125,13,63,0,4.9,"f",0.59
908,"15/06/2015","N/A","f",1,"t","Sydney",-33.89091,151.1953,"Private room",2,1,1,"$100.00",90,1125,29,0,0,NA,"f",NA
4914,"8/12/2012","within an hour","f",5,"t","Marrickville",-33.91559,151.15586,"Entire home/apt",6,1,2,"$132.00",3,31,14,122,1,4.48,"t",2.41
3606,"28/11/2018","within a few hours","f",2,"t","Camden",-34.00062,150.73537,"Entire home/apt",13,3,6,"$238.00",3,180,19,71,2,4.7,"f",1.01
5003,"15/06/2012","within a few hours","t",1,"t","Hornsby",-33.54787,151.22545,"Entire home/apt",3,1,0,"$220.00",1,4,17,109,1,4.95,"f",2.19
14145,"15/11/2016","within an hour","f",1,"t","Auburn",-33.84969,151.07519,"Private room",2,1,1,"$90.00",1,1125,14,29,0,4.69,"f",3.85
3303,"24/02/2015","within an hour","t",1,"t","Waverley",-33.89006,151.26688,"Entire home/apt",2,NA,1,"",3,20,12,138,2,4.87,"f",2.01
2514,"9/08/2013","within a few hours","f",1,"t","Manly",-33.79217,151.28562,"Entire home/apt",8,3,4,"$900.00",5,180,0,20,0,4.9,"f",0.24
12910,"22/08/2018","N/A","f",3,"t","Bankstown",-33.95480129,151.0245572,"Private room",3,1,1,"$41.00",90,180,29,0,0,NA,"t",NA
13805,"30/09/2024","within a day","f",1,"t","The Hills Shire",-33.47149,150.97424,"Entire home/apt",10,2.5,4,"$340.00",2,365,27,2,1,5,"f",1
8659,"11/12/2014","within a day","f",72,"t","Pittwater",-33.64989939,151.2796017,"Entire home/apt",2,1,1,"$233.00",2,1125,22,3,0,3.67,"t",0.15
7416,"27/05/2013","within an hour","t",9,"t","Sydney",-33.88527,151.21116,"Entire home/apt",8,2.5,4,"$518.00",2,365,10,87,1,4.9,"f",2.86
4163,"21/02/2015","within a few hours","f",1,"t","Manly",-33.797565,151.271988,"Entire home/apt",4,2,2,"$950.00",6,30,0,2,0,5,"f",0.03
1550,"23/01/2017","within an hour","t",1,"t","Warringah",-33.7767,151.21771,"Entire home/apt",2,1,1,"$108.00",2,30,15,107,4,4.93,"t",1.05
10763,"18/02/2016","within an hour","t",1,"t","Parramatta",-33.7922537,151.0613582,"Entire home/apt",4,1,1,"$106.00",1,1125,0,74,2,4.96,"f",4.48
12332,"18/06/2024","within a few hours","t",1,"t","Rockdale",-33.9945977,151.1426174,"Entire home/apt",4,1,2,"$196.00",1,365,6,14,0,4.71,"f",1.2
528,"20/07/2013","N/A","f",1,"t","Warringah",-33.76195145,151.2977295,"Entire home/apt",8,2.5,4,"$1,650.00",7,30,0,2,0,5,"f",0.02
8480,"5/07/2017","within a day","f",517,"t","Randwick",-33.91352648,151.2390456,"Entire home/apt",4,2,2,"$523.00",3,1125,29,0,0,NA,"f",NA
16425,"25/02/2025","within an hour","f",1,"t","Sydney",-33.87804,151.21564,"Entire home/apt",3,1,2,"$278.00",3,90,9,4,2,4.75,"f",1.15
4568,"6/03/2016","within a few hours","t",9,"t","Sydney",-33.87262,151.20298,"Entire home/apt",2,1,1,"$209.00",4,700,0,94,2,4.97,"f",1.43
3073,"15/03/2014","within a day","t",1,"t","Manly",-33.80120293,151.2917251,"Entire home/apt",4,1,2,"$563.00",2,60,27,46,0,4.93,"f",2.18
3341,"28/01/2019","within an hour","f",6,"t","Randwick",-33.91836,151.24152,"Hotel room",2,1,0,"$188.00",1,1125,21,67,2,4.6,"t",0.9
2002,"22/12/2016","within an hour","f",9,"t","Lane Cove",-33.81905,151.18311,"Private room",3,1,1,"$225.00",1,1125,0,8,0,4.25,"t",0.09
13808,"15/09/2016","within a few hours","f",39,"t","Pittwater",-33.67918216,151.3104721,"Entire home/apt",2,1.5,1,"$220.00",1,365,0,8,0,4.75,"t",1.13
6097,"21/03/2022","N/A","f",1,"f","Randwick",-33.92848,151.25841,"Entire home/apt",4,1,1,"$225.00",3,60,28,9,0,4.78,"f",0.28
2084,"5/08/2015","within an hour","t",1,"t","Sutherland Shire",-34.04454422,151.1542511,"Entire home/apt",6,2.5,3,"$510.00",4,28,20,12,0,5,"t",1.21
8706,"9/07/2022","within an hour","t",7,"t","Rockdale",-33.93756763,151.1481871,"Entire home/apt",4,1,1,"$153.00",1,100,9,36,0,4.78,"f",1.44
12041,"21/10/2023","within an hour","f",42,"t","Sydney",-33.86965278,151.1934951,"Entire home/apt",4,NA,1,"",90,365,0,3,0,4.67,"t",0.25
10817,"6/03/2018","within a few hours","f",1,"t","Manly",-33.7940682,151.2758037,"Entire home/apt",7,2,3,"$561.00",2,365,0,7,1,4.86,"f",0.47
11924,"12/09/2017","within an hour","t",1,"t","Leichhardt",-33.8745113,151.1707426,"Entire home/apt",2,NA,1,"",2,1125,23,27,2,5,"f",3.16
7375,"25/05/2020","N/A","f",15,"t","Manly",-33.7992679,151.285985,"Entire home/apt",4,1,2,"$450.00",2,90,24,68,0,4.91,"t",2.28
16925,"22/08/2012","within an hour","t",19,"t","Sydney",-33.88066,151.21149,"Entire home/apt",2,1,1,"$273.00",2,365,17,4,1,5,"f",2.03
16350,"27/08/2016","within an hour","t",2,"t","Sydney",-33.8757967,151.2180521,"Entire home/apt",2,1,1,"$240.00",2,365,11,10,2,5,"f",2.91
12541,"9/03/2016","within an hour","f",1,"t","Waverley",-33.8885741,151.2705305,"Entire home/apt",2,1,1,"$144.00",2,365,5,26,3,4.69,"f",2.1
14838,"29/11/2023","within an hour","f",46,"t","Ku-Ring-Gai",-33.7646144,151.1604152,"Private room",2,1,1,"$49.00",2,365,0,5,0,2.8,"f",0.73
11252,"21/10/2021","within a day","f",1,"t","Sydney",-33.9209323,151.1951732,"Entire home/apt",3,1,1,"$180.00",1,365,14,17,3,4.94,"f",1.72
3108,"7/03/2019","within an hour","t",1,"t","Randwick",-33.92290516,151.2218026,"Entire home/apt",2,1,1,"$165.00",1,5,13,15,3,5,"f",3.13
9458,"23/12/2022","within an hour","f",5,"t","Manly",-33.79572433,151.2865573,"Entire home/apt",2,1,1,"$127.00",2,365,14,50,1,4.78,"t",2.31
12501,"24/01/2018","within an hour","f",56,"t","Sydney",-33.87792938,151.1906312,"Entire home/apt",7,1,3,"$296.00",3,365,11,33,0,4.7,"t",2.74
6313,"31/12/2015","within an hour","f",1,"t","Blacktown",-33.72446,150.78219,"Private room",1,1,1,"$86.00",1,365,22,52,0,4.81,"f",1.45
10297,"4/01/2019","within an hour","f",17,"t","Parramatta",-33.8196391,150.99992,"Entire home/apt",4,1,2,"$229.00",1,365,0,26,0,4.35,"t",1.4
3,"22/04/2010","within an hour","f",1,"t","Sydney",-33.87888,151.21439,"Entire home/apt",2,1,1,"$140.00",2,180,1,82,3,4.88,"f",0.46
9510,"6/01/2015","within an hour","f",27,"t","Auburn",-33.8234626,151.0780582,"Entire home/apt",3,NA,1,"",3,15,0,39,0,4.72,"f",1.83
11767,"5/08/2014","within an hour","t",1,"t","Pittwater",-33.66507,151.31758,"Entire home/apt",2,1,1,"$350.00",2,40,0,12,0,5,"f",0.92
4932,"12/11/2018","N/A","f",1,"t","Penrith",-33.76794,150.78216,"Private room",2,0,1,"$65.00",90,1125,28,0,0,NA,"t",NA
6353,"21/06/2015","within an hour","f",35,"t","Warringah",-33.77647,151.29037,"Entire home/apt",4,1.5,2,"$259.00",2,730,0,18,0,4.56,"f",0.47
10562,"18/08/2011","within an hour","f",1,"t","Pittwater",-33.65222002,151.3180278,"Entire home/apt",4,1,2,"$359.00",5,30,29,3,0,5,"f",0.44
2450,"21/12/2017","N/A","f",1,"f","Waverley",-33.89013,151.27458,"Private room",2,NA,NA,"",90,1125,0,22,0,4.91,"f",0.25
2910,"29/09/2014","N/A","f",1,"t","Randwick",-33.91804,151.25871,"Private room",2,1,1,"$150.00",90,1125,28,0,0,NA,"f",NA
7735,"29/08/2024","N/A","f",39,"t","Mosman",-33.8234477,151.2434418,"Entire home/apt",4,1,2,"$250.00",5,1125,9,8,0,4.88,"t",0.54
16614,"22/03/2016","within a few hours","t",4,"t","Sydney",-33.89968923,151.2127919,"Entire home/apt",3,2,2,"$280.00",14,365,29,0,0,NA,"t",NA
16151,"3/09/2024","within an hour","",11,"t","Auburn",-33.85044222,151.061946,"Entire home/apt",4,1,1,"$124.00",2,60,19,8,2,4.5,"f",2.16
1654,"14/04/2015","within an hour","t",1,"t","Leichhardt",-33.85846,151.18474,"Entire home/apt",6,2.5,3,"$369.00",3,730,13,185,1,4.9,"f",1.78
12023,"12/05/2015","within an hour","t",3,"t","Rockdale",-33.94229,151.15124,"Private room",2,1,1,"$86.00",1,90,13,45,6,4.96,"f",3.25
5267,"27/05/2018","N/A","f",1,"t","Waverley",-33.89813,151.26171,"Entire home/apt",2,1,1,"$143.00",90,90,22,0,0,NA,"f",NA
13390,"6/01/2014","within an hour","f",1,"t","Marrickville",-33.89966,151.15383,"Entire home/apt",3,NA,1,"",1,365,0,3,1,4,"f",0.54
11760,"25/08/2019","within an hour","f",169,"t","Auburn",-33.8694768,151.0322394,"Private room",2,2,1,"$45.00",1,89,28,18,1,4.11,"f",1.53
4538,"22/03/2016","within an hour","t",1,"t","Warringah",-33.76262,151.2999,"Entire home/apt",2,1,1,"$167.00",2,365,8,136,0,4.83,"t",2.31
433,"23/05/2014","within an hour","t",15,"t","Sydney",-33.87431,151.21601,"Private room",1,1.5,1,"$103.00",2,28,20,375,2,4.87,"f",3.1
17598,"2/06/2023","within an hour","f",31,"t","Botany Bay",-33.92279308,151.1881016,"Entire home/apt",2,1,1,"$122.00",7,365,19,0,0,NA,"f",NA
53,"29/07/2012","N/A","f",1,"t","Willoughby",-33.8002,151.21852,"Private room",2,3,13,"$95.00",90,1125,28,16,0,4.63,"f",0.13
15507,"27/12/2024","within a few hours","f",1,"t","Manly",-33.80236,151.2869,"Entire home/apt",4,1,2,"$450.00",2,1125,0,6,0,4.67,"f",1.06
9730,"16/08/2015","N/A","f",1,"t","Sutherland Shire",-34.05047,151.12195,"Entire home/apt",2,1,1,"$300.00",5,90,0,7,0,5,"f",0.48
14713,"23/11/2024","within an hour","t",10,"t","Auburn",-33.82602348,151.0798874,"Entire home/apt",4,2,2,"$175.00",4,365,25,1,1,4,"f",1
8446,"30/06/2020","within an hour","t",24,"t","Holroyd",-33.81905,150.991,"Private room",1,NA,NA,"",7,365,0,21,0,4.86,"f",0.78
17098,"3/07/2018","within an hour","t",2,"t","Waverley",-33.89304563,151.2633018,"Entire home/apt",2,1,1,"$116.00",2,365,14,7,3,5,"f",3.28
4539,"18/08/2017","N/A","f",2,"t","Marrickville",-33.88823,151.16268,"Entire home/apt",2,1.5,1,"$140.00",6,730,8,64,2,4.95,"f",1.16
14112,"10/10/2024","N/A","f",1,"t","Manly",-33.80009,151.29154,"Entire home/apt",2,NA,1,"",2,365,0,1,0,5,"f",0.12
5873,"20/07/2019","within an hour","f",13,"t","Sydney",-33.87836,151.21879,"Entire home/apt",4,2,2,"$440.00",90,90,28,0,0,NA,"t",NA
11637,"18/08/2020","N/A","f",1,"t","Blacktown",-33.76178245,150.8332264,"Private room",2,1,1,"$200.00",1,14,22,4,0,5,"f",0.31
12720,"9/09/2017","within an hour","t",17,"t","Sydney",-33.88596,151.21269,"Entire home/apt",2,1,0,"$132.00",1,365,6,94,5,4.78,"f",8.2
10432,"29/11/2013","within an hour","f",6,"t","Sydney",-33.9136808,151.2077117,"Private room",2,1,1,"$297.00",1,365,12,24,0,4.75,"t",1.34
7431,"15/12/2022","within an hour","",9,"t","Fairfield",-33.87526,150.93233,"Entire home/apt",3,1,1,"$92.00",1,365,9,133,3,4.8,"f",4.45
5422,"23/08/2020","within an hour","t",4,"t","Waverley",-33.8916,151.27461,"Entire home/apt",6,1,2,"$566.00",2,90,20,125,1,4.9,"f",2.9
13011,"15/10/2014","within an hour","t",2,"t","Ku-Ring-Gai",-33.74482,151.1371,"Entire home/apt",3,1,0,"$152.00",2,1125,17,9,0,5,"f",1.07
14384,"6/08/2016","within a few hours","t",3,"t","Mosman",-33.8390347,151.2330882,"Entire home/apt",2,1,1,"$350.00",5,365,28,9,0,5,"f",1.32
14707,"31/05/2021","within an hour","t",1,"t","Sydney",-33.87379187,151.1983957,"Entire home/apt",2,1,1,"$150.00",1,30,10,23,2,4.87,"f",4.06
2205,"26/03/2017","within an hour","t",1,"t","Canada Bay",-33.82752,151.08538,"Entire home/apt",8,2.5,3,"$570.00",2,365,27,47,0,4.91,"f",0.49
1940,"7/07/2012","within an hour","t",6,"t","Sydney",-33.88017,151.21225,"Private room",4,1,1,"$103.00",2,1125,6,199,4,4.83,"f",2.03
17365,"14/04/2023","within an hour","f",81,"t","Sydney",-33.90813889,151.2090959,"Entire home/apt",5,2,2,"$165.00",1,365,27,1,0,5,"t",0.79
9435,"16/09/2023","N/A","f",1,"t","City Of Kogarah",-33.9604202,151.1371223,"Private room",2,1,1,"$90.00",90,365,28,0,0,NA,"f",NA
14814,"25/11/2016","within a few hours","f",5,"t","Waverley",-33.8985778,151.2704291,"Entire home/apt",4,NA,2,"",4,30,0,0,0,NA,"f",NA
3308,"29/06/2018","within an hour","t",3,"t","Sydney",-33.86397,151.20656,"Entire home/apt",8,1.5,3,"$704.00",2,1125,6,218,1,4.83,"f",2.96
17427,"27/04/2025","within an hour","f",1,"t","North Sydney",-33.84490407,151.2166991,"Entire home/apt",4,1,2,"$314.00",2,25,7,8,5,5,"f",5.33
9288,"21/07/2018","within an hour","t",12,"t","Sydney",-33.87811295,151.2078047,"Entire home/apt",8,2,2,"$432.00",2,365,3,26,0,4.92,"f",1.17
4908,"14/11/2013","within an hour","t",3,"t","Marrickville",-33.90081,151.17444,"Entire home/apt",2,1,1,"$106.00",5,1125,18,278,1,4.79,"f",4.91
3878,"19/12/2014","N/A","f",1,"t","Sutherland Shire",-34.05722,151.14079,"Entire home/apt",4,NA,3,"",3,28,0,8,0,4.75,"t",0.23
14500,"11/01/2023","within an hour","f",5,"t","Rockdale",-33.9648084,151.1485975,"Entire home/apt",2,1,1,"$108.00",1,365,16,20,2,4.55,"t",2.86
3143,"29/12/2018","N/A","f",1,"t","Blacktown",-33.76072,150.83549,"Private room",4,1,2,"$67.00",90,90,29,0,0,NA,"f",NA
6780,"8/04/2020","within an hour","f",180,"t","Sydney",-33.8690146,151.2043704,"Entire home/apt",6,1,1,"$194.00",2,365,1,17,1,4.18,"f",0.52
16749,"25/03/2025","within a few hours","f",3,"t","Hurstville",-33.96339,151.04781,"Private room",2,1.5,1,"$72.00",90,180,29,0,0,NA,"f",NA
6850,"11/02/2022","within an hour","f",20,"t","Manly",-33.79211,151.28578,"Entire home/apt",4,2,2,"$255.00",4,365,20,25,1,4.76,"t",0.76
13286,"1/10/2012","within an hour","f",45,"t","Woollahra",-33.8767724,151.2337324,"Entire home/apt",2,1,NA,"$116.00",2,90,27,15,0,4.53,"f",1.73
9557,"2/07/2015","within a day","f",1,"t","Woollahra",-33.88289021,151.2328295,"Entire home/apt",4,NA,3,"",2,365,0,6,0,5,"f",0.3
11817,"16/11/2017","within a few hours","t",3,"t","Manly",-33.80057603,151.2907772,"Entire home/apt",4,NA,2,"",90,365,0,1,0,5,"f",0.08
8533,"24/07/2012","within a few hours","t",126,"t","Waverley",-33.8905,151.2853,"Entire home/apt",8,3,4,"$4,551.00",1,1125,18,0,0,NA,"f",NA
9913,"16/04/2023","N/A","t",1,"t","Bankstown",-33.9021102,151.0550731,"Private room",3,1,1,"$70.00",90,365,0,11,0,4.82,"f",0.58
12425,"2/01/2020","a few days or more","f",1,"t","Canada Bay",-33.86649,151.09322,"Private room",2,0.5,1,"$63.00",90,365,29,0,0,NA,"t",NA
17091,"20/03/2025","within an hour","f",1,"t","Pittwater",-33.68032548,151.3007774,"Entire home/apt",6,1,3,"$324.00",3,1125,0,2,0,5,"f",0.97
11614,"19/04/2018","within an hour","f",59,"t","North Sydney",-33.8351409,151.2054859,"Entire home/apt",4,2,2,"$342.00",2,365,16,11,0,4.45,"t",0.85
5340,"31/05/2021","N/A","f",1,"f","Sydney",-33.87295,151.19647,"Entire home/apt",2,1,1,"$427.00",1,365,0,78,0,4.36,"t",1.6
4873,"1/07/2012","within an hour","f",1,"t","Woollahra",-33.88071,151.2281,"Entire home/apt",2,1,1,"$271.00",3,730,21,62,2,4.61,"f",1.7
4348,"4/03/2017","within a few hours","t",1,"t","Pittwater",-33.65862,151.32281,"Entire home/apt",2,1,0,"$193.00",2,30,27,53,2,4.83,"f",1.97
8177,"12/02/2023","within an hour","f",1,"t","Sydney",-33.8780644,151.2217372,"Entire home/apt",2,1,1,"$308.00",2,365,0,14,0,5,"f",0.55
4396,"28/02/2019","within a few hours","f",1,"t","Randwick",-33.92290572,151.230842,"Entire home/apt",2,1,1,"$127.00",5,100,20,12,1,4.67,"f",0.81
8250,"5/06/2014","within a few hours","f",1,"t","Leichhardt",-33.85835432,151.192249,"Entire home/apt",2,1,1,"$133.00",2,90,3,8,4,5,"f",5.22
3534,"26/09/2014","within an hour","t",4,"t","Sutherland Shire",-34.08405,151.14671,"Entire home/apt",7,NA,3,"",2,60,0,32,0,4.75,"f",0.44
17475,"13/01/2025","N/A","f",57,"t","Sydney",-33.867823,151.193135,"Entire home/apt",3,1,1,"$192.00",1,365,14,0,0,NA,"f",NA
16324,"9/09/2023","within an hour","t",14,"t","Sydney",-33.873116,151.1813686,"Entire home/apt",2,NA,1,"",2,365,11,6,1,5,"t",1.75
3865,"17/05/2019","N/A","f",8,"t","Botany Bay",-33.94759,151.19793,"Private room",1,2,4,"$19.00",333,334,29,3,0,4.67,"t",0.04
17341,"14/09/2021","within an hour","t",2,"f","Sutherland Shire",-34.04433839,151.1570792,"Entire home/apt",4,1,1,"$148.00",1,365,19,6,6,5,"f",6
10650,"6/09/2022","within an hour","t",1,"f","The Hills Shire",-33.4019239,150.977883,"Entire home/apt",7,1,3,"$347.00",2,14,22,9,0,4.89,"f",0.65
14970,"20/06/2019","N/A","f",53,"t","Woollahra",-33.8831354,151.2231649,"Entire home/apt",6,2,3,"$422.00",2,90,0,8,0,4.88,"f",1.33
7404,"19/01/2022","within an hour","t",42,"t","Canada Bay",-33.8552598,151.1475443,"Entire home/apt",2,NA,NA,"",28,365,0,3,0,4.67,"f",0.11
4581,"7/11/2012","within an hour","t",1,"f","Leichhardt",-33.85789,151.19311,"Entire home/apt",5,1,3,"$536.00",2,365,23,11,0,4.82,"f",1.26
14478,"8/12/2023","within an hour","f",13,"t","Sydney",-33.86432,151.20703,"Entire home/apt",3,1,1,"$206.00",2,365,11,28,2,4.61,"t",4.08
1255,"1/09/2024","N/A","f",44,"t","North Sydney",-33.83711,151.20505,"Entire home/apt",1,2,2,"$294.00",5,1125,15,17,0,4.06,"t",0.16
16908,"31/03/2025","within a few hours","f",1,"t","The Hills Shire",-33.40289122,150.9752652,"Entire home/apt",16,3,6,"$800.00",3,365,25,3,2,4.67,"t",1.55
10008,"24/12/2018","within a few hours","t",2,"t","Penrith",-33.78349,150.67775,"Private room",2,1,1,"$73.00",2,10,28,36,0,4.81,"f",1.96
1143,"21/04/2016","within an hour","t",2,"t","Bankstown",-33.9019,151.02904,"Private room",2,1.5,1,"$58.00",2,1125,0,28,0,4.89,"t",0.26
12150,"2/03/2020","within an hour","t",13,"t","North Sydney",-33.84936183,151.2155244,"Entire home/apt",4,1,1,"$251.00",2,180,11,95,4,4.95,"f",7.2
4945,"25/08/2019","within an hour","f",169,"t","Fairfield",-33.8821644,150.9595761,"Private room",1,1,1,"$41.00",90,365,29,42,0,4.38,"f",0.8
8614,"27/02/2019","N/A","f",1,"t","Waverley",-33.88898368,151.274755,"Entire home/apt",8,5,4,"$5,715.00",7,365,28,1,0,5,"f",0.05
9620,"15/12/2015","N/A","f",1,"t","Warringah",-33.78409274,151.2859254,"Entire home/apt",4,NA,2,"",2,365,0,5,0,4.4,"t",0.28
13554,"4/05/2018","within an hour","t",2,"t","Sydney",-33.87187949,151.1979981,"Entire home/apt",3,1,1,"$157.00",4,365,29,17,1,4.82,"t",1.99
5400,"8/11/2020","within an hour","f",12,"t","Leichhardt",-33.862808,151.173309,"Entire home/apt",2,1.5,1,"$80.00",3,180,13,84,2,4.61,"f",1.99
15122,"12/04/2022","within an hour","t",3,"t","Rockdale",-33.9620744,151.1540825,"Private room",2,1,2,"$105.00",3,365,0,5,0,5,"f",0.89
14476,"19/02/2016","within a few hours","f",1,"t","Randwick",-33.9284,151.25417,"Entire home/apt",7,2,4,"$631.00",6,28,24,5,0,5,"f",0.92
3774,"30/06/2019","a few days or more","f",4,"t","Woollahra",-33.88559,151.24452,"Private room",2,0,1,"$51.00",90,1125,29,0,0,NA,"f",NA
7660,"12/02/2020","within an hour","t",3,"t","North Sydney",-33.84763,151.2147,"Entire home/apt",5,1,2,"$282.00",1,365,6,229,6,4.85,"f",8.69
12562,"23/04/2021","within an hour","f",7,"t","Penrith",-33.7452219,150.6983351,"Entire home/apt",12,2.5,5,"$599.00",2,180,24,13,2,4.85,"f",1.05
1042,"3/07/2015","within a day","t",1,"t","Pittwater",-33.61289,151.3283,"Entire home/apt",2,1,1,"$600.00",2,14,28,311,1,4.97,"f",2.75
8892,"23/03/2019","within an hour","t",17,"t","Leichhardt",-33.88736798,151.1679899,"Private room",2,1,1,"$62.00",1,14,11,117,4,4.81,"f",5.13
6522,"24/01/2018","within an hour","f",56,"t","Randwick",-33.91886,151.22528,"Entire home/apt",4,NA,2,"",1,365,29,1,1,1,"t",1
9750,"28/09/2018","within an hour","f",1,"t","Blacktown",-33.72108154,150.9293563,"Entire home/apt",8,2,4,"$202.00",3,365,16,53,3,4.77,"t",2.79
11509,"21/03/2016","within a few hours","f",17,"t","Botany Bay",-33.92248,151.18571,"Entire home/apt",5,2,2,"$203.00",2,365,29,17,0,4.88,"f",1.19
13309,"26/02/2020","within an hour","",3,"t","Auburn",-33.8699407,151.024663,"Entire home/apt",8,2,4,"$295.00",5,365,0,19,0,5,"f",2.15
13449,"18/07/2016","N/A","f",1,"t","Manly",-33.7987771,151.259993,"Entire home/apt",8,2,4,"$1,000.00",10,30,19,0,0,NA,"f",NA
7014,"16/10/2021","within an hour","f",40,"t","Fairfield",-33.8656035,150.9555935,"Private room",3,2,1,"$45.00",1,90,22,76,2,4.45,"f",2.35
11203,"22/03/2023","within an hour","t",12,"t","North Sydney",-33.83077,151.20595,"Entire home/apt",2,1,0,"$147.00",2,365,20,35,0,4.89,"f",2.21
10514,"15/10/2012","within an hour","",86,"t","Mosman",-33.8251109,151.2328632,"Entire home/apt",5,NA,2,"",1,365,3,14,0,5,"f",0.78
16640,"24/07/2019","N/A","f",912,"t","Sydney",-33.9128815,151.2030014,"Entire home/apt",6,2,3,"$367.00",3,365,7,4,0,4.25,"t",1.52
15236,"13/11/2014","within a day","t",82,"t","Pittwater",-33.59928186,151.3249206,"Entire home/apt",12,5.5,7,"$2,241.00",1,1125,0,0,0,NA,"f",NA
7055,"27/09/2014","N/A","f",1,"t","North Sydney",-33.84553,151.2013,"Private room",2,1,1,"$108.00",90,1125,0,1,0,5,"f",0.15
14675,"10/08/2015","within a few hours","f",1,"t","Waverley",-33.89175036,151.2840752,"Entire home/apt",4,1,2,"$340.00",2,365,5,2,0,5,"f",0.36
11763,"11/09/2022","within an hour","",6,"t","Hurstville",-33.96351,151.09503,"Entire home/apt",4,2,2,"$384.00",7,365,0,1,0,2,"t",0.18
10819,"13/12/2012","within a few hours","t",2,"t","Rockdale",-33.96767647,151.1234628,"Private room",1,1.5,1,"$55.00",4,30,0,7,0,4.86,"f",0.44
15269,"2/09/2016","N/A","f",1,"t","Warringah",-33.76361101,151.271478,"Entire home/apt",2,1,1,"$147.00",2,365,0,0,0,NA,"f",NA
6088,"12/02/2016","within an hour","t",21,"t","Manly",-33.802212,151.287811,"Entire home/apt",2,1,1,"$250.00",3,40,17,73,1,4.9,"f",1.95
16097,"9/10/2019","within a day","f",17,"t","Strathfield",-33.862632,151.0787518,"Entire home/apt",2,1,1,"$202.00",1,365,25,1,0,1,"f",0.55
9934,"11/05/2015","within an hour","f",2,"t","North Sydney",-33.85029,151.21667,"Entire home/apt",2,1,1,"$104.00",21,90,0,3,0,5,"t",0.25
9493,"9/10/2023","a few days or more","f",1,"t","Mosman",-33.837966,151.2567638,"Entire home/apt",16,4,9,"$1,207.00",1,365,11,0,0,NA,"f",NA
10417,"2/01/2019","within an hour","t",4,"t","Ku-Ring-Gai",-33.77493,151.16145,"Entire home/apt",3,1,2,"$153.00",2,365,29,2,1,5,"f",0.11
6575,"1/07/2015","N/A","f",1,"t","Woollahra",-33.86937,151.2397,"Entire home/apt",5,2,3,"$350.00",90,365,23,10,0,4.2,"f",0.3
4193,"25/02/2017","within an hour","f",5,"t","Leichhardt",-33.864,151.1695,"Entire home/apt",4,1.5,2,"$689.00",3,365,22,60,0,4.52,"f",0.97
13436,"5/01/2023","within an hour","f",50,"t","Canterbury",-33.9464802,151.0684473,"Private room",2,1,1,"$55.00",1,89,29,12,0,4.25,"f",1.51
4435,"15/12/2013","within a few hours","f",3,"t","Leichhardt",-33.88302,151.16739,"Private room",2,1,1,"$62.00",2,30,7,2,0,5,"f",0.03
15310,"15/12/2023","within an hour","f",14,"t","Sydney",-33.9140644,151.2105119,"Entire home/apt",4,2,2,"$135.00",4,365,1,0,0,NA,"f",NA
8632,"24/07/2019","N/A","f",912,"t","Manly",-33.8009905,151.2956644,"Entire home/apt",4,2,2,"$769.00",90,365,0,24,0,4.67,"f",1.02
8345,"23/05/2015","within a few hours","f",2,"t","Waverley",-33.8940106,151.2711964,"Private room",2,1,1,"$120.00",4,30,28,0,0,NA,"f",NA
7122,"17/11/2014","N/A","f",1,"t","Leichhardt",-33.88419,151.14568,"Entire home/apt",6,2,4,"$550.00",90,365,29,0,0,NA,"f",NA
12815,"19/10/2021","within an hour","f",15,"t","Waverley",-33.8905534,151.2828853,"Entire home/apt",2,1,1,"$124.00",1,180,26,17,2,4.59,"t",1.57
8396,"19/02/2020","within an hour","f",22,"t","Lane Cove",-33.80613688,151.1574876,"Entire home/apt",3,1,1,"$219.00",2,365,23,12,0,4.75,"f",0.45
15931,"17/04/2014","N/A","f",1,"t","Randwick",-33.91381588,151.2480246,"Entire home/apt",8,3.5,4,"$850.00",5,42,20,0,0,NA,"f",NA
12771,"14/02/2017","within an hour","t",11,"t","Ryde",-33.78121849,151.1001914,"Private room",2,1,1,"$60.00",1,365,17,8,0,5,"f",0.65
15105,"27/11/2012","within an hour","t",1,"t","Waverley",-33.8948443,151.2738559,"Entire home/apt",6,1,2,"$378.00",3,365,19,17,0,4.82,"f",2.79
14475,"18/05/2014","within an hour","t",1,"t","Sydney",-33.887439,151.2159642,"Entire home/apt",4,2,2,"$266.00",1,365,10,11,0,4.91,"f",1.99
4910,"27/08/2019","within an hour","f",2,"t","Penrith",-33.74792,150.69963,"Entire home/apt",2,1,1,"$151.00",7,365,0,15,0,5,"f",0.36
12207,"6/01/2015","within an hour","f",27,"t","Botany Bay",-33.92085,151.1860675,"Entire home/apt",3,1,1,"$121.00",2,7,22,60,5,4.63,"f",4.7
5304,"17/10/2017","within an hour","t",2,"t","Sydney",-33.8793054,151.2136184,"Private room",2,1,1,"$119.00",2,28,14,126,2,4.9,"f",3.52
11520,"11/10/2023","within an hour","t",2,"t","Bankstown",-33.89170872,150.9900203,"Entire home/apt",4,1,2,"$199.00",2,1125,4,19,0,4.84,"t",1.31
2780,"2/05/2016","within an hour","t",2,"t","Mosman",-33.81964,151.24558,"Private room",1,1,2,"$150.00",2,1125,16,2,0,5,"f",0.07
12978,"12/11/2016","within a few hours","t",1,"t","North Sydney",-33.8422209,151.213892,"Entire home/apt",4,1,0,"$234.00",2,60,17,10,2,4.8,"f",1.78
10338,"27/09/2011","within an hour","f",1,"t","Marrickville",-33.90756286,151.1442888,"Entire home/apt",2,1,1,"$167.00",5,7,0,2,0,5,"f",0.11
2966,"8/11/2018","within an hour","t",1,"t","Sydney",-33.88931,151.20332,"Entire home/apt",2,1,1,"$233.00",2,90,28,187,1,5,"f",2.39
3455,"22/07/2019","N/A","f",1,"t","Sydney",-33.89784,151.20343,"Entire home/apt",2,1,1,"$132.00",4,31,26,83,0,4.57,"f",1.18
562,"23/10/2012","within an hour","f",1,"t","Woollahra",-33.88909,151.24175,"Entire home/apt",4,2,2,"$546.00",3,180,21,236,0,4.77,"f",1.85
856,"11/12/2015","N/A","f",1,"t","Warringah",-33.78151,151.27696,"Entire home/apt",2,1,0,"$143.00",90,1125,29,134,0,4.83,"f",1.18
14600,"3/10/2024","within a few hours","f",3,"t","Sydney",-33.86878998,151.2037172,"Private room",2,1,1,"$129.00",28,365,0,1,0,5,"f",0.32
234,"20/01/2015","within an hour","t",2,"t","Botany Bay",-33.92321777,151.1877289,"Entire home/apt",3,NA,1,"",1,365,0,94,0,4.88,"f",0.75
2949,"14/08/2012","within an hour","t",1,"t","Sydney",-33.89045,151.20963,"Entire home/apt",2,1,0,"$144.00",3,1125,26,61,0,4.84,"f",0.77
16271,"7/04/2023","within an hour","f",67,"t","Holroyd",-33.84874065,150.9691963,"Private room",2,1,1,"$77.00",1,365,12,1,0,5,"t",0.57
4672,"10/01/2020","N/A","f",2,"t","Botany Bay",-33.9389,151.2278,"Private room",2,NA,NA,"",90,1125,28,0,0,NA,"f",NA
2138,"23/06/2017","within an hour","t",1,"t","Burwood",-33.87819,151.10613,"Entire home/apt",3,1,1,"$181.00",2,28,22,42,1,4.88,"t",1.37
912,"20/12/2014","within a few hours","f",1,"t","Lane Cove",-33.80784,151.16639,"Entire home/apt",4,NA,3,"",2,7,0,6,0,4.5,"f",0.05
13226,"15/05/2017","within an hour","t",2,"t","Warringah",-33.7539557,151.2911101,"Entire home/apt",6,2,3,"$287.00",3,365,17,16,0,4.94,"f",2.05
5819,"26/08/2016","within an hour","f",78,"t","Ashfield",-33.89269,151.13303,"Entire home/apt",3,1,0,"$143.00",90,365,14,87,5,4.7,"t",2.23
9500,"10/07/2013","within an hour","f",244,"t","Waverley",-33.89567,151.27097,"Entire home/apt",6,3,4,"$727.00",1,1125,14,23,1,4.61,"t",1.17
6686,"24/09/2022","within an hour","f",2,"t","Ryde",-33.8207484,151.1031997,"Entire home/apt",16,6,10,"$1,191.00",2,365,14,51,1,4.8,"f",1.77
15145,"26/09/2022","within an hour","f",27,"t","Sydney",-33.9066,151.20953,"Private room",2,NA,NA,"",7,365,0,0,0,NA,"t",NA
2848,"5/09/2018","within an hour","f",7,"t","Sydney",-33.86844036,151.1928519,"Entire home/apt",4,2,2,"$270.00",1,1125,10,189,3,4.78,"t",2.3
17551,"9/11/2024","within an hour","f",4,"t","Marrickville",-33.90925355,151.1594996,"Entire home/apt",6,NA,3,"",1,365,0,0,0,NA,"f",NA
357,"28/01/2013","N/A","f",1,"t","Manly",-33.80811,151.26688,"Entire home/apt",6,3,3,"$324.00",90,90,29,7,0,4.86,"f",0.05
10192,"17/11/2017","within a few hours","t",1,"t","Warringah",-33.75571,151.28363,"Entire home/apt",2,0,1,"$183.00",4,365,0,15,0,4.8,"f",0.84
11266,"24/02/2018","within a few hours","f",1,"t","North Sydney",-33.84302665,151.2068014,"Entire home/apt",4,1,2,"$507.00",1,8,22,1,0,5,"f",0.13
11256,"11/11/2016","within an hour","f",1,"t","Sydney",-33.87756,151.22129,"Entire home/apt",2,1,1,"$162.00",2,365,5,40,3,4.73,"t",2.49
13812,"13/01/2018","within a few hours","f",1,"t","Waverley",-33.889133,151.2758376,"Entire home/apt",4,2,2,"$366.00",2,30,16,22,3,5,"f",3.33
33,"18/05/2011","N/A","f",1,"f","Waverley",-33.88918,151.28414,"Entire home/apt",4,1,2,"$269.00",90,365,29,5,0,4.33,"f",0.03
8691,"2/07/2023","within a day","f",3,"t","Pittwater",-33.59358957,151.3225888,"Entire home/apt",8,3,4,"$1,629.00",2,365,28,6,0,4.83,"f",0.3
3636,"29/04/2017","within a few hours","f",1,"f","Waverley",-33.88876,151.28342,"Private room",1,1,1,"$81.00",90,1125,20,1,0,5,"f",0.01
16377,"24/07/2014","within an hour","t",9,"t","Waverley",-33.89300131,151.2552441,"Entire home/apt",2,1,1,"$109.00",4,365,10,1,1,5,"f",1
4236,"29/10/2013","within an hour","f",1,"t","Sutherland Shire",-34.06628,151.01268,"Entire home/apt",4,1,2,"$319.00",7,28,0,26,0,4.88,"f",0.48
14265,"16/09/2024","within a day","f",1,"f","Manly",-33.80327982,151.2902371,"Entire home/apt",10,3.5,5,"$1,710.00",7,53,0,0,0,NA,"f",NA
15154,"11/11/2024","within an hour","f",7,"t","Botany Bay",-33.9237865,151.1846393,"Entire home/apt",5,2,2,"$226.00",2,365,3,13,1,4.15,"t",2.32
11731,"14/11/2015","within a few hours","f",1,"t","Sydney",-33.8916015,151.2092154,"Entire home/apt",2,1,1,"$168.00",2,30,16,14,0,4.86,"f",1.07
10788,"30/12/2023","within a few hours","f",1,"t","Waverley",-33.8893725,151.2800401,"Entire home/apt",2,NA,1,"",3,9,6,7,0,4.57,"f",0.44
2158,"15/04/2016","N/A","",16,"t","Sydney",-33.86147,151.2044,"Entire home/apt",6,2,3,"$383.00",2,60,10,370,2,4.8,"f",4.14
15049,"30/10/2014","within a few hours","f",1,"t","Randwick",-33.91574068,151.2507678,"Entire home/apt",8,1.5,4,"$719.00",3,365,27,2,0,5,"f",0.38
14030,"13/08/2012","N/A","f",1,"t","Pittwater",-33.6316905,151.3261771,"Entire home/apt",9,3,4,"$700.00",3,24,0,1,0,5,"f",0.18
14114,"14/03/2018","within an hour","f",44,"t","Sydney",-33.88012,151.20621,"Entire home/apt",3,1,0,"$146.00",1,365,13,20,1,4.8,"f",2.91
14524,"7/03/2024","within an hour","t",31,"t","Sutherland Shire",-34.0378374,151.0968558,"Entire home/apt",10,3,4,"$232.00",1,365,6,25,6,4.96,"f",3.85
3626,"6/10/2019","within an hour","t",3,"t","Sutherland Shire",-34.05004,151.15493,"Hotel room",4,2,2,"$537.00",1,1125,26,7,0,5,"t",0.12
18029,"12/11/2024","within a few hours","f",20,"t","Sydney",-33.9024096,151.2110788,"Entire home/apt",2,1,1,"$129.00",6,365,28,0,0,NA,"f",NA
11404,"23/01/2016","N/A","f",1,"f","Manly",-33.7967728,151.2785824,"Entire home/apt",3,NA,2,"",2,365,0,1,0,5,"f",0.07
16519,"29/11/2023","within an hour","f",46,"t","Sutherland Shire",-34.0613275,151.1071983,"Private room",2,1,1,"$68.00",1,89,24,7,0,4.57,"f",2.26
6307,"9/04/2015","within an hour","t",2,"t","Pittwater",-33.64715,151.30855,"Entire home/apt",4,2,2,"$300.00",2,365,22,35,1,4.94,"f",1.16
1212,"1/12/2016","within an hour","t",2,"t","Sydney",-33.88908,151.1983,"Private room",1,2,1,"$99.00",7,60,15,130,0,4.97,"t",1.27
826,"9/11/2013","within a few hours","t",2,"t","Sydney",-33.89941,151.18752,"Private room",2,1,1,"$98.00",1,7,18,160,2,4.86,"f",1.24
6337,"26/01/2018","within an hour","f",13,"t","Willoughby",-33.79727,151.17917,"Entire home/apt",3,1,1,"$184.00",2,90,28,13,0,4.54,"f",0.37
16883,"9/08/2022","within a few hours","f",40,"t","Marrickville",-33.91700193,151.1500266,"Entire home/apt",2,1,1,"$193.00",1,365,29,0,0,NA,"f",NA
14460,"28/11/2022","N/A","f",1,"t","Hornsby",-33.77116084,151.0783122,"Entire home/apt",4,NA,2,"",1,180,0,6,0,4.83,"f",1.04
7682,"27/11/2014","within a few hours","t",2,"t","Manly",-33.7963135,151.2864861,"Entire home/apt",4,NA,1,"",2,90,26,80,1,4.75,"f",2.63
14552,"3/03/2015","within an hour","f",1,"f","Sydney",-33.8844203,151.2170456,"Private room",1,1,1,"$138.00",3,365,9,1,0,5,"f",0.15
2511,"21/06/2011","N/A","f",1,"t","Waverley",-33.8919,151.26436,"Entire home/apt",2,1.5,2,"$345.00",90,365,29,0,0,NA,"t",NA
3367,"20/04/2018","within an hour","f",1,"t","Pittwater",-33.63511,151.31152,"Entire home/apt",2,1,1,"$300.00",2,5,27,150,0,4.89,"t",2.01
15132,"14/04/2023","within an hour","f",81,"t","Sydney",-33.8787,151.20408,"Entire home/apt",4,1,2,"$146.00",1,365,25,19,2,4.32,"t",3.18
3002,"5/08/2015","within an hour","f",2,"t","Warringah",-33.7911383,151.2527234,"Entire home/apt",2,1.5,2,"$180.00",3,168,25,4,0,4.5,"f",0.43
9105,"22/06/2023","within an hour","f",2,"t","Waverley",-33.8874445,151.2780798,"Entire home/apt",2,NA,1,"",21,365,0,2,0,5,"f",0.09
340,"13/03/2015","within an hour","f",19,"t","Rockdale",-33.95351,151.1357,"Private room",1,1,1,"$50.00",7,730,29,36,3,4.44,"t",0.32
8657,"23/02/2017","within an hour","",8,"t","Sydney",-33.8692304,151.2062939,"Entire home/apt",4,2,2,"$371.00",3,90,6,89,4,4.87,"f",3.57
6652,"1/09/2019","within an hour","f",2,"t","Sydney",-33.871771,151.2257562,"Entire home/apt",2,1,1,"$170.00",2,365,9,135,5,4.73,"f",4
5967,"2/03/2015","within an hour","",4,"t","Sydney",-33.89341,151.18478,"Entire home/apt",2,1,1,"$190.00",2,42,0,63,0,4.95,"f",1.64
7508,"2/06/2013","N/A","f",1,"t","Waverley",-33.90455851,151.259786,"Entire home/apt",2,NA,1,"",90,365,0,13,0,4.85,"f",0.43
2881,"28/06/2015","within an hour","t",1,"t","Pittwater",-33.69844,151.30147,"Entire home/apt",4,1,2,"$421.00",2,30,27,178,1,4.98,"f",2.18
6730,"26/09/2022","within an hour","f",27,"t","Sydney",-33.90527,151.20921,"Entire home/apt",4,NA,1,"",90,365,0,7,0,4.57,"t",0.23
13145,"28/05/2018","within an hour","",19,"t","Woollahra",-33.87482,151.25946,"Entire home/apt",2,1,1,"$272.00",1,1125,10,8,0,3.88,"t",1.16
14272,"1/07/2015","within an hour","t",40,"t","Penrith",-33.800376,150.6874999,"Entire home/apt",8,NA,4,"",4,365,28,0,0,NA,"t",NA
10293,"12/04/2016","N/A","f",1,"t","Manly",-33.79391013,151.2703242,"Entire home/apt",4,1,2,"$370.00",90,365,28,2,0,4.5,"f",0.11
5176,"24/02/2021","within an hour","t",1,"t","Ryde",-33.79909,151.08355,"Entire home/apt",12,3,4,"$325.00",1,60,21,143,1,4.83,"t",2.74
91,"29/01/2014","within an hour","f",2,"t","Sydney",-33.86857,151.20383,"Hotel room",4,1,1,"$257.00",1,1125,29,900,3,4.43,"f",6.55
12500,"22/08/2012","within an hour","t",19,"t","Sydney",-33.87251,151.19529,"Entire home/apt",4,1,1,"$252.00",2,365,29,28,2,4.75,"f",2.39
7618,"13/07/2018","within an hour","f",31,"t","Canada Bay",-33.85162297,151.0875969,"Private room",1,1,1,"$82.00",1,365,29,39,2,4.28,"f",1.3
4688,"21/10/2017","N/A","f",1,"t","Burwood",-33.87565,151.09974,"Private room",2,1,1,"$100.00",90,1125,28,0,0,NA,"f",NA
14980,"22/09/2015","within a few hours","f",37,"t","Bankstown",-33.91243005,151.0333367,"Entire home/apt",5,2,2,"$243.00",2,365,29,1,0,5,"f",0.34
2986,"11/12/2014","within a day","f",72,"t","Pittwater",-33.64835103,151.322942,"Entire home/apt",8,NA,3,"",2,1125,28,2,0,5,"f",0.09
1541,"2/11/2016","within an hour","t",2,"t","Waverley",-33.89386,151.27428,"Entire home/apt",3,1,0,"$175.00",3,365,29,270,1,4.94,"f",2.64
38,"24/11/2013","N/A","f",1,"t","Waverley",-33.89318,151.26126,"Entire home/apt",6,2,3,"$423.00",7,25,0,16,0,4.94,"f",0.12
1543,"4/10/2016","within an hour","t",3,"t","Randwick",-33.9162,151.24743,"Entire home/apt",3,1,1,"$160.00",5,90,27,228,1,4.87,"f",2.21
5615,"20/05/2015","within an hour","f",11,"t","Leichhardt",-33.88717,151.1724,"Private room",2,1,1,"$107.00",2,365,25,34,0,4.71,"t",0.82
3172,"23/08/2016","within an hour","f",3,"t","Manly",-33.79571,151.28756,"Entire home/apt",4,1,1,"$267.00",2,1125,28,220,0,4.62,"t",2.95
8500,"12/02/2016","within an hour","t",21,"t","Manly",-33.79279946,151.2819679,"Entire home/apt",2,1,1,"$218.00",3,90,13,36,0,4.83,"f",1.4
2882,"10/09/2018","within an hour","f",1,"t","Manly",-33.79575,151.28695,"Entire home/apt",2,1,1,"$103.00",1,1125,2,254,2,4.69,"t",3.1
3765,"5/06/2018","N/A","f",1,"t","Canterbury",-33.92866,151.11948,"Private room",2,1,2,"$115.00",90,1125,27,3,0,5,"f",0.04
9986,"16/06/2015","within an hour","t",2,"t","Sydney",-33.87302,151.22743,"Private room",1,NA,NA,"",3,365,0,21,0,5,"t",1.08
12784,"20/11/2016","within a few hours","f",1,"t","Sydney",-33.87509,151.22689,"Entire home/apt",2,1,1,"$221.00",4,365,14,8,1,4.88,"f",0.87
13945,"31/05/2023","N/A","f",6,"t","Botany Bay",-33.9229992,151.1907638,"Entire home/apt",4,NA,2,"",7,365,0,0,0,NA,"f",NA
14364,"7/05/2023","within an hour","",14,"t","Sydney",-33.88016962,151.1924671,"Entire home/apt",4,2,2,"$180.00",2,365,6,6,2,4.83,"t",1.02
7897,"31/07/2014","within a day","f",1,"t","Marrickville",-33.90955563,151.139591,"Entire home/apt",5,NA,2,"",5,30,0,6,0,5,"f",0.22
5372,"3/07/2019","within an hour","t",4,"t","Warringah",-33.77589,151.28122,"Entire home/apt",3,1,1,"$185.00",3,730,18,85,0,4.8,"f",2.02
5642,"1/10/2012","within an hour","f",45,"t","Waverley",-33.89251,151.27254,"Entire home/apt",10,2,5,"$351.00",2,90,15,110,0,4.52,"t",2.64
7724,"25/11/2022","within an hour","f",6,"t","Marrickville",-33.91558695,151.1721636,"Private room",2,2.5,1,"$88.00",1,365,29,88,0,4.44,"t",3
8192,"6/04/2014","within an hour","t",1,"t","North Sydney",-33.82543344,151.2267531,"Private room",2,1,1,"$117.00",2,31,24,31,0,4.9,"f",1.25
17433,"18/11/2017","within an hour","f",1,"t","Sydney",-33.87717173,151.1958255,"Entire home/apt",6,2,2,"$254.00",2,30,7,12,4,5,"f",4.5
13790,"7/01/2019","N/A","f",1,"f","Pittwater",-33.64809104,151.2875504,"Entire home/apt",6,1,2,"$270.00",5,1125,0,1,0,5,"f",0.18
3092,"9/02/2014","within a day","f",1,"t","Manly",-33.79602,151.27375,"Entire home/apt",6,2.5,3,"$550.00",90,90,0,7,0,5,"f",0.11
11213,"9/05/2016","N/A","f",1,"t","Hornsby",-33.76877771,151.0837936,"Private room",1,1,1,"$81.00",90,365,28,0,0,NA,"f",NA
3927,"13/12/2015","within a day","f",1,"t","Willoughby",-33.80707,151.20475,"Entire home/apt",5,2.5,3,"$376.00",7,90,2,20,0,5,"f",0.28
17511,"2/06/2023","within an hour","f",31,"t","Sydney",-33.92117,151.19517,"Entire home/apt",4,2,2,"$153.00",7,365,0,0,0,NA,"f",NA
1675,"13/11/2016","within a few hours","t",1,"t","Ryde",-33.81049,151.13017,"Private room",2,1,1,"$51.00",1,730,9,136,2,4.76,"f",1.35
11234,"16/06/2021","within an hour","f",57,"t","Sydney",-33.87976406,151.2125381,"Entire home/apt",2,NA,1,"",2,180,0,12,1,4.25,"f",0.85
7374,"5/06/2013","within an hour","f",28,"t","Sydney",-33.87833,151.22676,"Entire home/apt",2,1,1,"$197.00",7,365,29,21,1,4.67,"f",0.88
694,"17/05/2015","within an hour","f",1,"t","Sutherland Shire",-34.08932495,151.1556244,"Private room",2,1,1,"$95.00",2,9,12,75,2,4.89,"f",0.93
3550,"4/08/2019","N/A","f",1,"t","Sydney",-33.88138,151.21082,"Entire home/apt",2,NA,1,"",2,21,0,22,0,4.55,"f",0.31
10866,"25/04/2019","within an hour","t",68,"t","Rockdale",-33.92956,151.15412,"Entire home/apt",3,1,1,"$143.00",1,365,5,38,3,4.87,"f",2.11
16362,"10/07/2013","within an hour","f",244,"t","Mosman",-33.82494155,151.244541,"Entire home/apt",4,2,2,"$236.00",1,1125,8,0,0,NA,"t",NA
11915,"24/10/2011","within an hour","t",75,"t","Manly",-33.7985651,151.2837706,"Entire home/apt",2,1,1,"$200.00",3,365,11,22,4,4.86,"f",1.76
15195,"8/09/2019","within an hour","f",5,"t","Sydney",-33.87254,151.20978,"Entire home/apt",6,NA,2,"",2,60,0,21,1,4.48,"f",3.77
9522,"15/09/2016","within a few hours","f",39,"t","Warringah",-33.74355,151.30203,"Entire home/apt",4,1,2,"$450.00",1,365,23,26,0,4.73,"f",1.24
791,"10/04/2014","N/A","f",1,"t","Sydney",-33.89128,151.2011,"Entire home/apt",2,1,1,"$175.00",90,1125,0,0,0,NA,"f",NA
17650,"13/05/2017","within an hour","f",3,"t","Auburn",-33.84741,151.0739,"Entire home/apt",4,2,2,"$214.00",1,360,15,2,2,5,"t",2
7828,"4/06/2015","within an hour","t",1,"t","Hornsby",-33.75701,151.05576,"Entire home/apt",15,2.5,4,"$489.00",2,1125,15,25,1,4.84,"t",1.13
7012,"19/01/2022","within an hour","t",42,"t","Ryde",-33.7888428,151.0828287,"Entire home/apt",5,1,2,"$200.00",3,365,9,74,0,4.72,"t",2.39
8613,"25/04/2019","within an hour","t",68,"t","Sydney",-33.8869983,151.1962261,"Entire home/apt",4,1,2,"$212.00",2,365,15,52,0,4.71,"f",2.12
4595,"19/12/2016","N/A","f",1,"f","Hurstville",-33.96403,151.10199,"Entire home/apt",4,1,2,"$390.00",90,365,28,0,0,NA,"f",NA
11979,"13/07/2021","within an hour","t",2,"t","North Sydney",-33.8510421,151.2161409,"Entire home/apt",4,1,2,"$691.00",2,365,15,38,2,5,"f",3.05
11514,"3/04/2024","within a few hours","t",1,"t","Sydney",-33.86397,151.20304,"Entire home/apt",4,1,1,"$255.00",3,365,28,15,1,4.8,"f",1.18
9161,"27/01/2022","N/A","f",1,"t","Randwick",-33.90789,151.22494,"Entire home/apt",4,1,2,"$340.00",14,28,29,0,0,NA,"f",NA
9658,"12/06/2019","within a day","t",1,"t","Warringah",-33.75289613,151.2892513,"Entire home/apt",3,1,1,"$170.00",2,42,0,18,0,4.89,"f",0.87
13438,"19/08/2024","N/A","t",1,"t","Leichhardt",-33.84911,151.18117,"Entire home/apt",2,NA,1,"",3,365,0,7,0,5,"f",0.78
3302,"4/04/2019","within an hour","t",2,"t","Bankstown",-33.95166,151.03773,"Private room",4,1,1,"$55.00",3,1125,24,79,0,4.62,"f",1.06
13031,"2/08/2024","within an hour","f",1,"t","Auburn",-33.82537,151.07689,"Entire home/apt",5,NA,2,"",1,365,15,5,1,4.8,"t",0.61
12204,"14/07/2015","within an hour","f",32,"t","Woollahra",-33.88767652,151.2315029,"Entire home/apt",6,NA,3,"",2,365,22,11,0,4.73,"f",0.95
15378,"23/10/2014","within an hour","f",1,"t","Randwick",-33.97550205,151.2416188,"Entire home/apt",2,1,1,"$125.00",2,45,26,4,1,4.75,"f",0.75
14688,"12/02/2016","within an hour","t",21,"t","Manly",-33.80445453,151.2861338,"Entire home/apt",2,1,1,"$223.00",3,60,16,8,3,5,"f",1.22
16447,"16/10/2021","within an hour","f",40,"t","Fairfield",-33.87738786,150.9573943,"Private room",2,1,1,"$43.00",1,89,29,1,0,5,"t",0.32
5849,"6/03/2016","within a few hours","t",9,"t","Sutherland Shire",-34.04698,151.15716,"Entire home/apt",2,1,1,"$95.00",5,44,11,69,2,4.97,"f",1.79
222,"16/11/2013","N/A","f",2,"t","Manly",-33.80081,151.29121,"Entire home/apt",2,1,1,"$350.00",90,1125,0,2,0,5,"f",0.05
17711,"6/06/2016","within an hour","f",37,"t","Marrickville",-33.9045,151.13141,"Entire home/apt",5,2.5,2,"$130.00",1,365,29,0,0,NA,"t",NA
7844,"27/05/2015","N/A","f",1,"t","Leichhardt",-33.86566,151.16845,"Entire home/apt",4,2.5,2,"$440.00",4,30,27,1,0,5,"f",0.04
5701,"5/10/2017","within an hour","f",2,"t","Warringah",-33.7722105,151.2926333,"Entire home/apt",10,3,5,"$1,750.00",4,30,20,10,0,5,"f",0.33
7530,"6/02/2017","within an hour","t",6,"t","Parramatta",-33.80953,151.00572,"Private room",1,1,1,"$86.00",10,1125,0,34,0,4.91,"t",1.17
17464,"16/07/2016","within an hour","f",1,"t","Sutherland Shire",-34.04357987,151.1548548,"Entire home/apt",4,1,2,"$220.00",1,1125,26,4,2,5,"f",2.61
4027,"15/10/2019","N/A","f",1,"t","Parramatta",-33.8009,151.04255,"Private room",1,1.5,1,"$77.00",90,1125,27,0,0,NA,"f",NA
5250,"10/02/2018","N/A","f",4,"t","Waverley",-33.89228,151.27133,"Private room",4,1,1,"$378.00",1,365,14,60,0,4.85,"t",1.36
2341,"27/10/2017","within a day","f",289,"t","Sydney",-33.86677,151.20525,"Entire home/apt",6,2.5,3,"$565.00",4,1125,27,0,0,NA,"f",NA
2260,"29/04/2016","within an hour","t",2,"t","Leichhardt",-33.87781,151.17105,"Private room",2,NA,NA,"",3,730,0,98,0,4.96,"f",1.02
13832,"6/06/2016","within an hour","f",37,"t","Sydney",-33.90415,151.20756,"Entire home/apt",5,2,2,"$126.00",1,1125,0,6,0,3.67,"t",1.02
1020,"25/04/2015","N/A","f",1,"t","Auburn",-33.84676,151.02116,"Private room",2,1,1,"$72.00",90,1125,29,18,0,4.89,"f",0.16
15636,"24/07/2012","within a few hours","t",126,"t","Sydney",-33.86832,151.22653,"Entire home/apt",2,1,1,"$291.00",1,1125,29,1,1,5,"f",1
12260,"23/11/2022","within a few hours","f",1,"f","Manly",-33.80148234,151.2892924,"Entire home/apt",5,2,3,"$385.00",2,365,0,5,0,5,"f",0.53
13769,"4/08/2018","within an hour","f",1,"t","Hornsby",-33.54983797,151.2119573,"Entire home/apt",4,1,2,"$200.00",1,365,28,36,1,4.56,"t",4.12
7196,"21/11/2018","within an hour","f",51,"t","Sydney",-33.87825206,151.191976,"Entire home/apt",4,NA,1,"",4,365,0,0,0,NA,"t",NA
4266,"13/10/2019","N/A","f",8,"t","Sydney",-33.88292,151.19001,"Private room",4,1,1,"$95.00",90,1125,29,1,0,4,"t",0.02
17791,"16/06/2021","within an hour","f",57,"t","Canada Bay",-33.8507116,151.1572891,"Entire home/apt",6,1,3,"$279.00",14,60,22,0,0,NA,"f",NA
1657,"30/09/2016","within an hour","t",13,"t","Sydney",-33.8741,151.19728,"Entire home/apt",2,1,0,"$170.00",3,365,0,190,3,4.73,"f",1.88
2846,"29/05/2015","within an hour","f",9,"t","Sydney",-33.8698,151.2256,"Entire home/apt",2,1,1,"$230.00",1,1125,29,950,2,4.7,"t",11.67
4580,"19/06/2019","within an hour","t",10,"t","Pittwater",-33.63081812,151.335019,"Entire home/apt",2,1,1,"$220.00",2,56,26,92,1,4.97,"f",1.56
11690,"14/07/2015","within an hour","f",32,"t","Sydney",-33.87564101,151.2203864,"Entire home/apt",4,2,2,"$450.00",1,365,9,4,0,4.75,"f",0.28
5056,"15/09/2016","within a few hours","f",39,"t","Waverley",-33.90176,151.25603,"Entire home/apt",4,1,2,"$500.00",90,1125,29,0,0,NA,"f",NA
1116,"19/04/2016","within a few hours","f",1,"f","Randwick",-33.92077,151.25011,"Entire home/apt",4,1,2,"$180.00",5,30,4,18,0,4.44,"f",0.16
15330,"25/08/2019","within an hour","f",169,"t","Ku-Ring-Gai",-33.7783412,151.1654329,"Private room",2,2,1,"$70.00",1,89,0,8,0,4.5,"f",1.44
12234,"23/05/2016","within a few hours","t",4,"t","Botany Bay",-33.94088721,151.2151233,"Entire home/apt",9,1.5,2,"$511.00",1,365,29,2,0,5,"f",0.24
16620,"3/09/2024","within an hour","",11,"t","Auburn",-33.84870447,151.059452,"Entire home/apt",2,1,1,"$150.00",2,365,19,5,3,5,"t",2.59
4745,"30/10/2013","within an hour","t",4,"t","Hornsby",-33.5284,151.13763,"Entire home/apt",2,1,1,"$320.00",2,365,16,12,3,4.83,"t",2
1635,"15/10/2017","N/A","f",1,"f","Pittwater",-33.62505,151.33056,"Entire home/apt",10,4,5,"$800.00",90,1125,26,5,0,5,"f",0.05
12535,"10/01/2015","N/A","f",1,"t","Sydney",-33.90211,151.18898,"Entire home/apt",3,2,1,"$365.00",7,10,11,1,0,5,"f",0.18
13410,"13/02/2018","within an hour","t",27,"t","Manly",-33.78599867,151.2850119,"Entire home/apt",4,1,2,"$170.00",2,30,16,20,4,5,"f",2.35
7545,"1/06/2021","within an hour","t",1,"t","Waverley",-33.897199,151.244771,"Entire home/apt",2,1,0,"$128.00",3,20,29,41,0,4.93,"t",1.4
1197,"25/03/2016","within an hour","t",1,"t","Sydney",-33.873863,151.225189,"Entire home/apt",2,1,0,"$112.00",7,90,11,136,0,4.53,"f",1.26
3539,"2/12/2014","within a day","t",1,"t","Leichhardt",-33.85998,151.18307,"Entire home/apt",6,2,2,"$471.00",2,365,3,39,0,4.97,"f",0.7
5577,"23/05/2012","within a few hours","t",117,"t","Waverley",-33.88843,151.27519,"Entire home/apt",4,NA,2,"",14,89,0,0,0,NA,"f",NA
1567,"17/11/2014","within an hour","f",3,"t","Manly",-33.80278,151.28625,"Entire home/apt",4,2,2,"$281.00",3,7,23,37,0,4.78,"f",0.4
16400,"29/11/2020","within an hour","f",10,"t","Marrickville",-33.91693863,151.1507723,"Entire home/apt",4,1,2,"$221.00",1,365,29,1,0,1,"f",0.37
11319,"22/04/2015","N/A","f",1,"t","North Sydney",-33.82926891,151.2195262,"Entire home/apt",3,NA,1,"",90,365,28,8,0,5,"f",0.51
10951,"21/11/2011","within an hour","f",26,"t","Strathfield",-33.86031979,151.067131,"Entire home/apt",2,1,0,"$194.00",30,365,0,0,0,NA,"f",NA
157,"11/03/2014","N/A","f",1,"t","Pittwater",-33.63784,151.33173,"Entire home/apt",4,1,2,"$350.00",90,1125,26,18,0,4.83,"f",0.2
16413,"9/03/2025","within an hour","f",1,"t","Sutherland Shire",-34.01679544,151.0798684,"Entire home/apt",5,2.5,3,"$349.00",2,365,23,4,2,5,"f",2.67
14274,"5/06/2017","within an hour","f",3,"t","Manly",-33.80227,151.28784,"Entire home/apt",4,1,2,"$205.00",1,15,15,32,2,4.81,"t",4.64
18104,"26/11/2023","within an hour","t",43,"t","Sydney",-33.8573349,151.2067058,"Entire home/apt",6,2,2,"$203.00",1,365,8,1,1,5,"t",1
6954,"21/10/2022","within a few hours","t",1,"t","Pittwater",-33.6531,151.32064,"Entire home/apt",6,2.5,3,"$396.00",2,60,0,51,0,4.9,"f",1.64
6673,"6/01/2015","within an hour","f",27,"t","Sydney",-33.8863551,151.1766196,"Entire home/apt",5,1,2,"$130.00",1,10,11,205,2,4.54,"f",5.92
9240,"11/12/2014","within a day","f",72,"t","Warringah",-33.77677359,151.2880463,"Entire home/apt",8,NA,4,"",90,1125,0,0,0,NA,"f",NA
11844,"29/03/2024","within an hour","t",22,"t","Manly",-33.7906219,151.2836845,"Shared room",1,1,1,"$61.00",1,365,29,17,0,4.82,"t",1.33
11718,"28/05/2020","within an hour","t",13,"t","Sydney",-33.8615851,151.2067971,"Entire home/apt",4,1,1,"$226.00",2,365,2,44,3,4.91,"f",3.11
13640,"24/02/2013","within an hour","t",92,"t","Botany Bay",-33.95329,151.20393,"Entire home/apt",4,1,1,"$144.00",3,365,2,18,2,4.89,"t",2.13
9956,"4/03/2017","within a day","f",1,"f","Randwick",-33.9182701,151.2458807,"Entire home/apt",2,NA,1,"",2,30,0,7,0,4.43,"f",0.4
6616,"28/05/2012","N/A","f",1,"t","Waverley",-33.8945542,151.24392,"Entire home/apt",4,1,2,"$209.00",7,90,0,19,0,4.74,"f",0.55
12536,"29/04/2016","within an hour","t",12,"t","Sydney",-33.86146037,151.2064967,"Entire home/apt",2,1,1,"$208.00",1,365,8,64,6,4.98,"t",5.61
11580,"19/04/2018","within an hour","f",59,"t","Willoughby",-33.8030074,151.2061006,"Entire home/apt",8,4,4,"$394.00",2,365,13,11,0,4.64,"t",0.75
8379,"6/11/2017","N/A","f",1,"t","Warringah",-33.72482,151.29851,"Entire home/apt",5,1,2,"$323.00",25,50,15,0,0,NA,"f",NA
4273,"19/12/2012","a few days or more","f",1,"t","Waverley",-33.89329,151.2711,"Private room",2,2,1,"$76.00",90,100,7,1,0,5,"f",0.02
7666,"9/05/2015","within an hour","t",1,"t","Hornsby",-33.61581751,151.1516764,"Private room",2,1,1,"$90.00",2,15,28,63,1,4.9,"f",2.04
11496,"11/07/2021","within an hour","t",28,"t","Waverley",-33.88797,151.27547,"Entire home/apt",9,1,3,"$339.00",2,1125,13,1,0,5,"f",0.08
1922,"29/09/2017","within an hour","t",1,"t","Hornsby",-33.71936,151.10646,"Private room",1,1.5,1,"$91.00",1,14,15,273,4,4.94,"t",2.92
2523,"21/06/2013","within an hour","t",1,"t","Hornsby",-33.542606,151.145615,"Entire home/apt",2,1,1,"$472.00",2,1125,22,107,1,4.89,"f",1.31
4718,"28/11/2013","N/A","f",1,"t","Manly",-33.79684,151.25014,"Entire home/apt",4,2,2,"$231.00",2,1125,7,43,1,4.86,"f",0.74
14546,"15/10/2012","within an hour","t",27,"t","Sydney",-33.8974345,151.1977797,"Entire home/apt",6,1.5,2,"$243.00",1,365,6,21,3,4.81,"t",3.2
10424,"15/11/2017","within a day","f",1,"t","Willoughby",-33.80165,151.1817538,"Entire home/apt",8,1.5,3,"$254.00",2,90,0,9,0,4.89,"f",0.49
11072,"25/04/2019","within an hour","t",68,"t","Warringah",-33.7767374,151.2904698,"Entire home/apt",4,1,2,"$158.00",3,365,17,20,0,4.8,"f",1.25
403,"6/10/2012","within an hour","t",3,"t","Sydney",-33.87811,151.22704,"Entire home/apt",4,2,2,"$481.00",7,90,28,62,0,4.81,"f",0.43
16471,"22/12/2016","within an hour","f",120,"t","Sydney",-33.8901762,151.2128413,"Entire home/apt",2,1,1,"$190.00",3,365,16,1,1,5,"f",1
6785,"17/11/2015","within an hour","f",1,"t","Pittwater",-33.6048796,151.2985612,"Entire home/apt",6,2,3,"$383.00",2,30,29,21,0,4.76,"f",0.7
3814,"12/12/2018","N/A","f",1,"t","Randwick",-33.91807,151.25437,"Private room",2,1,1,"$416.00",90,1125,26,0,0,NA,"t",NA
7034,"28/06/2019","within an hour","f",70,"t","Pittwater",-33.6665646,151.3176264,"Entire home/apt",14,2,5,"$625.00",2,3,0,79,2,4.75,"f",2.65
13026,"14/03/2024","within an hour","f",7,"t","Ryde",-33.81700397,151.09314,"Entire home/apt",4,NA,1,"",3,180,0,12,0,4.92,"t",1.2
4936,"25/08/2019","within an hour","f",169,"t","Auburn",-33.8722782,151.0342427,"Private room",2,2.5,1,"$60.00",2,365,29,9,2,4.67,"f",1.8
7056,"12/07/2015","within an hour","t",1,"t","Pittwater",-33.66714,151.31683,"Entire home/apt",4,1,2,"$193.00",1,14,17,309,13,4.86,"f",9.63
13798,"2/10/2016","within an hour","f",1,"t","Blacktown",-33.76542333,150.8933588,"Entire home/apt",6,1,2,"$117.00",1,365,13,21,0,4.33,"f",2.69
7227,"26/02/2016","N/A","f",2,"t","Lane Cove",-33.82223,151.18096,"Private room",2,1,1,"$101.00",90,180,27,4,0,3.75,"f",0.13
16395,"30/05/2019","within an hour","f",4,"t","North Sydney",-33.82088,151.22895,"Entire home/apt",3,1,2,"$200.00",90,365,29,0,0,NA,"t",NA
12381,"4/04/2023","within an hour","f",23,"t","Canada Bay",-33.82578,151.09325,"Entire home/apt",10,1,3,"$230.00",1,365,16,21,0,4.86,"f",1.98
1805,"24/11/2017","within an hour","t",3,"t","Marrickville",-33.88853,151.16018,"Private room",2,1.5,1,"$64.00",1,1125,5,95,4,4.87,"f",1.05
2265,"13/03/2015","within an hour","f",19,"t","Rockdale",-33.95463,151.13504,"Private room",2,1,1,"$65.00",7,180,29,72,1,4.6,"t",0.81
17363,"21/07/2015","within an hour","t",24,"t","Auburn",-33.84997825,151.0733552,"Entire home/apt",8,2,3,"$287.00",4,365,5,2,2,5,"t",2
9763,"19/01/2022","within an hour","t",42,"t","Hornsby",-33.71518,151.10752,"Entire home/apt",3,1,1,"$140.00",28,365,16,0,0,NA,"f",NA
1308,"24/07/2019","N/A","f",912,"t","Manly",-33.79631,151.28648,"Entire home/apt",2,1,1,"$283.00",3,365,0,67,0,4.36,"t",0.63
4400,"7/08/2012","within an hour","t",2,"t","Randwick",-33.94394302,151.2580872,"Entire home/apt",3,1,1,"$217.00",4,90,13,38,0,4.74,"f",0.67
8725,"14/01/2015","N/A","f",1,"t","Blacktown",-33.69691,150.88165,"Entire home/apt",4,NA,1,"",2,130,0,64,0,4.66,"t",2.68
13471,"15/08/2022","within an hour","f",6,"t","The Hills Shire",-33.71829,151.00493,"Entire home/apt",13,3,6,"$451.00",2,1125,17,17,1,4.82,"t",1.95
17858,"15/10/2012","within an hour","",86,"t","Sydney",-33.85738,151.20617,"Entire home/apt",10,1,3,"$393.00",1,365,15,0,0,NA,"f",NA
15904,"6/02/2025","within an hour","f",1,"t","North Sydney",-33.82312596,151.2286623,"Entire home/apt",4,1,1,"$157.00",1,365,0,9,1,4.89,"t",2.13
7233,"15/11/2022","within a day","f",1,"t","Randwick",-33.9233423,151.2455596,"Entire home/apt",2,1,1,"$225.00",5,30,0,15,0,5,"f",0.5
7649,"10/07/2013","within an hour","f",244,"t","Mosman",-33.83819,151.24173,"Entire home/apt",10,NA,5,"",1,1125,0,0,0,NA,"t",NA
1191,"31/01/2016","within an hour","t",48,"t","Waverley",-33.8905,151.27387,"Entire home/apt",2,1,1,"$176.00",2,1124,17,127,0,4.8,"f",1.14
16303,"23/01/2013","within an hour","f",2,"t","Manly",-33.798032,151.2743915,"Entire home/apt",6,3,3,"$1,750.00",8,15,13,0,0,NA,"f",NA
9646,"19/05/2021","within an hour","f",1,"t","Warringah",-33.7571,151.29154,"Entire home/apt",4,NA,2,"",4,365,0,9,0,5,"f",0.46
13063,"29/08/2024","N/A","f",39,"t","Randwick",-33.91517,151.25107,"Entire home/apt",4,1,2,"$272.00",5,1125,17,6,1,4.83,"t",0.63
10841,"1/09/2024","N/A","f",44,"t","Willoughby",-33.7951921,151.1821814,"Entire home/apt",2,1,1,"$222.00",5,1125,1,5,0,3.6,"t",0.31
12032,"12/06/2015","within an hour","t",2,"t","Sydney",-33.8765213,151.2122939,"Entire home/apt",5,1,1,"$303.00",2,1125,13,46,5,4.83,"f",3.51
16877,"25/08/2019","within an hour","f",169,"t","Fairfield",-33.8823872,150.9595331,"Private room",2,NA,NA,"",1,89,29,2,0,2.5,"f",1.13
4052,"10/01/2019","within an hour","t",2,"t","Penrith",-33.76719,150.69915,"Entire home/apt",3,NA,1,"",1,1125,0,318,4,4.82,"f",4.93
5297,"17/12/2018","within an hour","t",18,"t","Waverley",-33.88889,151.27439,"Entire home/apt",2,1,0,"$159.00",2,1125,25,258,0,4.97,"f",4.99
8813,"23/03/2019","within an hour","t",17,"t","Leichhardt",-33.88726555,151.1681616,"Private room",2,1,1,"$60.00",1,14,22,132,4,4.79,"t",5.64
3669,"17/08/2019","N/A","f",1,"t","Sydney",-33.90105,151.20886,"Entire home/apt",3,NA,1,"",3,730,0,71,0,4.65,"t",1.01
17279,"13/12/2019","within an hour","f",5,"t","Sydney",-33.87627164,151.2137067,"Entire home/apt",2,1,1,"$183.00",1,1125,19,1,1,5,"t",1
6408,"25/04/2019","within an hour","t",68,"t","Sydney",-33.8964593,151.1808628,"Entire home/apt",2,1,1,"$154.00",2,365,7,114,2,4.76,"f",3.26
18147,"9/08/2022","within a few hours","f",40,"t","Botany Bay",-33.92170939,151.1847959,"Entire home/apt",4,2,2,"$182.00",1,365,29,0,0,NA,"f",NA
1825,"17/09/2012","within an hour","f",2,"t","Manly",-33.79701,151.28532,"Entire home/apt",2,1,1,"$187.00",10,90,6,25,0,4.88,"f",0.27
9794,"11/09/2022","within a few hours","t",3,"t","North Sydney",-33.8365272,151.1999398,"Entire home/apt",5,2,3,"$400.00",2,90,21,17,1,4.94,"f",0.81
17758,"9/09/2023","within an hour","t",14,"t","Sutherland Shire",-34.0496363,151.1220584,"Entire home/apt",6,3,3,"$298.00",2,365,11,0,0,NA,"f",NA
2553,"18/12/2015","within an hour","f",8,"t","Sydney",-33.8905,151.19779,"Private room",2,2,1,"$79.00",2,14,29,163,0,4.5,"f",1.95
1510,"18/03/2015","within a few hours","t",3,"t","Waverley",-33.90325,151.26247,"Entire home/apt",8,2,3,"$515.00",2,1125,9,146,0,4.95,"f",1.49
15640,"27/12/2018","within a few hours","t",1,"t","The Hills Shire",-33.77481,151.02333,"Entire home/apt",2,1,1,"$98.00",1,60,0,11,1,5,"f",2.29
12087,"11/01/2017","within an hour","f",1,"t","Canada Bay",-33.83126824,151.0869625,"Entire home/apt",3,1,1,"$131.00",1,180,10,37,4,4.7,"f",3.57
11909,"28/06/2019","within an hour","f",3,"t","Blacktown",-33.73403945,150.795968,"Entire home/apt",6,1,4,"$167.00",2,365,22,19,1,4.58,"f",1.5
6393,"6/06/2017","within an hour","f",9,"t","Randwick",-33.92216439,151.2574864,"Entire home/apt",6,2,3,"$459.00",1,1125,13,28,0,4.82,"t",1.87
6398,"28/06/2022","N/A","f",1,"f","Warringah",-33.77595,151.2853,"Entire home/apt",6,3,3,"$1,000.00",90,1125,10,0,0,NA,"f",NA
4505,"19/10/2015","within an hour","t",2,"t","North Sydney",-33.8449,151.22386,"Entire home/apt",2,1,0,"$179.00",2,1125,14,303,0,4.88,"f",4.79
13913,"11/10/2019","within an hour","f",138,"t","Randwick",-33.92274729,151.2262269,"Entire home/apt",4,1,2,"$200.00",4,365,29,3,0,4.33,"f",1.07
4888,"16/12/2017","within a few hours","f",3,"t","Hornsby",-33.51803,151.17856,"Entire home/apt",6,2,3,"$350.00",2,1125,29,20,0,4.6,"f",0.4
15720,"24/06/2022","within a day","f",1,"f","Pittwater",-33.63902559,151.2768007,"Entire home/apt",8,2,4,"$914.00",2,30,0,0,0,NA,"f",NA
4114,"2/09/2015","within an hour","t",1,"t","Sutherland Shire",-34.06168,151.12472,"Entire home/apt",2,1,1,"$124.00",2,8,29,122,0,4.93,"f",1.88
6379,"6/05/2014","within an hour","t",1,"t","Warringah",-33.73549,151.30227,"Entire home/apt",8,2,4,"$451.00",2,31,13,68,1,4.87,"f",1.73
12777,"11/08/2022","within an hour","t",8,"t","Sydney",-33.86885,151.18835,"Entire home/apt",2,1,1,"$295.00",3,365,28,8,0,5,"t",0.81
7240,"20/08/2022","N/A","f",1,"t","Randwick",-33.91483745,151.2633749,"Entire home/apt",4,2,2,"$1,500.00",3,365,4,3,0,5,"f",0.1
8814,"20/09/2016","within an hour","t",6,"t","Campbelltown",-33.9771831,150.8600105,"Private room",2,1,1,"$71.00",1,365,29,14,0,4.79,"f",0.59
4254,"24/04/2020","within an hour","f",10,"t","North Sydney",-33.84126,151.2204,"Private room",2,1,1,"$152.00",1,1125,29,169,1,4.66,"f",2.73
4901,"24/01/2019","N/A","f",1,"f","Pittwater",-33.60269,151.32334,"Entire home/apt",6,NA,5,"",90,168,0,0,0,NA,"f",NA
11168,"5/06/2016","N/A","t",1,"t","Manly",-33.79477,151.27676,"Entire home/apt",4,NA,2,"",90,365,0,5,0,4.8,"f",0.39
7275,"14/12/2013","a few days or more","f",1,"t","Marrickville",-33.89499,151.15614,"Entire home/apt",2,1,0,"$102.00",90,365,18,5,0,4.4,"f",0.17
7967,"4/10/2012","within an hour","t",45,"t","Warringah",-33.76196,151.20447,"Entire home/apt",2,1,1,"$152.00",1,1125,1,48,1,4.94,"t",1.79
5367,"14/05/2017","within a few hours","t",1,"t","Manly",-33.800694,151.247559,"Entire home/apt",2,1,1,"$117.00",2,1125,0,78,1,4.59,"f",1.94
13246,"19/06/2024","within a few hours","f",2,"t","Bankstown",-33.9670408,151.0264696,"Entire home/apt",6,2,4,"$405.00",4,60,22,0,0,NA,"f",NA
11262,"10/07/2013","within an hour","f",244,"t","Randwick",-33.90875672,151.2545397,"Entire home/apt",6,NA,3,"",1,1125,0,2,0,5,"t",0.14
10104,"17/12/2015","within an hour","",15,"t","Sydney",-33.87573,151.20793,"Entire home/apt",6,NA,2,"",90,365,0,12,0,4.75,"t",0.66
9995,"3/08/2015","N/A","f",1,"t","The Hills Shire",-33.55345141,150.9290348,"Private room",2,1,1,"$315.00",1,365,28,0,0,NA,"f",NA
13122,"20/02/2018","within an hour","f",55,"t","Waverley",-33.90637971,151.2690959,"Entire home/apt",10,4.5,5,"$8,572.00",1,89,28,0,0,NA,"f",NA
11913,"8/01/2019","within an hour","",170,"f","Waverley",-33.8914,151.26507,"Entire home/apt",4,1,2,"$221.00",3,365,8,9,0,3.67,"t",0.87
13115,"8/04/2019","within an hour","f",1,"t","Fairfield",-33.89278822,150.9142632,"Entire home/apt",4,1,2,"$138.00",1,365,16,46,4,4.63,"f",4.76
8753,"16/08/2020","within an hour","f",7,"t","Rockdale",-33.92964,151.14204,"Entire home/apt",2,1,1,"$135.00",30,365,29,8,0,4.75,"f",0.35
12506,"10/01/2020","within an hour","t",3,"t","Ashfield",-33.88423636,151.1307992,"Private room",1,1,1,"$71.00",2,90,7,22,4,4.91,"f",2.14
2715,"23/05/2012","within a few hours","t",117,"t","Waverley",-33.8928566,151.2630005,"Entire home/apt",2,1,1,"$166.00",5,89,28,25,0,4.84,"f",0.32
14568,"24/07/2019","N/A","f",912,"t","Sydney",-33.87657,151.20403,"Entire home/apt",2,1,0,"$167.00",90,365,11,5,0,5,"t",1.15
11245,"16/04/2022","N/A","f",1,"f","Penrith",-33.77401,150.74821,"Private room",2,1,1,"$41.00",90,730,27,5,0,4.6,"f",0.32
12749,"25/08/2019","within an hour","f",169,"t","Sydney",-33.8847552,151.202007,"Private room",2,1,1,"$104.00",1,89,18,10,0,3.9,"f",0.81
2042,"7/08/2017","within an hour","t",2,"t","Camden",-34.0567,150.76072,"Private room",2,1,1,"$125.00",2,14,14,32,0,4.81,"f",0.36
5977,"24/07/2019","N/A","f",912,"t","Sydney",-33.90576,151.20384,"Entire home/apt",4,NA,2,"",90,365,0,19,0,4.21,"t",0.5
7226,"11/08/2022","within an hour","t",8,"t","Leichhardt",-33.857513,151.1933292,"Entire home/apt",6,2,3,"$345.00",3,365,13,42,0,4.83,"f",1.38
3928,"14/12/2017","within an hour","f",1,"t","Parramatta",-33.83448,151.01365,"Entire home/apt",8,2,3,"$223.00",2,1125,13,121,1,4.5,"f",1.75
9523,"5/09/2018","within an hour","f",7,"t","Sydney",-33.86833962,151.1919498,"Entire home/apt",4,NA,2,"",90,365,0,4,0,4.5,"f",0.19
13700,"20/05/2018","a few days or more","f",10,"t","Burwood",-33.8738,151.09754,"Entire home/apt",3,1,0,"$176.00",1,365,0,0,0,NA,"f",NA
5329,"19/11/2014","within an hour","t",1,"t","Ashfield",-33.89008,151.12462,"Entire home/apt",10,2,4,"$262.00",2,365,18,139,4,4.87,"f",2.86
1914,"20/01/2017","N/A","f",2,"t","Woollahra",-33.88648,151.26493,"Entire home/apt",5,1,2,"$229.00",90,1125,28,10,1,4.6,"f",0.11
16251,"22/02/2025","within an hour","f",1,"t","Rockdale",-33.96470989,151.1495635,"Entire home/apt",12,2.5,5,"$277.00",1,365,19,7,0,3.71,"f",1.88
3401,"22/09/2014","within a few hours","t",1,"t","Waverley",-33.89781,151.27425,"Entire home/apt",6,2,3,"$1,066.00",5,21,26,89,0,4.99,"f",1.34
17113,"17/04/2025","within an hour","f",1,"t","Sydney",-33.8892855,151.2076948,"Entire home/apt",3,1,1,"$184.00",1,365,9,7,4,5,"f",6.18
3874,"26/08/2016","within an hour","t",24,"t","Sydney",-33.87907,151.20961,"Entire home/apt",7,2,3,"$765.00",1,1125,23,6,0,4.5,"f",0.09
11891,"21/01/2015","N/A","f",1,"f","Warringah",-33.77323,151.287,"Entire home/apt",6,2,3,"$808.00",7,365,0,1,0,5,"f",0.19
2817,"10/12/2016","within an hour","f",3,"t","Manly",-33.78796,151.28409,"Entire home/apt",6,3,5,"$926.00",12,365,2,2,0,5,"f",0.05
1577,"7/02/2017","within an hour","f",6,"t","Campbelltown",-33.97071,150.90163,"Private room",2,1,1,"$65.00",7,1125,14,64,0,4.72,"t",0.7
2648,"19/12/2017","within an hour","f",5,"t","Sutherland Shire",-34.04694,151.15381,"Entire home/apt",2,1,1,"$167.00",1,1125,0,274,2,4.88,"t",3.29
1863,"17/06/2017","within a few hours","f",1,"t","Ku-Ring-Gai",-33.72797,151.16884,"Private room",2,1,1,"$108.00",10,365,29,5,0,4.6,"f",0.24
7568,"25/11/2013","within an hour","t",6,"t","Sydney",-33.86918352,151.2182505,"Private room",2,1,1,"$117.00",3,1125,29,39,0,4.69,"f",1.31
12617,"24/12/2015","within an hour","f",4,"f","Sydney",-33.88724478,151.2298261,"Private room",2,NA,1,"",2,30,0,0,0,NA,"f",NA
4778,"14/08/2011","within a few hours","f",1,"t","Marrickville",-33.91866,151.15335,"Private room",2,2,1,"$54.00",3,6,2,84,0,4.5,"f",1.52
6619,"6/11/2016","within an hour","f",35,"t","Waverley",-33.88996,151.2793,"Entire home/apt",2,1,0,"$144.00",1,365,22,144,1,4.66,"f",4.16
10854,"8/09/2014","within an hour","t",3,"t","Sutherland Shire",-34.0840185,151.1491268,"Entire home/apt",2,1,1,"$196.00",1,365,12,29,1,4.9,"f",1.82
1662,"13/08/2015","N/A","f",2,"t","Liverpool",-33.95117,150.96098,"Private room",2,NA,NA,"",90,1125,29,0,0,NA,"f",NA
6,"20/11/2010","within a few hours","t",7,"t","Randwick",-33.91079862,151.2512007,"Entire home/apt",5,1,2,"$218.00",3,300,29,21,0,4.43,"f",0.26
13987,"21/10/2022","within an hour","f",60,"t","Campbelltown",-33.9965136,150.8675916,"Entire home/apt",4,1,2,"$166.00",2,365,27,9,1,4.33,"f",1.22
11975,"7/11/2023","within an hour","t",1,"t","Sydney",-33.87427,151.21493,"Entire home/apt",4,2,2,"$363.00",1,1125,7,96,6,4.95,"f",7.42
16223,"8/09/2017","within an hour","f",11,"t","Strathfield",-33.86100173,151.0675977,"Entire home/apt",6,1.5,2,"$154.00",2,365,13,4,0,4.75,"f",1.1
1743,"9/01/2013","N/A","f",2,"t","Rockdale",-33.98716,151.14265,"Private room",1,1,1,"$35.00",90,1125,0,36,0,4.92,"f",0.36
4357,"24/07/2019","N/A","f",912,"t","Marrickville",-33.89692688,151.1463928,"Entire home/apt",2,1,0,"$138.00",3,365,29,48,0,4.31,"t",0.72
13174,"24/07/2016","within an hour","t",1,"t","Sutherland Shire",-34.0102799,151.0269676,"Entire home/apt",2,1,1,"$121.00",5,365,27,15,1,4.93,"t",1.58
14439,"16/03/2022","within an hour","f",2,"t","Ku-Ring-Gai",-33.74514,151.13439,"Entire home/apt",4,2,2,"$174.00",1,60,0,35,1,4.43,"f",4.63
9974,"17/07/2016","within an hour","t",1,"t","Waverley",-33.90584761,151.2640226,"Private room",2,1,1,"$255.00",2,365,27,38,0,4.97,"f",2.02
13229,"29/08/2024","N/A","f",39,"t","Sydney",-33.86633,151.19163,"Entire home/apt",5,2,3,"$488.00",5,1125,0,7,0,4.57,"t",0.74
10840,"20/10/2016","within a day","f",28,"t","Pittwater",-33.60188,151.31844,"Entire home/apt",10,2,4,"$1,116.00",1,1125,28,0,0,NA,"f",NA
774,"19/11/2015","N/A","f",1,"f","Warringah",-33.75175,151.29217,"Entire home/apt",4,1,2,"$67.00",90,1125,0,7,0,4.71,"f",0.06
12308,"15/07/2016","within an hour","t",2,"t","Sydney",-33.87373241,151.2257772,"Entire home/apt",2,1,1,"$231.00",1,365,19,23,0,4.83,"f",1.85
16597,"12/03/2025","a few days or more","f",1,"t","Blacktown",-33.78313374,150.8259623,"Private room",2,1,1,"$63.00",1,365,27,0,0,NA,"f",NA
9549,"22/05/2017","within a few hours","f",1,"t","Sydney",-33.90527352,151.2132611,"Entire home/apt",2,NA,1,"",10,22,0,5,0,4.8,"f",0.24
14771,"9/05/2013","within a few hours","f",1,"t","Waverley",-33.88937,151.26213,"Entire home/apt",4,NA,2,"",7,40,0,1,0,5,"f",0.15
9573,"20/07/2019","within an hour","f",13,"t","Sydney",-33.8749951,151.2190097,"Entire home/apt",2,1,1,"$202.00",2,100,20,18,1,4.83,"t",0.88
17670,"29/11/2023","within an hour","f",46,"t","Canterbury",-33.92407,151.09567,"Private room",2,2,1,"$69.00",1,89,5,0,0,NA,"f",NA
7728,"24/07/2019","N/A","f",912,"t","Waverley",-33.90122,151.25264,"Entire home/apt",8,2,4,"$380.00",3,365,5,38,2,4.89,"t",1.36
6429,"20/02/2018","within an hour","f",55,"t","Woollahra",-33.87747,151.24915,"Entire home/apt",10,4,5,"$4,206.00",90,1125,28,0,0,NA,"f",NA
12626,"31/08/2015","within an hour","t",1,"t","Pittwater",-33.63259773,151.3276232,"Entire home/apt",2,NA,1,"",2,365,26,28,0,4.96,"f",2.37
17143,"17/04/2025","within an hour","f",1,"t","Auburn",-33.84669747,151.07408,"Entire home/apt",6,2,2,"$167.00",1,30,9,2,0,5,"f",1.33
14245,"18/08/2013","within a few hours","t",1,"t","Warringah",-33.74706838,151.228745,"Entire home/apt",2,1,1,"$112.00",2,30,7,26,2,5,"f",3.41
3866,"3/08/2016","within an hour","",10,"t","Sydney",-33.86949,151.1975,"Shared room",1,NA,NA,"",90,1125,0,11,0,4.82,"t",0.16
4060,"28/05/2017","N/A","f",1,"t","Canterbury",-33.92047,151.0981,"Private room",2,1,1,"$83.00",90,1125,28,0,0,NA,"t",NA
9266,"20/07/2015","within an hour","f",1,"t","Mosman",-33.82792943,151.2420863,"Entire home/apt",8,3,4,"$599.00",3,90,14,59,2,4.98,"f",2.65
12309,"23/12/2020","within an hour","f",44,"t","Sydney",-33.85985,151.20264,"Private room",2,1,1,"$94.00",1,365,15,13,0,4.15,"f",1.92
11669,"13/05/2022","within an hour","f",16,"t","North Sydney",-33.84057,151.22728,"Entire home/apt",4,1,2,"$231.00",1,365,27,26,2,4.46,"t",1.89
16896,"16/12/2024","within an hour","f",27,"t","Sydney",-33.88002,151.21249,"Entire home/apt",2,1,1,"$253.00",1,365,29,0,0,NA,"f",NA
14900,"8/12/2024","within an hour","t",1,"t","Sydney",-33.9055552,151.2122932,"Entire home/apt",6,2,3,"$380.00",1,365,0,25,1,4.8,"f",4.46
5909,"14/02/2013","N/A","f",2,"t","Botany Bay",-33.92868718,151.1981079,"Private room",1,0.5,2,"$120.00",90,365,29,2,0,4.5,"t",0.08
449,"7/05/2013","N/A","f",1,"t","North Sydney",-33.84081,151.2271,"Entire home/apt",4,NA,2,"",7,1125,0,3,0,5,"f",0.02
7158,"10/12/2015","within an hour","f",32,"t","Ku-Ring-Gai",-33.72988,151.16154,"Entire home/apt",4,2,2,"$254.00",2,1125,22,4,0,4.75,"f",0.14
3218,"10/04/2016","N/A","f",1,"t","Sutherland Shire",-34.04986,151.15687,"Entire home/apt",4,1,1,"$180.00",90,90,29,151,0,4.38,"t",2.01
3286,"29/05/2015","within an hour","f",9,"t","Sydney",-33.8698,151.2256,"Hotel room",2,1,1,"$274.00",1,1125,27,1,0,5,"t",0.01
17921,"3/08/2024","within an hour","t",27,"t","Sydney",-33.88188107,151.1884342,"Entire home/apt",12,4,5,"$361.00",1,365,9,0,0,NA,"t",NA
7799,"8/04/2020","within an hour","f",180,"t","Sydney",-33.8690146,151.2043704,"Entire home/apt",4,1,0,"$278.00",2,365,11,16,0,4.19,"f",0.55
6912,"19/12/2017","within an hour","t",1,"t","North Sydney",-33.82997938,151.220923,"Entire home/apt",2,1,1,"$154.00",1,365,18,51,0,4.96,"f",1.63
2543,"20/12/2014","N/A","f",1,"t","Manly",-33.79425,151.27607,"Entire home/apt",5,NA,3,"",2,365,0,1,0,4,"f",0.18
3939,"16/04/2019","within an hour","t",21,"t","Penrith",-33.76572,150.79073,"Entire home/apt",6,1.5,3,"$104.00",2,1125,13,199,3,4.8,"f",2.78
3763,"10/10/2019","a few days or more","f",1,"t","Rockdale",-33.93714,151.14624,"Private room",4,1,1,"$71.00",90,1125,22,0,0,NA,"f",NA
907,"9/11/2015","within an hour","t",3,"t","Randwick",-33.91961,151.25775,"Entire home/apt",3,1,1,"$179.00",4,27,17,537,0,4.8,"t",4.7
11205,"14/03/2018","within an hour","f",44,"t","Sydney",-33.88908,151.2066,"Entire home/apt",2,1,1,"$178.00",1,365,26,51,2,4.82,"f",3.22
11241,"13/11/2014","within a day","t",82,"t","Pittwater",-33.66068035,151.3094699,"Entire home/apt",6,2.5,3,"$1,159.00",90,1125,0,0,0,NA,"f",NA
17147,"7/06/2017","within a few hours","f",1,"t","Parramatta",-33.80295531,150.9907189,"Entire home/apt",4,1,2,"$113.00",2,365,14,1,0,5,"f",0.91
12835,"10/05/2023","within an hour","f",21,"t","Fairfield",-33.8922271,150.9262709,"Entire home/apt",8,2,4,"$218.00",2,365,9,17,0,4.65,"f",1.74
790,"28/10/2013","N/A","f",1,"t","Sutherland Shire",-34.06333,151.15172,"Entire home/apt",10,3.5,6,"$2,000.00",14,90,17,8,0,5,"f",0.08
16634,"4/12/2023","within an hour","t",10,"t","Manly",-33.7959373,151.2751792,"Entire home/apt",6,2,3,"$323.00",2,365,7,6,2,5,"f",2.73
17068,"28/05/2017","within an hour","f",50,"t","Burwood",-33.87909,151.09806,"Entire home/apt",2,1,1,"$128.00",3,365,23,5,4,4.8,"f",2.73
1241,"3/06/2012","within an hour","t",1,"t","Sydney",-33.89733,151.18052,"Entire home/apt",4,1,2,"$244.00",3,180,8,91,0,4.87,"f",0.88
4975,"17/06/2020","N/A","f",9,"t","The Hills Shire",-33.74795,150.95485,"Entire home/apt",2,1,1,"$386.00",1,365,29,1,0,5,"t",0.04
12367,"6/04/2017","within an hour","t",11,"t","Bankstown",-33.95236,151.03383,"Entire home/apt",2,1,1,"$104.00",2,90,11,21,0,4.9,"t",2.23
4636,"19/02/2015","within a few hours","f",3,"t","Sydney",-33.87845,151.18439,"Private room",2,1,1,"$85.00",90,1125,28,0,0,NA,"f",NA
10226,"22/07/2015","within a few hours","t",1,"t","North Sydney",-33.83667,151.20231,"Entire home/apt",6,3.5,4,"$579.00",2,1125,23,35,1,4.91,"f",2.12
17863,"15/10/2024","within a few hours","f",34,"t","Sydney",-33.9015,151.21332,"Entire home/apt",4,2,2,"$164.00",5,365,29,0,0,NA,"f",NA
8288,"14/07/2014","N/A","f",1,"t","Waverley",-33.89206784,151.2670223,"Entire home/apt",6,2.5,4,"$2,568.00",13,365,12,2,0,5,"f",0.11
14208,"24/01/2018","within an hour","f",56,"t","Sydney",-33.87557,151.21723,"Entire home/apt",4,1,2,"$305.00",2,365,26,23,2,4.43,"t",3.27
14314,"24/03/2021","within an hour","f",20,"t","Manly",-33.78942752,151.2866842,"Entire home/apt",4,1,1,"$84.00",90,180,6,8,1,4.13,"f",1.33
2844,"8/02/2017","within an hour","t",5,"t","Sydney",-33.8855,151.21616,"Entire home/apt",2,1,0,"$185.00",2,14,4,297,6,4.99,"f",3.69
14667,"1/12/2024","N/A","f",5,"t","Hurstville",-33.96376651,151.108152,"Private room",2,NA,NA,"",7,365,0,0,0,NA,"f",NA
3645,"9/10/2019","within an hour","f",6,"t","Bankstown",-33.90004,151.04847,"Private room",5,1,1,"$145.00",1,1125,29,0,0,NA,"f",NA
6153,"10/07/2013","within an hour","f",244,"t","Waverley",-33.90515478,151.260427,"Entire home/apt",6,NA,3,"",90,1125,0,1,0,5,"t",0.03
12852,"15/10/2023","within a day","f",18,"f","Sydney",-33.89053672,151.1946806,"Private room",1,1,1,"$81.00",3,365,28,9,0,4.56,"f",0.98
7200,"24/07/2019","N/A","f",912,"t","Parramatta",-33.80617,150.99142,"Entire home/apt",4,1,2,"$176.00",5,365,20,9,1,3.33,"t",0.33
8874,"20/09/2022","within an hour","f",2,"t","Hornsby",-33.72644498,151.0818684,"Entire home/apt",4,1,2,"$104.00",2,60,0,33,1,4.79,"t",1.49
4951,"16/04/2021","within an hour","t",6,"t","Sutherland Shire",-34.05655,151.13664,"Entire home/apt",8,3.5,4,"$798.00",2,1125,28,55,1,4.71,"f",1.09
12463,"14/04/2023","within an hour","f",81,"t","Sydney",-33.87814196,151.2022173,"Entire home/apt",5,1,2,"$176.00",1,365,20,33,3,4.7,"t",2.84
4804,"27/05/2014","within an hour","t",61,"t","Randwick",-33.92563,151.2592,"Entire home/apt",4,1,2,"$280.00",5,1125,18,28,2,4.96,"f",0.58
4855,"10/12/2020","within an hour","t",1,"t","Penrith",-33.84731,150.63049,"Entire home/apt",2,1,1,"$168.00",2,1125,24,92,2,4.92,"t",1.69
14851,"27/08/2019","a few days or more","f",1,"t","Woollahra",-33.8758939,151.2719393,"Entire home/apt",2,1,1,"$259.00",3,365,6,2,0,4.5,"f",0.36
787,"24/06/2012","within an hour","t",2,"t","Waverley",-33.88965988,151.268692,"Entire home/apt",6,2.5,3,"$760.00",5,31,0,18,0,4.94,"f",0.13
15403,"28/06/2015","within an hour","t",1,"t","Waverley",-33.8917691,151.2520036,"Private room",2,1,1,"$188.00",2,90,29,10,0,5,"t",1.85
11064,"24/03/2014","within a day","f",2,"t","Willoughby",-33.79758,151.17979,"Entire home/apt",4,1,1,"$111.00",2,365,5,48,4,4.67,"f",2.98
4207,"4/06/2018","within a few hours","f",2,"t","Ashfield",-33.87703,151.13907,"Entire home/apt",4,1,1,"$813.00",1,1125,16,36,0,4.78,"f",0.56
4954,"26/07/2015","within a few hours","t",2,"t","Hornsby",-33.60358,151.0506,"Entire home/apt",6,1,3,"$360.00",2,365,28,23,0,4.83,"f",0.42
1686,"13/01/2016","N/A","f",1,"t","Manly",-33.80286,151.28603,"Entire home/apt",4,1.5,2,"$1,000.00",90,90,26,5,0,5,"f",0.06
7776,"2/06/2016","within an hour","t",1,"t","North Sydney",-33.82765622,151.2070922,"Entire home/apt",2,1,1,"$169.00",3,5,0,49,1,4.82,"f",1.69
2467,"2/10/2017","within a day","f",2,"t","Rockdale",-33.93937,151.13666,"Entire home/apt",2,1,1,"$114.00",4,120,15,64,0,4.7,"f",0.8
1729,"20/05/2016","within an hour","t",1,"t","Hornsby",-33.70311,151.10853,"Entire home/apt",5,1.5,2,"$212.00",3,21,4,209,1,4.92,"f",2.22
16656,"11/11/2024","within an hour","f",7,"t","Sydney",-33.896994,151.2137637,"Entire home/apt",6,2,2,"$209.00",2,365,15,6,4,4.5,"t",3.27
9372,"24/11/2018","within an hour","t",2,"t","Sydney",-33.8827151,151.1962292,"Entire home/apt",4,1,1,"$175.00",3,1125,1,111,3,4.94,"f",5.26
5562,"11/08/2015","within an hour","f",34,"t","Manly",-33.78949,151.28549,"Entire home/apt",6,2.5,3,"$1,300.00",4,1125,0,1,0,5,"f",0.06
11192,"3/12/2016","a few days or more","f",1,"t","Waverley",-33.8802139,151.2765044,"Entire home/apt",5,3,4,"$650.00",8,30,0,1,0,5,"f",0.07
13139,"25/11/2015","within a day","f",2,"t","Waverley",-33.88768058,151.2842561,"Entire home/apt",2,1,1,"$194.00",2,365,19,0,0,NA,"f",NA
130,"5/02/2010","N/A","f",1,"t","Sydney",-33.88738,151.21303,"Entire home/apt",4,NA,2,"",90,1125,29,42,0,4.63,"f",0.27
10224,"4/11/2023","within a few hours","",10,"t","Botany Bay",-33.9317,151.20583,"Private room",2,2,1,"$117.00",1,365,16,10,0,4.4,"f",0.54
8986,"3/10/2022","N/A","f",14,"t","Sydney",-33.86168,151.20504,"Private room",2,1,1,"$800.00",90,365,29,0,0,NA,"f",NA
6410,"19/04/2018","within an hour","f",59,"t","Sydney",-33.903235,151.2130673,"Entire home/apt",3,NA,1,"",90,365,0,24,0,4.71,"t",0.72
5644,"7/11/2019","within an hour","f",25,"t","Fairfield",-33.89824,150.93748,"Entire home/apt",6,1,2,"$109.00",2,28,26,23,0,4.43,"f",0.62
6186,"21/09/2014","within a day","f",1,"t","Waverley",-33.89599609,151.2674255,"Entire home/apt",6,1.5,3,"$875.00",2,7,22,0,0,NA,"f",NA
5451,"1/12/2018","within an hour","f",2,"t","Liverpool",-33.96291,150.82869,"Private room",2,1,2,"$60.00",2,30,9,77,0,4.86,"f",1.8
3832,"2/09/2019","within an hour","f",1,"t","Randwick",-33.90467,151.24696,"Entire home/apt",2,1,1,"$125.00",2,1125,0,124,1,4.71,"f",1.77
4470,"10/07/2013","within an hour","f",244,"t","Randwick",-33.9112,151.25845,"Entire home/apt",7,2,3,"$300.00",1,1125,10,18,0,4.67,"t",0.59
4561,"27/05/2013","within an hour","t",9,"t","Sydney",-33.87872,151.21411,"Entire home/apt",5,1,2,"$288.00",1,1122,10,197,3,4.83,"f",4.38
5541,"4/06/2014","within a day","f",0,"t","Manly",-33.79983,151.2888,"Entire home/apt",6,2,3,"$547.00",7,1125,5,4,0,4.25,"f",0.1
6180,"8/10/2020","within an hour","f",29,"t","North Sydney",-33.8414387,151.2186262,"Entire home/apt",3,1,0,"$162.00",2,1125,7,124,3,4.76,"f",3.38
5059,"25/11/2015","within an hour","f",1,"t","Hornsby",-33.53846,151.23923,"Entire home/apt",7,2,3,"$350.00",2,60,2,48,0,4.83,"t",0.87
13518,"22/11/2013","within an hour","f",3,"t","Rockdale",-33.92953415,151.1529002,"Entire home/apt",2,NA,1,"",1,365,0,2,0,5,"t",0.27
7438,"24/07/2019","N/A","f",912,"t","Sydney",-33.90214,151.18468,"Entire home/apt",4,1,2,"$333.00",3,365,6,42,1,4.67,"t",1.39
16088,"18/08/2024","within an hour","f",2,"t","Sydney",-33.85994637,151.2077114,"Private room",2,NA,NA,"",3,365,12,1,0,4,"t",0.27
5992,"5/06/2012","within a few hours","f",1,"t","Waverley",-33.89552,151.24191,"Entire home/apt",4,1.5,2,"$385.00",7,30,23,6,0,4.83,"f",0.27
1211,"1/12/2016","N/A","f",4,"t","Bankstown",-33.9433638,151.0144654,"Private room",2,NA,NA,"",90,140,0,11,0,4.73,"f",0.89
6505,"25/08/2022","within an hour","t",1,"t","The Hills Shire",-33.3855349,150.9849452,"Entire home/apt",8,3,4,"$430.00",2,5,26,26,3,5,"f",0.79
5903,"23/08/2015","within an hour","t",8,"t","Randwick",-33.91241,151.22437,"Private room",1,NA,NA,"",4,7,2,13,1,5,"f",0.46
12446,"11/09/2023","within an hour","f",2,"t","Hurstville",-33.96546742,151.1096622,"Entire home/apt",16,3,8,"$714.00",2,365,6,25,0,4.48,"t",2.19
5228,"20/10/2014","N/A","f",1,"t","Warringah",-33.73102,151.27895,"Entire home/apt",6,1,3,"$400.00",90,365,29,0,0,NA,"t",NA
15703,"4/02/2018","within a day","f",1,"t","Sydney",-33.88443074,151.2079666,"Entire home/apt",2,1,1,"$296.00",3,365,0,0,0,NA,"f",NA
17571,"8/12/2015","within an hour","t",15,"t","Sydney",-33.8704723,151.1977184,"Entire home/apt",6,2,2,"$291.00",2,365,10,1,1,5,"t",1
4771,"22/04/2015","within a few hours","t",1,"t","Randwick",-33.92575259,151.2569627,"Entire home/apt",7,1,3,"$468.00",2,90,19,45,0,4.93,"f",0.9
9083,"12/12/2015","within an hour","f",13,"t","Canada Bay",-33.86449745,151.0881925,"Entire home/apt",5,2,2,"$121.00",3,365,7,68,1,4.62,"t",2.82
4959,"5/12/2013","within an hour","t",64,"t","Sydney",-33.88094,151.18601,"Entire home/apt",4,1,1,"$216.00",4,1125,9,63,1,4.73,"f",1.19
14724,"14/07/2015","within an hour","f",32,"t","Willoughby",-33.80645,151.20146,"Entire home/apt",6,2,2,"$265.00",1,365,0,6,0,5,"t",1.08
1981,"26/05/2015","N/A","f",3,"t","Pittwater",-33.62139,151.33402,"Entire home/apt",6,1,2,"$256.00",100,1125,29,31,0,4.74,"f",0.33
6426,"26/08/2016","within an hour","f",78,"t","Ashfield",-33.89135,151.13312,"Entire home/apt",3,1,0,"$143.00",90,180,3,40,0,4.83,"t",1.01
16764,"30/03/2025","within an hour","f",1,"t","Liverpool",-33.93101,150.90518,"Entire home/apt",12,NA,5,"",2,365,21,2,1,5,"t",1.03
2082,"21/10/2017","N/A","f",1,"f","Waverley",-33.88479,151.27917,"Entire home/apt",6,2,3,"$590.00",90,1125,26,3,0,4.67,"f",0.03
6862,"1/12/2014","N/A","f",1,"t","Woollahra",-33.88227,151.24163,"Entire home/apt",2,NA,1,"",1,14,0,15,0,4.8,"f",0.46
14293,"11/01/2023","within an hour","f",5,"t","Waverley",-33.88951026,151.2798225,"Entire home/apt",2,1,0,"$200.00",1,1125,23,27,3,4.74,"t",3.68
17507,"15/08/2018","within an hour","t",7,"t","Willoughby",-33.79416025,151.1835173,"Entire home/apt",6,2,2,"$258.00",200,365,0,0,0,NA,"f",NA
3825,"10/07/2013","within an hour","f",244,"t","Woollahra",-33.88762269,151.2578204,"Entire home/apt",6,2,3,"$346.00",1,1125,0,2,0,4.5,"t",0.03
16142,"19/04/2018","within an hour","f",59,"t","Sydney",-33.91240002,151.2112563,"Entire home/apt",4,2,2,"$299.00",2,365,4,0,0,NA,"t",NA
13283,"24/07/2012","within a few hours","t",126,"t","Pittwater",-33.60069,151.31843,"Entire home/apt",10,4,5,"$1,559.00",1,1125,27,0,0,NA,"f",NA
2302,"2/06/2016","N/A","f",4,"t","Bankstown",-33.9617,151.03848,"Private room",2,1,1,"$106.00",90,1125,29,0,0,NA,"t",NA
17929,"21/01/2024","within an hour","t",31,"t","Sydney",-33.87779,151.20361,"Private room",2,1,1,"$1,800.00",1,365,29,0,0,NA,"f",NA
1976,"10/02/2013","within a few hours","t",2,"t","Manly",-33.79436,151.27958,"Private room",2,1,1,"$126.00",3,21,12,27,1,5,"f",0.32
10287,"20/11/2013","within an hour","t",2,"t","Manly",-33.79297975,151.281748,"Entire home/apt",8,3,3,"$7,500.00",3,60,26,1,0,5,"f",0.18
2187,"14/10/2016","within an hour","f",3,"t","Sydney",-33.86827761,151.2256879,"Entire home/apt",2,1,1,"$146.00",3,100,8,183,0,4.78,"f",1.98
11034,"24/09/2014","within a few hours","f",2,"t","Warringah",-33.7797317,151.2791387,"Entire home/apt",2,1,1,"$153.00",5,365,13,9,0,4.67,"f",0.5
10419,"31/08/2017","within an hour","f",54,"t","Sydney",-33.8644446,151.2076491,"Entire home/apt",2,1,1,"$240.00",90,365,1,11,1,4.91,"t",0.59
16034,"12/01/2025","within an hour","t",2,"t","Ryde",-33.78635677,151.0985171,"Private room",1,1,1,"$64.00",1,200,29,12,0,5,"f",2.63
12210,"5/06/2016","within an hour","t",2,"t","Hornsby",-33.68479,151.09566,"Private room",1,NA,NA,"",90,365,28,0,0,NA,"f",NA
3979,"5/07/2017","N/A","f",1,"t","Sydney",-33.90018,151.20559,"Entire home/apt",2,1,0,"$612.00",90,1125,28,0,0,NA,"t",NA
9586,"24/07/2015","within an hour","f",1,"t","The Hills Shire",-33.6474034,150.8817455,"Entire home/apt",6,2,4,"$146.00",1,365,18,55,2,4.73,"f",3.04
13917,"27/06/2017","within a few hours","t",1,"t","Sydney",-33.8752506,151.2224727,"Entire home/apt",2,1,1,"$363.00",2,200,8,26,2,4.96,"f",3.44
5232,"22/09/2015","within a few hours","f",37,"t","Auburn",-33.82726,151.07577,"Entire home/apt",4,2,2,"$228.00",2,1125,7,7,0,4.29,"f",0.14
12709,"10/07/2024","within an hour","f",1,"t","Sydney",-33.89177,151.20103,"Entire home/apt",4,1,1,"$129.00",1,365,6,17,1,4.76,"f",1.58
17377,"16/04/2019","within an hour","t",21,"t","Mosman",-33.82732947,151.2319896,"Entire home/apt",4,2,2,"$160.00",2,365,27,1,1,5,"f",1
704,"2/11/2015","within an hour","f",1,"t","Leichhardt",-33.8625,151.17256,"Entire home/apt",6,1,2,"$221.00",1,1125,25,130,1,4.9,"t",1.13
4519,"18/12/2019","within an hour","t",25,"t","Sydney",-33.8598584,151.202883,"Entire home/apt",16,4,6,"$687.00",1,300,1,20,0,4.7,"f",0.3
13361,"1/06/2023","within a day","t",2,"t","Leichhardt",-33.85963,151.17738,"Entire home/apt",8,1,3,"$421.00",1,90,0,29,0,4.9,"f",3.16
8294,"14/02/2017","within an hour","t",11,"t","Ryde",-33.7865531,151.086782,"Private room",2,1,1,"$100.00",1,700,29,30,0,4.83,"f",1.22
15982,"12/12/2024","within an hour","f",1,"t","Randwick",-33.944665,151.260522,"Entire home/apt",4,1,1,"$168.00",1,365,7,11,0,4.73,"t",2.43
12794,"19/04/2018","within an hour","f",59,"t","Sydney",-33.87021,151.20607,"Entire home/apt",2,1,0,"$236.00",2,365,15,13,1,4.69,"t",1.43
724,"19/10/2015","within an hour","t",11,"t","Warringah",-33.72213,151.29894,"Entire home/apt",6,1,2,"$327.00",3,1080,21,45,1,4.87,"t",0.39
4090,"10/11/2019","within an hour","t",1,"t","Waverley",-33.89029,151.25609,"Entire home/apt",2,1,0,"$151.00",3,90,7,79,1,4.97,"f",1.17
5655,"25/10/2021","within an hour","f",1,"t","Penrith",-33.76991,150.78763,"Entire home/apt",5,1,3,"$204.00",5,90,11,48,0,4.63,"f",1.2
14832,"25/08/2019","within an hour","f",169,"t","Ku-Ring-Gai",-33.7445288,151.1321046,"Private room",2,2,1,"$43.00",90,365,12,4,0,3.25,"f",0.91
467,"11/03/2012","within a few hours","t",3,"t","Leichhardt",-33.85822,151.19547,"Entire home/apt",2,1,1,"$173.00",4,1125,28,59,0,4.9,"f",0.56
11892,"25/08/2019","within an hour","f",169,"t","Sydney",-33.8838731,151.2084937,"Private room",1,1,1,"$101.00",4,365,6,16,3,4.81,"f",1.26
17414,"24/10/2019","N/A","f",9,"t","Ryde",-33.79342527,151.1170294,"Entire home/apt",8,2,4,"$234.00",1,365,8,1,1,5,"t",1
11452,"27/08/2016","within an hour","t",2,"t","Sydney",-33.87696,151.21779,"Entire home/apt",2,1,1,"$166.00",2,365,19,73,1,4.99,"f",4.58
1219,"15/05/2013","N/A","f",1,"t","Warringah",-33.78395,151.28608,"Private room",2,3,1,"$7,672.00",90,100,29,0,0,NA,"f",NA
11491,"21/11/2018","within an hour","f",51,"t","North Sydney",-33.83522123,151.2093637,"Entire home/apt",4,NA,2,"",14,365,0,10,1,4.7,"t",0.9
13148,"23/06/2017","within an hour","",26,"t","Sydney",-33.90812,151.21169,"Entire home/apt",8,2,3,"$355.00",2,365,10,26,0,4.92,"t",2.69
4212,"4/11/2016","within a few hours","f",1,"t","Waverley",-33.90621,151.25921,"Entire home/apt",2,NA,1,"",2,7,23,71,0,4.97,"f",1.88
15609,"17/04/2015","N/A","f",2,"t","Sydney",-33.87601,151.22365,"Private room",2,1,1,"$444.00",1,365,29,1,0,5,"f",0.23
5725,"10/07/2014","within a few hours","t",1,"t","Pittwater",-33.62825,151.32754,"Entire home/apt",4,1,2,"$215.00",3,90,14,63,0,4.95,"f",1.52
2063,"28/09/2015","within a day","f",1,"t","Rockdale",-33.98215,151.13797,"Entire home/apt",4,2,2,"$250.00",5,365,20,7,1,4.71,"f",0.42
13460,"14/10/2015","within a few hours","f",1,"t","Warringah",-33.77368375,151.2791893,"Entire home/apt",8,3,4,"$1,200.00",5,9,22,0,0,NA,"f",NA
16120,"28/05/2017","within an hour","f",50,"t","Rockdale",-33.95446,151.1382,"Entire home/apt",5,1,2,"$185.00",3,365,23,3,1,5,"t",2
17760,"25/06/2015","within a day","f",1,"t","Fairfield",-33.90386,150.90116,"Entire home/apt",2,1,2,"$85.00",21,730,1,0,0,NA,"f",NA
15393,"16/05/2023","within an hour","f",15,"t","Sydney",-33.86894,151.19267,"Entire home/apt",7,1.5,2,"$267.00",1,1125,18,3,0,5,"t",0.65
10211,"15/09/2017","within a few hours","f",1,"t","Sydney",-33.8752737,151.1848621,"Entire home/apt",4,1,2,"$237.00",5,365,15,34,0,4.88,"f",1.8
9030,"16/07/2023","within an hour","t",1,"t","The Hills Shire",-33.68107266,150.9567022,"Entire home/apt",3,1,1,"$124.00",2,365,12,74,3,4.93,"f",3.89
1709,"6/09/2015","N/A","f",1,"t","Warringah",-33.73525,151.30219,"Entire home/apt",2,1,1,"$143.00",90,1125,28,17,0,5,"f",0.17
14569,"30/11/2016","within a day","f",1,"t","Pittwater",-33.62624411,151.3360608,"Entire home/apt",8,3,4,"$1,440.00",7,10,28,0,0,NA,"f",NA
3831,"26/08/2016","within an hour","f",1,"t","Waverley",-33.88681,151.27712,"Entire home/apt",5,2,3,"$500.00",5,90,27,17,0,4.76,"f",0.26
13053,"17/06/2016","within an hour","t",2,"t","Ryde",-33.7653703,151.1023221,"Private room",2,1,1,"$95.00",3,365,29,0,0,NA,"f",NA
894,"9/11/2015","within an hour","t",3,"t","Randwick",-33.92072,151.25591,"Entire home/apt",2,1,1,"$177.00",4,27,10,594,1,4.89,"t",5.28
6299,"17/05/2012","within a day","t",1,"t","Sydney",-33.8921526,151.2042068,"Entire home/apt",4,1,2,"$247.00",5,185,3,89,2,4.98,"f",3.22
189,"1/04/2014","within an hour","t",1,"t","Randwick",-33.91271,151.24785,"Entire home/apt",2,1.5,1,"$62.00",90,360,0,43,0,4.84,"f",0.34
377,"24/07/2012","within a few hours","t",126,"t","Sydney",-33.87756298,151.2200743,"Entire home/apt",2,1,1,"$309.00",1,1125,23,25,1,4.84,"f",0.21
8107,"15/10/2012","within an hour","",86,"t","Sydney",-33.85989048,151.2041319,"Entire home/apt",16,4,8,"$1,552.00",1,365,1,7,1,5,"f",0.32
9643,"15/05/2021","N/A","f",1,"t","Sutherland Shire",-34.0686139,151.1540586,"Entire home/apt",8,3,4,"$1,159.00",7,28,0,3,0,5,"f",0.17
13039,"1/05/2018","N/A","f",1,"t","Warringah",-33.76286518,151.2555529,"Entire home/apt",4,1,2,"$326.00",5,10,0,0,0,NA,"f",NA
9701,"30/12/2019","within an hour","f",4,"t","Liverpool",-33.91378,150.8292,"Entire home/apt",10,3,5,"$210.00",2,365,11,50,0,4.6,"f",2.4
1772,"13/10/2013","within an hour","f",1,"t","Manly",-33.79613,151.26914,"Entire home/apt",6,NA,3,"",90,90,0,15,0,5,"f",0.16
2384,"7/12/2017","within an hour","f",1,"t","Sydney",-33.88545,151.21961,"Entire home/apt",1,NA,1,"",90,1125,0,12,0,4.83,"f",0.14
13014,"15/12/2023","within an hour","f",14,"t","Botany Bay",-33.9335637,151.1941943,"Entire home/apt",4,2,2,"$134.00",5,365,13,0,0,NA,"f",NA
14307,"4/12/2014","within a few hours","t",6,"t","Waverley",-33.8962,151.27174,"Entire home/apt",4,NA,2,"",5,365,0,9,0,5,"f",1.21
2358,"14/06/2018","within an hour","f",3,"t","Ryde",-33.81571,151.10473,"Entire home/apt",5,2.5,3,"$148.00",90,1125,0,76,0,4.58,"f",0.9
2091,"5/07/2017","within a day","f",517,"t","Waverley",-33.88802,151.27336,"Entire home/apt",2,1,0,"$310.00",6,1125,27,0,0,NA,"f",NA
2808,"15/04/2015","within an hour","f",1,"t","Manly",-33.79898071,151.2871094,"Entire home/apt",2,1,1,"$284.00",4,730,5,2,0,5,"f",0.03
2399,"28/06/2019","within an hour","f",70,"t","Sydney",-33.87926,151.21217,"Entire home/apt",2,1.5,1,"$221.00",2,1125,0,201,0,4.85,"f",2.11
16059,"7/10/2015","within a day","f",1,"f","Pittwater",-33.70767063,151.2858179,"Entire home/apt",4,2,3,"$589.00",7,365,0,0,0,NA,"f",NA
18186,"29/10/2024","within an hour","f",16,"t","Sydney",-33.90548,151.21224,"Private room",2,1,1,"$75.00",7,365,15,0,0,NA,"f",NA
6283,"4/03/2022","N/A","f",1,"t","Hornsby",-33.6496,151.07392,"Entire home/apt",12,NA,6,"",90,1125,28,32,0,4.84,"f",0.82
3859,"26/08/2016","within an hour","t",24,"t","Sydney",-33.87907,151.20961,"Entire home/apt",3,1,1,"$364.00",1,1125,29,9,0,4.89,"t",0.13
12695,"31/08/2016","within an hour","",45,"t","Canada Bay",-33.82717,151.08559,"Entire home/apt",4,2,2,"$282.00",2,365,29,2,0,5,"f",0.24
12769,"13/08/2018","within an hour","f",57,"t","Sydney",-33.87971944,151.2065483,"Entire home/apt",2,1,0,"$178.00",1,365,10,23,1,4.65,"f",2.58
9605,"23/10/2022","within an hour","f",4,"t","Sydney",-33.8572212,151.2023052,"Entire home/apt",5,1.5,2,"$248.00",2,90,10,92,4,4.75,"t",4.5
17420,"13/08/2018","within an hour","f",57,"t","Sydney",-33.88002567,151.2048866,"Entire home/apt",2,1,0,"$132.00",1,90,25,6,1,4.5,"f",2.69
18079,"4/06/2014","within a day","f",0,"t","Manly",-33.79316855,151.2462168,"Entire home/apt",8,3,4,"$523.00",7,365,3,0,0,NA,"t",NA
11652,"22/08/2023","within an hour","f",1,"t","The Hills Shire",-33.78312504,151.0356812,"Entire home/apt",8,2,4,"$194.00",3,365,3,10,1,4.9,"t",1.64
3930,"13/07/2018","within an hour","f",31,"t","Canada Bay",-33.83629,151.08963,"Private room",1,1,1,"$80.00",1,1125,29,66,0,4.64,"f",0.95
805,"4/12/2015","within an hour","t",1,"t","Mosman",-33.82672,151.25125,"Entire home/apt",5,1,2,"$247.00",2,1125,23,168,2,4.82,"f",1.57
3619,"12/08/2019","within an hour","f",9,"t","Sydney",-33.87236,151.20627,"Private room",2,1,1,"$244.00",1,1125,22,18,0,4.61,"t",0.27
11783,"27/03/2024","within an hour","f",1,"t","Willoughby",-33.80192,151.17287,"Entire home/apt",9,2,4,"$382.00",2,45,23,26,1,4.58,"t",1.88
16825,"14/07/2016","within an hour","f",39,"t","North Sydney",-33.83025,151.21804,"Entire home/apt",10,2,4,"$515.00",2,365,20,3,1,4,"f",1.13
17336,"2/06/2023","within an hour","f",31,"t","Sydney",-33.90167267,151.2130974,"Entire home/apt",4,2,2,"$172.00",6,365,29,0,0,NA,"f",NA
12622,"20/04/2022","within an hour","t",22,"t","Sydney",-33.9046558,151.1857175,"Entire home/apt",6,2,2,"$326.00",2,365,18,7,0,4.86,"f",0.62
17545,"20/09/2022","within an hour","f",39,"t","Parramatta",-33.81819,151.01029,"Entire home/apt",6,2,2,"$188.00",3,365,20,1,1,5,"f",1
8867,"14/04/2023","within an hour","f",81,"t","Sydney",-33.87424,151.20459,"Entire home/apt",5,2,2,"$108.00",1,365,7,40,2,4.6,"t",2.37
17215,"24/07/2019","N/A","f",912,"t","Manly",-33.8029024,151.2887059,"Entire home/apt",2,1,1,"$201.00",3,365,29,1,0,5,"t",0.86
6811,"9/04/2013","within an hour","f",1,"t","Camden",-33.95329,150.78018,"Entire home/apt",4,1.5,2,"$203.00",3,30,16,4,0,5,"f",0.17
5051,"20/01/2021","N/A","f",1,"t","Warringah",-33.75559,151.28655,"Entire home/apt",6,NA,2,"",12,1125,0,59,0,4.92,"f",1.11
13373,"25/04/2019","within an hour","t",68,"t","North Sydney",-33.8358568,151.2079673,"Entire home/apt",3,1,0,"$143.00",1,365,2,16,1,5,"f",1.68
14999,"29/08/2015","N/A","t",3,"t","Sydney",-33.87823,151.19936,"Private room",1,NA,NA,"",2,30,0,3,0,4.33,"f",0.47
15592,"11/07/2021","within an hour","t",28,"t","Waverley",-33.88821133,151.2760104,"Private room",3,1,1,"$150.00",2,365,13,1,1,5,"f",1
15538,"12/10/2021","within an hour","f",34,"t","Blacktown",-33.6846274,150.9157693,"Entire home/apt",4,2,2,"$114.00",2,365,9,6,2,4.33,"t",1.32
1876,"16/09/2017","N/A","f",1,"t","Warringah",-33.72759,151.28641,"Entire home/apt",4,1,2,"$292.00",90,365,26,8,0,4.75,"f",0.09
13417,"19/04/2015","within an hour","f",2,"t","Waverley",-33.89730827,151.2659416,"Entire home/apt",5,2,3,"$1,200.00",7,21,7,1,0,5,"f",0.17
12560,"8/01/2019","within an hour","",170,"f","Canada Bay",-33.8508345,151.1361241,"Entire home/apt",4,1,2,"$265.00",3,365,17,7,0,4.43,"t",0.84
4529,"13/02/2020","within an hour","t",4,"t","Sydney",-33.87229919,151.1971436,"Private room",2,1,0,"$320.00",1,1125,26,168,0,4.68,"t",2.69
2208,"4/03/2012","N/A","f",1,"t","Lane Cove",-33.80984,151.15531,"Entire home/apt",8,NA,4,"",7,30,0,8,0,4.88,"f",0.11
15494,"27/09/2010","within an hour","f",26,"t","Sydney",-33.89114723,151.2071463,"Entire home/apt",2,1,1,"$200.00",1,1125,29,4,0,3.5,"t",0.71
3741,"23/03/2015","within an hour","f",2,"t","Blacktown",-33.7863,150.91377,"Entire home/apt",3,NA,1,"",2,730,0,55,0,4.89,"f",0.8
17065,"25/05/2020","N/A","f",15,"t","Manly",-33.8006022,151.2883311,"Entire home/apt",4,NA,2,"",2,90,0,5,0,4.4,"t",2.08
7793,"8/02/2023","within a few hours","f",1,"t","Ku-Ring-Gai",-33.78614605,151.1784852,"Entire home/apt",2,1.5,1,"$162.00",2,365,3,26,0,4.88,"f",0.91
11916,"5/06/2013","within an hour","f",28,"t","Woollahra",-33.88273044,151.2279452,"Entire home/apt",7,2.5,3,"$421.00",7,365,8,18,1,4.28,"t",1.39
12640,"22/04/2018","within a few hours","f",1,"t","Leichhardt",-33.85987586,151.1654529,"Entire home/apt",4,1,1,"$209.00",5,365,24,16,0,4.69,"f",1.5
2383,"10/10/2017","within an hour","f",1,"t","Manly",-33.7938,151.2868,"Entire home/apt",6,2,3,"$900.00",4,35,10,3,0,4.33,"t",0.53
6933,"12/09/2022","within a few hours","t",1,"t","Sydney",-33.87518,151.21902,"Entire home/apt",2,1,1,"$179.00",7,90,0,43,0,4.77,"f",1.3
12193,"6/08/2019","N/A","f",33,"t","Sydney",-33.8978805,151.1933189,"Entire home/apt",4,NA,2,"",2,90,0,24,0,4.92,"f",1.86
6715,"11/10/2019","within an hour","f",138,"t","Canada Bay",-33.82881,151.08467,"Entire home/apt",2,1,1,"$167.00",2,1125,14,43,1,4.86,"f",1.24
5062,"27/08/2020","within an hour","t",2,"t","Manly",-33.79711,151.28528,"Entire home/apt",2,1,0,"$139.00",3,30,12,61,2,4.92,"f",1.11
16587,"12/04/2019","within an hour","f",63,"t","Blacktown",-33.7762407,150.9313796,"Private room",2,1,1,"$70.00",1,89,27,0,0,NA,"f",NA
12380,"31/01/2016","within an hour","t",48,"t","Randwick",-33.9179365,151.2578743,"Entire home/apt",3,1,1,"$229.00",2,730,18,24,1,4.88,"t",2.13
11758,"4/10/2021","within a day","t",3,"f","Warringah",-33.77771949,151.2764531,"Entire home/apt",2,1,1,"$176.00",2,40,0,6,0,4.33,"f",0.58
13937,"10/05/2018","within an hour","t",2,"t","Sutherland Shire",-34.06813557,151.1517658,"Entire home/apt",8,3,4,"$675.00",3,365,10,2,0,5,"f",0.42
8818,"26/08/2016","within an hour","f",78,"t","Waverley",-33.89294925,151.2471273,"Private room",3,1,1,"$182.00",1,90,27,81,1,4.65,"t",3.46
8262,"30/05/2012","N/A","f",1,"t","Sydney",-33.874866,151.221332,"Entire home/apt",2,1,1,"$400.00",1,365,29,1,0,5,"f",0.11
10072,"14/06/2017","within a day","f",4,"t","Pittwater",-33.62634611,151.2839889,"Private room",16,0,8,"$1,900.00",1,14,22,0,0,NA,"f",NA
10430,"21/08/2016","within an hour","t",3,"t","Waverley",-33.8869468,151.270793,"Private room",1,1,1,"$100.00",3,30,27,47,1,4.98,"f",2.51
1781,"22/11/2014","within an hour","t",23,"t","Sydney",-33.86903,151.20436,"Entire home/apt",5,2,2,"$353.00",2,365,7,248,5,4.83,"t",2.51
6243,"1/05/2021","N/A","f",3,"t","Strathfield",-33.86903,151.06743,"Entire home/apt",2,1,1,"$124.00",90,365,0,20,1,4.45,"t",0.54
3210,"24/11/2015","within a day","f",1,"t","Randwick",-33.91059,151.26618,"Entire home/apt",3,1,2,"$354.00",3,5,28,35,0,4.8,"f",0.45
7010,"31/08/2016","within an hour","",45,"t","Auburn",-33.82285,151.0795,"Entire home/apt",4,2,2,"$366.00",2,365,29,8,0,5,"f",0.3
14155,"7/01/2016","within an hour","f",1,"t","Sydney",-33.87672,151.20443,"Entire home/apt",5,2,2,"$287.00",2,365,11,22,1,4.73,"f",2.96
16840,"7/09/2019","within an hour","f",4,"t","Sydney",-33.88159011,151.2100236,"Entire home/apt",2,1,0,"$195.00",1,365,10,7,6,4.57,"f",6.56
2659,"6/07/2018","N/A","f",3,"t","Penrith",-33.74639,150.67462,"Private room",2,1,1,"$148.00",1,1125,28,60,0,4.25,"t",0.73
12952,"16/11/2019","within a day","f",1,"t","Waverley",-33.8849872,151.2769278,"Entire home/apt",4,1,2,"$470.00",3,365,5,3,0,5,"f",0.49
6823,"12/06/2019","N/A","f",1,"t","Blacktown",-33.77609,150.89038,"Private room",4,1,3,"$500.00",1,365,0,1,0,5,"t",0.03
1359,"20/07/2016","within an hour","t",1,"t","Blacktown",-33.76673,150.93585,"Entire home/apt",7,1,3,"$150.00",3,50,3,476,6,4.96,"t",4.53
15336,"9/09/2023","within an hour","t",14,"t","Sydney",-33.89892,151.20663,"Entire home/apt",2,1,0,"$138.00",2,365,4,17,2,4.88,"f",3.59
9618,"11/01/2020","within an hour","t",45,"t","Sydney",-33.90364,151.20926,"Entire home/apt",5,2,3,"$339.00",4,365,29,12,0,4.67,"f",0.56
9630,"1/08/2016","within a day","f",39,"t","Botany Bay",-33.92342,151.18887,"Entire home/apt",7,2,3,"$353.00",2,365,29,8,0,4.5,"f",0.61
14480,"21/10/2022","within an hour","f",60,"t","Waverley",-33.8634428,151.2801679,"Entire home/apt",4,1,2,"$219.00",2,90,13,15,0,4.6,"f",2.34
10150,"29/11/2016","within an hour","t",5,"t","Hurstville",-33.96999485,151.0689757,"Private room",2,2,1,"$86.00",1,29,24,38,1,4.89,"f",2.04
16257,"28/06/2019","within an hour","f",70,"t","Sydney",-33.8602142,151.2038356,"Entire home/apt",10,2,4,"$570.00",2,1125,4,3,3,2.33,"f",3
3627,"20/07/2017","within an hour","t",9,"t","Randwick",-33.91341,151.23861,"Private room",2,4,1,"$102.00",2,365,13,52,0,4.88,"t",0.76
7803,"24/07/2019","N/A","f",912,"t","Marrickville",-33.9022245,151.1748056,"Entire home/apt",4,1,2,"$226.00",3,365,25,42,1,4.24,"t",1.45
4382,"19/07/2016","N/A","f",1,"t","Leichhardt",-33.88167736,151.1601921,"Entire home/apt",2,1,1,"$299.00",1,365,0,15,0,5,"f",1.76
15143,"23/01/2021","within an hour","f",2,"t","Pittwater",-33.6504447,151.3041571,"Entire home/apt",4,1,2,"$154.00",1,365,25,11,2,4.55,"f",1.99
3715,"29/03/2018","within a few hours","t",2,"t","Botany Bay",-33.94944,151.20625,"Entire home/apt",2,1,1,"$171.00",28,730,3,26,0,5,"f",0.38
6328,"11/11/2016","within an hour","f",5,"t","Sydney",-33.86922,151.22629,"Entire home/apt",2,1,1,"$212.00",2,45,0,46,1,4.43,"t",1.19
46,"6/08/2019","N/A","f",33,"t","Waverley",-33.89286,151.26125,"Entire home/apt",5,2,2,"$225.00",2,90,9,65,0,4.75,"f",0.51
1138,"13/05/2014","within an hour","f",55,"t","Sydney",-33.8635,151.20657,"Entire home/apt",2,1,0,"$220.00",90,365,28,9,0,4.56,"f",0.08
9937,"2/03/2020","within an hour","t",13,"t","Sydney",-33.8853458,151.1969538,"Entire home/apt",4,1,1,"$239.00",1,180,18,50,3,4.88,"t",2.51
15207,"4/01/2017","within a few hours","f",1,"t","Manly",-33.7927883,151.2543392,"Entire home/apt",5,1,3,"$270.00",5,365,0,1,0,5,"f",0.18
11001,"16/05/2023","within an hour","f",15,"t","Sydney",-33.87883349,151.1941337,"Entire home/apt",8,2,3,"$344.00",1,1125,22,21,0,4.43,"t",1.17
5040,"11/10/2019","within an hour","f",138,"t","Auburn",-33.829,151.07638,"Entire home/apt",4,2,2,"$181.00",5,1125,7,97,0,4.66,"f",1.74
1306,"29/08/2024","N/A","f",39,"t","Sydney",-33.88067,151.21149,"Entire home/apt",4,1,2,"$385.00",5,1125,24,34,0,4.5,"t",0.33
5261,"8/03/2021","within a few hours","t",1,"t","Manly",-33.79631,151.28648,"Entire home/apt",2,1,1,"$228.00",5,90,8,107,1,4.98,"f",2.09
11015,"20/01/2016","within an hour","f",4,"t","Lane Cove",-33.80955,151.17722,"Entire home/apt",2,NA,1,"",365,365,2,0,0,NA,"f",NA
2904,"31/07/2014","N/A","f",1,"t","Randwick",-33.94131,151.24078,"Entire home/apt",4,2,2,"$295.00",90,1125,22,0,0,NA,"f",NA
13958,"2/10/2024","N/A","f",1,"t","Warringah",-33.77875195,151.2870359,"Entire home/apt",4,NA,2,"",3,365,0,2,0,4.5,"f",0.36
12675,"28/02/2024","within an hour","f",4,"t","Campbelltown",-33.97825642,150.8657655,"Entire home/apt",9,3,4,"$215.00",2,365,15,28,2,4.64,"t",2.8
12713,"10/11/2022","within a day","f",1,"t","Sydney",-33.87977893,151.2133734,"Entire home/apt",4,1,2,"$234.00",90,365,0,1,0,5,"f",0.09
16907,"28/02/2018","N/A","f",1,"t","Sydney",-33.87942082,151.1850351,"Entire home/apt",3,1.5,1,"$175.00",120,150,27,0,0,NA,"f",NA
9783,"24/06/2016","within an hour","f",4,"t","Hornsby",-33.76215469,151.083511,"Private room",2,0.5,1,"$77.00",1,90,29,14,0,4.43,"f",0.67
15960,"13/04/2024","within a few hours","f",1,"f","Hornsby",-33.777609,151.0537284,"Private room",2,1,1,"$101.00",1,365,29,0,0,NA,"f",NA
14144,"3/01/2017","within an hour","t",37,"t","North Sydney",-33.82312842,151.2269416,"Entire home/apt",5,1,1,"$119.00",1,365,5,31,1,4.65,"t",4.33
10393,"3/02/2016","within a day","f",2,"t","Marrickville",-33.90562,151.17915,"Entire home/apt",4,1,2,"$293.00",5,21,22,1,0,5,"f",0.15
2932,"27/06/2014","within an hour","t",1,"t","Botany Bay",-33.94742,151.20277,"Private room",1,1,1,"$72.00",1,7,16,279,2,4.95,"f",3.41
2641,"14/08/2016","within an hour","t",1,"t","Pittwater",-33.64937,151.31248,"Entire home/apt",2,NA,1,"",2,8,0,103,0,4.9,"f",1.28
9880,"13/11/2014","within a day","t",82,"t","Pittwater",-33.63254627,151.3277139,"Entire home/apt",10,3.5,5,"$1,704.00",1,1125,0,1,0,5,"f",0.1
2914,"9/10/2018","within an hour","f",10,"t","Bankstown",-33.92253,151.02823,"Private room",2,1,1,"$87.00",1,14,27,28,0,4.29,"t",0.36
15791,"4/12/2024","within a few hours","f",53,"t","Sydney",-33.90501,151.20729,"Entire home/apt",4,2,2,"$226.00",7,365,0,0,0,NA,"f",NA
1240,"25/11/2016","N/A","f",1,"t","Randwick",-33.93614,151.24807,"Private room",2,1,1,"$92.00",90,1125,27,0,0,NA,"f",NA
15686,"2/01/2025","within an hour","t",2,"t","Sydney",-33.87724,151.20358,"Entire home/apt",5,1,1,"$208.00",1,365,7,26,2,4.88,"t",5.45
1204,"6/08/2016","within a few hours","f",1,"t","Lane Cove",-33.80637,151.16187,"Entire home/apt",4,1,2,"$276.00",2,73,5,25,0,4.72,"f",0.24
11326,"20/01/2019","N/A","f",4,"t","Ryde",-33.82025,151.09105,"Private room",2,NA,NA,"",90,1125,0,3,0,4.33,"f",0.19
7562,"29/11/2022","within an hour","f",1,"t","Sydney",-33.8912045,151.2121111,"Private room",2,1,1,"$116.00",3,1125,1,63,0,4.81,"f",2.1
15050,"12/10/2023","within an hour","f",11,"t","Sydney",-33.87898,151.20364,"Private room",2,0,1,"$220.00",30,300,29,0,0,NA,"f",NA
2028,"22/11/2014","within an hour","t",23,"t","Sydney",-33.86903,151.20436,"Entire home/apt",3,1,1,"$217.00",2,365,6,291,2,4.83,"t",2.98
14747,"19/11/2024","within an hour","t",1,"t","Ku-Ring-Gai",-33.74468825,151.1418443,"Entire home/apt",4,1,1,"$209.00",1,365,0,11,0,5,"f",1.79
6377,"29/04/2017","within a day","f",1,"t","Manly",-33.78910767,151.2853784,"Entire home/apt",4,1,2,"$570.00",7,700,16,9,0,4.89,"f",0.3
9178,"19/02/2020","within an hour","f",22,"t","Hornsby",-33.76988681,151.0786557,"Entire home/apt",4,2,2,"$237.00",2,1125,29,3,0,5,"f",0.16
9743,"10/09/2023","N/A","f",1,"t","Manly",-33.7919746,151.2852333,"Entire home/apt",4,1,1,"$246.00",3,45,25,31,2,4.52,"f",1.46
16730,"8/04/2025","within an hour","f",4,"t","The Hills Shire",-33.75265,151.04249,"Private room",2,1,1,"$75.00",3,28,25,0,0,NA,"t",NA
5580,"11/12/2014","within a day","f",72,"t","Pittwater",-33.62566,151.33513,"Entire home/apt",7,NA,4,"",2,1125,12,1,0,4,"f",0.03
2665,"7/09/2015","within a few hours","f",1,"t","Randwick",-33.91716,151.24975,"Entire home/apt",4,1,2,"$200.00",90,1125,29,21,0,4.81,"t",0.26
17028,"1/09/2024","N/A","f",44,"t","Ryde",-33.7780631,151.1144761,"Entire home/apt",2,1,1,"$268.00",5,1125,9,1,0,5,"t",0.41
16676,"5/01/2019","within an hour","f",3,"t","Sutherland Shire",-34.02760727,151.0965439,"Private room",2,2,1,"$81.00",1,365,26,3,1,3.67,"t",2
5628,"28/06/2016","N/A","f",1,"t","Pittwater",-33.62202,151.33777,"Entire home/apt",8,3,5,"$1,295.00",7,30,26,5,0,5,"f",0.14
17581,"10/12/2014","within an hour","f",26,"f","Ashfield",-33.8909768,151.1196377,"Entire home/apt",2,0,0,"$84.00",5,365,16,0,0,NA,"t",NA
1451,"10/10/2016","N/A","f",3,"t","Strathfield",-33.87076,151.08953,"Private room",1,1,1,"$88.00",90,1125,28,21,0,4.62,"t",0.2
2657,"19/11/2017","within an hour","t",1,"t","Pittwater",-33.60492,151.32728,"Entire home/apt",2,1,0,"$163.00",2,1125,28,179,1,4.76,"f",2.23
10772,"2/11/2014","N/A","f",1,"t","Waverley",-33.8808066,151.2724328,"Entire home/apt",6,2.5,3,"$1,003.00",5,30,26,0,0,NA,"f",NA
17903,"24/02/2020","within an hour","f",3,"t","Warringah",-33.74938,151.23256,"Entire home/apt",2,1,0,"$128.00",1,365,28,0,0,NA,"t",NA
7124,"16/10/2014","within a few hours","f",1,"t","Waverley",-33.88776002,151.2776457,"Entire home/apt",2,1,1,"$300.00",3,21,3,5,0,4.8,"f",0.17
6496,"18/06/2014","N/A","f",2,"t","Leichhardt",-33.8686,151.1645,"Entire home/apt",2,1,1,"$280.00",3,16,28,0,0,NA,"f",NA
797,"24/07/2015","N/A","f",1,"t","North Sydney",-33.82891,151.20437,"Entire home/apt",6,NA,3,"",2,1125,0,13,0,4.38,"f",0.11
15685,"31/01/2016","within an hour","t",48,"t","Waverley",-33.8938765,151.2553582,"Entire home/apt",8,NA,3,"",1,365,0,1,0,3,"f",0.33
5901,"3/03/2017","within a day","t",1,"t","Warringah",-33.78482,151.26105,"Entire home/apt",6,2,3,"$243.00",4,180,2,52,0,4.79,"f",1.25
1292,"21/04/2014","within an hour","f",1,"t","Waverley",-33.89110184,151.269989,"Entire home/apt",6,1,2,"$450.00",3,365,29,5,0,5,"f",0.2
17422,"16/01/2015","within an hour","f",1,"t","Waverley",-33.88403712,151.2785895,"Entire home/apt",8,3.5,4,"$1,143.00",3,28,3,0,0,NA,"t",NA
13741,"27/08/2024","N/A","f",2,"t","Botany Bay",-33.9314431,151.1932382,"Entire home/apt",8,NA,3,"",1,365,0,3,0,4.67,"f",0.37
5532,"11/10/2021","within an hour","f",2,"t","Rockdale",-33.93356,151.15611,"Entire home/apt",3,1,1,"$149.00",2,365,0,100,2,4.85,"f",2.26
15704,"8/01/2025","within an hour","f",1,"t","Warringah",-33.7584907,151.2626141,"Entire home/apt",3,1,1,"$425.00",2,365,0,3,0,4.67,"t",0.63
1605,"6/07/2015","within a few hours","t",2,"t","Waverley",-33.89629,151.26998,"Private room",2,1,1,"$109.00",4,14,0,168,0,4.79,"f",1.63
15289,"8/09/2017","within an hour","f",11,"t","North Sydney",-33.85138,151.21794,"Entire home/apt",4,1,2,"$251.00",1,365,4,26,2,4.46,"f",4.64
16831,"29/11/2023","within an hour","f",46,"t","Ku-Ring-Gai",-33.7783412,151.1654329,"Private room",2,1,1,"$49.00",1,365,7,0,0,NA,"f",NA
5041,"22/04/2021","within an hour","f",2,"t","The Hills Shire",-33.61451,150.90612,"Entire home/apt",10,2.5,5,"$161.00",2,1125,9,69,2,4.55,"t",1.43
13765,"29/08/2024","N/A","f",39,"t","Lane Cove",-33.81163297,151.1745566,"Entire home/apt",5,1,2,"$302.00",5,1125,0,2,0,4.5,"t",0.29
3698,"25/09/2019","within an hour","f",6,"t","Manly",-33.80192,151.29433,"Entire home/apt",4,1,2,"$569.00",5,1125,0,1,0,5,"t",0.01
13389,"4/03/2021","within a day","f",1,"t","Warringah",-33.7730972,151.2920468,"Entire home/apt",2,2,1,"$225.00",7,21,19,1,0,5,"f",0.2
6228,"12/08/2014","within an hour","t",1,"t","Pittwater",-33.65104,151.31184,"Entire home/apt",4,2,2,"$383.00",2,28,23,61,1,4.95,"f",1.66
13602,"4/01/2024","within an hour","f",1,"t","Sydney",-33.87158444,151.1950717,"Entire home/apt",6,3,3,"$267.00",2,365,6,15,3,4.8,"t",2
12074,"22/04/2024","within a few hours","f",3,"t","Hornsby",-33.6973687,151.0264178,"Entire home/apt",2,1,1,"$161.00",1,1125,20,0,0,NA,"t",NA
7635,"6/12/2015","within a day","f",1,"t","Canada Bay",-33.84871,151.15096,"Private room",1,1.5,1,"$95.00",3,365,11,20,0,5,"f",0.66
15628,"16/10/2021","within an hour","f",40,"t","Fairfield",-33.8764841,150.9566075,"Entire home/apt",16,NA,8,"",2,365,14,7,0,4,"t",1.35
11695,"17/09/2023","within an hour","t",1,"t","Waverley",-33.8997793,151.2572133,"Entire home/apt",2,1,1,"$237.00",2,21,10,68,5,4.97,"f",4.59
1606,"18/09/2016","within an hour","t",1,"t","Sydney",-33.89305,151.19927,"Private room",2,1,1,"$108.00",5,350,12,134,0,4.85,"f",1.33
4885,"18/12/2012","a few days or more","f",1,"t","Randwick",-33.92311,151.24606,"Entire home/apt",4,1,2,"$225.00",90,1125,30,0,0,NA,"t",NA
14178,"27/04/2014","N/A","f",1,"t","Randwick",-33.90995041,151.2388329,"Entire home/apt",3,1,2,"$197.00",90,90,29,0,0,NA,"t",NA
9943,"18/01/2016","within a few hours","f",1,"t","Sydney",-33.876776,151.2251838,"Entire home/apt",2,1,1,"$153.00",3,90,4,7,1,4.43,"f",0.38
886,"17/12/2015","within an hour","t",2,"t","Sydney",-33.8738,151.22583,"Entire home/apt",2,1,0,"$107.00",2,91,1,384,3,4.72,"f",3.33
3844,"26/04/2014","within an hour","t",15,"t","Sydney",-33.88942,151.19817,"Entire home/apt",6,2.5,3,"$478.00",3,1125,19,79,1,4.75,"f",1.17
16979,"29/08/2024","N/A","f",39,"t","North Sydney",-33.8246926,151.2244628,"Entire home/apt",7,4,4,"$521.00",7,1125,0,0,0,NA,"f",NA
3602,"14/07/2016","within an hour","f",1,"t","Pittwater",-33.67225,151.31287,"Private room",1,1,1,"$100.00",2,30,0,52,0,4.85,"f",0.74
539,"29/07/2013","N/A","f",1,"t","Sydney",-33.87828,151.21869,"Entire home/apt",2,1,1,"$349.00",3,40,28,39,0,4.92,"f",0.27
12970,"24/08/2016","within an hour","f",11,"t","Burwood",-33.87622,151.09607,"Entire home/apt",6,1,2,"$188.00",1,365,0,14,0,4.86,"t",1.45
14262,"19/07/2016","within an hour","t",3,"t","Pittwater",-33.64943757,151.3055675,"Entire home/apt",6,NA,3,"",7,30,0,0,0,NA,"f",NA
15320,"22/08/2016","N/A","f",2,"t","Warringah",-33.7691014,151.2872729,"Entire home/apt",8,2,4,"$801.00",5,30,0,2,0,5,"f",0.36
8113,"21/03/2016","within a few hours","f",17,"t","Sydney",-33.9055809,151.2059369,"Entire home/apt",5,2,2,"$256.00",2,365,27,24,1,4.83,"f",0.92
5047,"9/11/2020","within an hour","f",8,"t","Waverley",-33.88865,151.27029,"Private room",2,1,1,"$304.00",1,365,29,6,0,3.83,"t",0.12
8487,"27/04/2023","within an hour","t",1,"t","Hornsby",-33.59462522,151.0512588,"Entire home/apt",8,2,4,"$612.00",1,365,28,33,0,4.88,"f",1.51
8825,"17/12/2018","within an hour","t",18,"t","Waverley",-33.88945924,151.2770524,"Entire home/apt",2,1,1,"$167.00",3,365,19,67,1,4.94,"f",2.73
1857,"2/11/2016","within an hour","t",2,"t","Waverley",-33.89518,151.27253,"Entire home/apt",3,1,0,"$175.00",3,365,22,160,2,4.97,"f",1.76
9492,"21/10/2022","within an hour","f",60,"t","Blacktown",-33.68619884,150.8165262,"Entire home/apt",9,NA,4,"",1,365,0,7,0,4.86,"f",0.36
3918,"27/01/2015","N/A","f",1,"t","Woollahra",-33.88250351,151.2223969,"Entire home/apt",4,NA,2,"",3,6,0,7,0,4.86,"t",0.1
4062,"4/06/2019","N/A","f",1,"t","Sydney",-33.89738,151.19955,"Private room",1,1,1,"$205.00",90,1125,29,1,0,5,"f",0.02
8547,"23/05/2017","within an hour","t",1,"t","The Hills Shire",-33.74422375,150.998467,"Entire home/apt",4,1,1,"$148.00",2,60,5,69,1,5,"f",2.81
13865,"19/01/2014","N/A","f",1,"f","Pittwater",-33.65863,151.31575,"Entire home/apt",6,2,3,"$425.00",5,365,0,0,0,NA,"f",NA
12272,"2/08/2014","within a few hours","f",3,"t","Blacktown",-33.6738025,150.8682775,"Private room",1,1.5,1,"$110.00",90,365,28,0,0,NA,"f",NA
11395,"19/12/2013","within an hour","f",11,"t","Marrickville",-33.89875,151.17621,"Entire home/apt",2,1,1,"$198.00",1,365,25,8,0,4.75,"t",0.6
12194,"20/05/2024","within an hour","f",1,"t","Blacktown",-33.713193,150.8759637,"Entire home/apt",8,2.5,4,"$450.00",2,30,29,5,0,5,"t",0.68
8147,"2/01/2016","within an hour","f",1,"t","Parramatta",-33.82973372,151.0167321,"Entire home/apt",15,2,5,"$347.00",1,1125,22,49,1,4.27,"t",1.94
3243,"26/03/2019","N/A","f",2,"t","Sydney",-33.88227,151.19675,"Entire home/apt",4,2,2,"$164.00",90,1125,27,1,0,4,"f",0.01
3641,"4/05/2018","a few days or more","f",2,"t","Bankstown",-33.90964,151.0383,"Private room",2,1,1,"$43.00",90,1125,29,1,0,5,"t",0.02
5870,"30/01/2022","within an hour","t",1,"t","Parramatta",-33.79111,150.95468,"Entire home/apt",2,1,1,"$73.00",2,35,5,83,1,4.88,"f",2.13
17059,"18/03/2025","within an hour","f",23,"t","Parramatta",-33.7717031,150.9634132,"Private room",2,1,1,"$56.00",1,365,29,0,0,NA,"t",NA
8419,"22/03/2015","a few days or more","f",2,"t","Parramatta",-33.79728,151.01148,"Entire home/apt",10,3,4,"$299.00",90,150,29,0,0,NA,"f",NA
17845,"31/08/2020","N/A","f",1,"t","Woollahra",-33.879,151.23652,"Entire home/apt",2,1.5,1,"$206.00",90,365,29,0,0,NA,"f",NA
6045,"15/09/2014","within a day","f",1,"t","Sydney",-33.88263,151.21541,"Entire home/apt",2,1,1,"$207.00",10,150,3,16,0,4.88,"f",0.44
6182,"19/06/2019","within an hour","t",10,"t","Pittwater",-33.61977,151.31711,"Entire home/apt",8,2,4,"$650.00",5,28,21,8,0,5,"f",0.24
7334,"11/10/2019","within an hour","f",138,"t","Lane Cove",-33.80643,151.15612,"Entire home/apt",2,1,1,"$202.00",2,1125,23,16,0,4.63,"f",0.51
6017,"16/04/2021","within an hour","t",6,"t","Sutherland Shire",-34.0567194,151.1373754,"Entire home/apt",6,2,3,"$400.00",7,365,29,0,0,NA,"t",NA
17477,"29/03/2019","within an hour","f",1,"t","Rockdale",-33.99461908,151.1430176,"Entire home/apt",4,1,2,"$180.00",2,365,20,1,1,5,"t",1
16718,"19/12/2019","within an hour","f",4,"t","Waverley",-33.8925373,151.263093,"Entire home/apt",2,1,1,"$120.00",3,365,13,1,0,5,"f",0.61
8217,"19/12/2014","within an hour","t",47,"t","Randwick",-33.9120439,151.2681863,"Entire home/apt",4,1,2,"$456.00",90,90,0,19,0,5,"f",0.77
736,"30/07/2013","within an hour","f",2,"t","Mosman",-33.82855,151.25232,"Entire home/apt",4,1,2,"$276.00",7,1125,0,96,0,4.93,"f",0.69
11900,"31/08/2015","within a day","f",1,"t","Warringah",-33.75597,151.29359,"Entire home/apt",2,1,1,"$199.00",3,28,0,6,0,5,"f",0.54
3769,"8/09/2014","within an hour","t",3,"t","Sutherland Shire",-34.08522,151.14835,"Entire home/apt",4,NA,2,"",2,1125,1,117,0,4.92,"t",1.73
1006,"24/05/2012","within an hour","t",1,"t","Sydney",-33.88859,151.20805,"Entire home/apt",3,1,1,"$156.00",1,30,12,319,6,4.8,"f",2.75
6504,"2/04/2013","within an hour","t",3,"t","Waverley",-33.89011,151.27215,"Entire home/apt",3,1,2,"$243.00",21,180,11,0,0,NA,"f",NA
7860,"19/01/2022","within an hour","t",42,"t","Hornsby",-33.71702107,151.1093214,"Entire home/apt",3,NA,1,"",28,365,1,2,0,5,"f",0.1
933,"21/09/2015","N/A","f",1,"f","Lane Cove",-33.81074,151.16637,"Private room",2,1,1,"$110.00",90,1125,29,1,0,5,"f",0.01
5632,"16/06/2019","within an hour","",2,"t","Liverpool",-33.9288,150.91943,"Entire home/apt",9,1.5,3,"$131.00",1,1125,5,21,0,4.52,"t",0.53
2156,"14/07/2014","within an hour","f",1,"t","Pittwater",-33.63437,151.31596,"Entire home/apt",8,NA,4,"",3,21,0,27,0,5,"t",0.31
4533,"22/06/2016","within an hour","t",1,"t","Warringah",-33.73431,151.27165,"Entire home/apt",2,1,1,"$181.00",2,90,23,92,1,4.98,"t",1.64
2712,"30/11/2015","within an hour","f",6,"t","Sydney",-33.89205,151.20518,"Entire home/apt",2,1,1,"$110.00",2,90,8,280,4,4.55,"t",3.37
10135,"25/04/2019","within an hour","t",68,"t","Hurstville",-33.9461471,151.0914684,"Entire home/apt",7,2,4,"$210.00",3,365,0,38,0,4.66,"f",1.98
2977,"1/03/2017","within an hour","t",1,"t","Ku-Ring-Gai",-33.78242,151.18764,"Entire home/apt",2,1,1,"$158.00",2,14,17,155,1,4.94,"f",2.04
129,"23/04/2012","N/A","f",1,"t","Manly",-33.79529,151.27065,"Entire home/apt",6,2,3,"$625.00",90,150,27,11,0,4.64,"f",0.07
7147,"7/06/2015","within a few hours","t",1,"t","Sydney",-33.8759203,151.2214628,"Entire home/apt",4,2,2,"$376.00",5,45,17,59,1,4.97,"f",1.94
164,"14/12/2011","N/A","f",1,"t","Leichhardt",-33.88481,151.17426,"Private room",2,1,2,"$120.00",90,1125,29,12,0,4.75,"f",0.09
3736,"3/07/2014","N/A","f",1,"t","North Sydney",-33.82863,151.193,"Private room",4,1.5,1,"$86.00",90,1125,28,1,0,5,"f",0.02
16504,"25/08/2019","within an hour","f",169,"t","City Of Kogarah",-33.9748324,151.1007574,"Private room",2,2,1,"$52.00",1,89,17,3,0,2.33,"f",0.77
7992,"9/09/2023","within an hour","t",14,"t","Randwick",-33.914438,151.240222,"Entire home/apt",2,1,0,"$130.00",2,365,15,59,2,4.71,"f",2.25
10645,"7/04/2013","within an hour","t",3,"t","Rockdale",-33.93583,151.1457586,"Private room",1,1,1,"$86.00",1,365,0,50,0,4.92,"f",2.93
16851,"9/12/2024","within an hour","f",2,"t","Botany Bay",-33.92144231,151.1874424,"Entire home/apt",2,1,1,"$269.00",3,30,0,0,0,NA,"f",NA
8350,"29/08/2024","N/A","f",39,"t","North Sydney",-33.82336,151.23049,"Entire home/apt",6,2,3,"$354.00",5,1125,21,5,0,4.4,"t",0.2
5553,"12/10/2021","within an hour","",10,"t","Manly",-33.8004806,151.2927501,"Entire home/apt",6,1,2,"$490.00",2,365,21,105,2,4.92,"t",3.27
16133,"2/03/2025","within an hour","f",1,"t","Sydney",-33.87448081,151.2246785,"Entire home/apt",3,1,0,"$136.00",3,100,3,2,0,5,"t",0.8
11092,"24/11/2020","within an hour","f",4,"t","Mosman",-33.82473308,151.2479062,"Private room",2,1.5,1,"$63.00",3,30,18,20,0,4.75,"f",1.31
12113,"19/07/2023","within a day","f",4,"t","Strathfield",-33.86729043,151.0886707,"Entire home/apt",4,1,1,"$193.00",1,365,29,6,0,4.67,"f",0.51
8105,"8/04/2023","within an hour","t",2,"t","Sutherland Shire",-34.053073,151.1553229,"Entire home/apt",6,2.5,3,"$381.00",3,365,8,75,3,4.91,"f",2.83
15249,"2/08/2024","within an hour","t",5,"t","Sydney",-33.8738098,151.2045228,"Entire home/apt",6,2,2,"$507.00",1,365,4,11,1,5,"t",2.12
4605,"10/12/2019","N/A","f",3,"t","Woollahra",-33.88429,151.24052,"Entire home/apt",3,1,1,"$159.00",90,1125,29,41,0,4.63,"f",0.74
11427,"14/03/2020","within an hour","f",12,"t","Parramatta",-33.81872,151.00447,"Entire home/apt",2,1,1,"$149.00",2,365,19,4,0,5,"f",0.56
13684,"20/05/2018","a few days or more","f",10,"t","Burwood",-33.87373,151.09581,"Entire home/apt",3,1,0,"$176.00",1,365,0,0,0,NA,"f",NA
12847,"31/01/2016","within an hour","t",48,"t","Waverley",-33.89038031,151.2726298,"Entire home/apt",3,NA,NA,"",2,365,0,4,0,4.75,"f",0.47
9174,"27/11/2014","N/A","t",2,"t","Marrickville",-33.90204141,151.1751775,"Private room",2,NA,NA,"",1,5,0,12,0,4.92,"f",0.54
14161,"28/05/2017","within an hour","f",50,"t","Blacktown",-33.6860382,150.9043174,"Entire home/apt",8,2,3,"$236.00",3,365,0,8,2,5,"t",1.06
14362,"17/03/2016","N/A","f",1,"t","City Of Kogarah",-33.96950569,151.1110462,"Private room",1,1,1,"$50.00",90,365,29,0,0,NA,"f",NA
7691,"18/04/2016","within a few hours","f",1,"t","Waverley",-33.88393,151.27283,"Entire home/apt",2,1,1,"$179.00",5,365,29,10,0,4.3,"f",0.35
4701,"24/04/2020","within an hour","f",10,"t","North Sydney",-33.83949,151.21838,"Private room",2,1,1,"$141.00",1,1125,0,67,0,4.34,"t",1.18
10005,"8/10/2022","within an hour","f",1,"f","Hornsby",-33.77086001,151.0761891,"Entire home/apt",5,1,2,"$170.00",1,365,7,11,1,4.73,"f",0.62
7143,"3/12/2013","within a few hours","t",2,"t","Sydney",-33.8762,151.21772,"Entire home/apt",2,1,1,"$152.00",2,365,22,36,1,4.89,"f",1.23
13288,"11/07/2021","within an hour","t",28,"t","Woollahra",-33.87568696,151.271802,"Private room",2,2.5,1,"$103.00",2,365,13,15,0,5,"f",1.65
11053,"11/01/2016","N/A","f",2,"f","Manly",-33.80319003,151.255552,"Entire home/apt",8,NA,4,"",90,365,0,0,0,NA,"f",NA
13191,"5/01/2019","within an hour","f",1,"t","Randwick",-33.92504,151.23203,"Entire home/apt",4,1,1,"$136.00",2,90,20,9,0,3.89,"f",1.15
3246,"19/09/2014","N/A","f",1,"t","Warringah",-33.75390321,151.2895389,"Entire home/apt",6,1.5,2,"$261.00",4,90,0,3,0,5,"t",0.05
3731,"20/06/2019","N/A","f",53,"t","Sydney",-33.893162,151.200943,"Entire home/apt",4,2,2,"$374.00",2,90,0,82,0,4.63,"t",1.15
8349,"23/04/2018","N/A","f",46,"t","Sydney",-33.8802667,151.1877689,"Entire home/apt",2,1,0,"$175.00",2,90,11,54,1,4.89,"t",2.17
14164,"12/10/2024","within an hour","f",1,"t","Liverpool",-33.9575211,150.8512406,"Private room",2,NA,NA,"",1,365,29,0,0,NA,"f",NA
5986,"12/09/2018","within an hour","f",14,"t","Manly",-33.78994,151.28475,"Entire home/apt",7,1,2,"$293.00",1,365,25,24,0,4.17,"t",0.65
11465,"8/12/2015","within an hour","t",15,"t","Sydney",-33.87047922,151.1989191,"Entire home/apt",6,2,2,"$349.00",2,365,10,12,2,4.75,"t",1.16
4991,"4/11/2020","within a day","f",1,"t","Hornsby",-33.69848,151.11075,"Entire home/apt",4,1,2,"$158.00",10,40,0,27,0,4.96,"f",0.54
17149,"8/07/2017","within an hour","",83,"t","Burwood",-33.8754113,151.1010569,"Entire home/apt",10,3,5,"$399.00",5,365,21,1,1,4,"t",1
968,"25/04/2014","within an hour","t",1,"t","Randwick",-33.94573,151.25448,"Private room",3,1,1,"$103.00",2,1125,11,220,3,4.92,"f",1.92
4044,"10/01/2020","within an hour","t",1,"t","Pittwater",-33.62801,151.3209,"Entire home/apt",2,1,0,"$136.00",2,7,5,100,0,4.96,"f",1.52
2562,"20/04/2018","within an hour","t",4,"t","Sydney",-33.85803,151.202,"Entire home/apt",4,2,2,"$411.00",3,180,26,140,1,4.89,"f",1.64
2273,"18/11/2017","N/A","f",2,"t","Warringah",-33.75604,151.29242,"Private room",1,1,2,"$252.00",90,1125,29,1,0,4,"t",0.01
6281,"12/12/2015","within an hour","f",13,"t","Strathfield",-33.86624,151.08747,"Entire home/apt",7,2,3,"$133.00",3,365,10,137,2,4.54,"f",3.47
10669,"3/09/2023","within an hour","f",3,"t","Sydney",-33.8806362,151.1928978,"Entire home/apt",4,NA,1,"",1,365,0,6,0,4.33,"t",0.36
8681,"8/07/2017","within an hour","",83,"t","North Sydney",-33.8430457,151.2058142,"Entire home/apt",3,1,1,"$197.00",5,1125,29,67,3,4.69,"t",2.83
14679,"17/11/2024","within an hour","t",1,"t","Waverley",-33.87492,151.28136,"Entire home/apt",8,4,4,"$657.00",1,365,24,11,1,4.82,"f",1.83
3747,"27/08/2014","within a day","f",1,"f","Warringah",-33.75105,151.29343,"Private room",1,2,2,"$107.00",2,1125,26,5,0,5,"f",0.07
1112,"19/02/2015","within an hour","f",5,"t","The Hills Shire",-33.62851715,151.0158081,"Private room",4,1,1,"$226.00",90,90,29,4,0,4.5,"f",0.04
15066,"9/04/2024","within an hour","f",50,"t","Marrickville",-33.90184091,151.1629858,"Entire home/apt",4,2,2,"$240.00",1,365,29,4,1,3.75,"f",0.88
7946,"9/05/2014","within a few hours","f",1,"t","Waverley",-33.8918894,151.2456011,"Entire home/apt",2,1,1,"$212.00",4,20,0,4,0,5,"f",0.15
16301,"25/04/2023","within an hour","f",12,"t","Burwood",-33.87734,151.10436,"Entire home/apt",6,2,3,"$301.00",2,365,10,11,3,4.91,"t",3.47
16865,"21/11/2023","within an hour","f",10,"t","Auburn",-33.82533537,151.0767402,"Entire home/apt",4,1,2,"$179.00",2,365,23,2,0,4.5,"t",1.07
7393,"3/05/2013","within an hour","t",2,"t","Randwick",-33.91555749,151.2654929,"Entire home/apt",2,1,1,"$210.00",2,35,7,136,4,4.8,"f",4.46
16146,"9/02/2025","within an hour","f",2,"t","North Sydney",-33.84815825,151.214766,"Private room",2,1,1,"$161.00",1,365,0,9,1,5,"f",2.52
14844,"29/01/2016","N/A","f",15,"t","Botany Bay",-33.92211854,151.1897579,"Entire home/apt",4,NA,2,"",6,365,0,0,0,NA,"f",NA
3693,"12/12/2015","within a few hours","f",1,"t","Waverley",-33.88975,151.2672,"Entire home/apt",2,1,1,"$108.00",5,730,4,80,1,4.88,"f",1.17
9001,"13/01/2025","N/A","f",57,"t","Hurstville",-33.9525,151.07608,"Entire home/apt",6,3,3,"$143.00",12,365,3,22,0,4.59,"f",0.96
3740,"1/07/2015","N/A","f",1,"f","Willoughby",-33.8071,151.2257,"Entire home/apt",7,4,5,"$903.00",90,1125,22,0,0,NA,"f",NA
4454,"25/08/2015","within an hour","f",15,"t","Leichhardt",-33.88762,151.15912,"Entire home/apt",2,0,0,"$135.00",1,365,29,7,0,3.57,"f",0.11
72,"26/04/2010","within an hour","f",51,"t","Waverley",-33.89756,151.27445,"Entire home/apt",4,1,2,"$297.00",7,180,29,126,0,4.61,"t",1
16159,"5/01/2023","within an hour","f",50,"t","Randwick",-33.9082886,151.2238928,"Private room",1,1.5,1,"$66.00",1,89,16,5,1,4.4,"f",1.21
2546,"23/10/2015","within an hour","f",1,"t","Rockdale",-33.95421,151.13622,"Entire home/apt",6,2,2,"$189.00",3,365,14,115,0,4.66,"f",1.47
2888,"20/01/2018","within an hour","f",1,"t","Ku-Ring-Gai",-33.77532,151.17277,"Entire home/apt",2,1,1,"$77.00",90,1125,0,17,0,4.35,"t",0.21
5735,"25/07/2021","within an hour","t",5,"t","Camden",-34.0344296,150.7813153,"Entire home/apt",8,2.5,4,"$333.00",1,365,4,95,2,4.93,"f",2.28
8389,"16/02/2014","N/A","f",2,"t","Waverley",-33.8879463,151.2733563,"Entire home/apt",4,NA,2,"",90,365,0,8,0,4.88,"f",0.38
4752,"15/10/2015","within an hour","f",1,"t","Pittwater",-33.60371,151.32889,"Entire home/apt",16,6,7,"$2,445.00",3,100,25,32,0,4.81,"f",0.58
10447,"18/03/2016","within an hour","t",1,"t","Warringah",-33.78055636,151.2858791,"Entire home/apt",2,1,0,"$251.00",2,28,21,44,4,5,"f",2.46
17189,"4/10/2012","within an hour","t",45,"t","Waverley",-33.89038,151.26968,"Entire home/apt",5,2,2,"$358.00",7,365,10,1,1,5,"t",1
16786,"25/08/2014","within a day","f",1,"t","Waverley",-33.9007,151.25974,"Entire home/apt",2,1,1,"$329.00",3,365,22,0,0,NA,"f",NA
8045,"22/04/2014","N/A","f",18,"t","Sydney",-33.89002994,151.2034044,"Private room",2,NA,1,"",90,365,0,11,0,3.64,"t",0.41
10479,"1/10/2012","within an hour","f",45,"t","Sydney",-33.88791,151.1773,"Entire home/apt",2,2,1,"$175.00",2,90,8,33,0,4.91,"t",1.77
14006,"17/01/2017","N/A","f",1,"t","Marrickville",-33.90269,151.17463,"Entire home/apt",6,NA,3,"",1,60,0,4,0,4,"f",0.71
8829,"3/06/2023","within an hour","",32,"t","Leichhardt",-33.85391,151.17846,"Entire home/apt",4,1,2,"$301.00",5,365,15,10,0,5,"f",0.42
15898,"15/10/2013","within an hour","t",2,"t","Randwick",-33.909272,151.2559801,"Entire home/apt",8,2.5,4,"$1,800.00",5,365,0,0,0,NA,"f",NA
6853,"18/08/2022","within an hour","f",10,"t","The Hills Shire",-33.73396,150.96772,"Private room",3,1,1,"$221.00",1,13,29,67,1,4.66,"t",2.04
14868,"11/11/2013","N/A","f",1,"f","Waverley",-33.8914109,151.2632943,"Entire home/apt",4,NA,2,"",7,28,0,0,0,NA,"f",NA
4753,"30/04/2015","within an hour","t",1,"t","Woollahra",-33.87551,151.27224,"Entire home/apt",2,1,1,"$214.00",5,365,23,51,0,4.86,"f",0.89
8549,"19/05/2018","within a few hours","t",1,"t","Pittwater",-33.64807961,151.3167736,"Entire home/apt",2,1,1,"$165.00",1,30,0,62,0,4.94,"f",2.43
18058,"24/09/2021","within an hour","f",1,"f","Canada Bay",-33.8388583,151.0838073,"Entire home/apt",4,2,2,"$191.00",2,50,23,0,0,NA,"f",NA
9530,"4/06/2014","within a day","f",0,"t","Mosman",-33.83490214,151.2410512,"Entire home/apt",10,NA,4,"",12,365,0,0,0,NA,"f",NA
16121,"27/01/2024","within an hour","f",4,"t","Ku-Ring-Gai",-33.71262875,151.1333276,"Entire home/apt",5,2,2,"$204.00",2,365,11,6,4,4.83,"f",1.42
3727,"15/09/2016","within a few hours","f",39,"t","Pittwater",-33.64008,151.31806,"Entire home/apt",4,1.5,1,"$99.00",90,1125,28,36,0,4.39,"f",0.52
7752,"27/11/2022","within an hour","f",4,"t","Liverpool",-33.92853274,150.9175277,"Entire home/apt",6,2,2,"$168.00",2,365,2,44,0,4.48,"f",1.51
11608,"5/01/2023","within an hour","f",50,"t","Hurstville",-33.9590494,151.1049368,"Private room",1,2,1,"$48.00",1,89,10,20,1,4.3,"f",1.37
6772,"11/10/2019","within an hour","f",138,"t","Willoughby",-33.79607,151.1896,"Entire home/apt",4,2,2,"$906.00",2,1125,29,4,0,5,"f",0.14
6894,"11/09/2022","within an hour","f",1,"t","Willoughby",-33.81279,151.20343,"Private room",2,1,1,"$76.00",2,730,2,23,1,4.96,"f",0.91
7213,"19/04/2012","N/A","f",1,"t","Sydney",-33.90063,151.21186,"Entire home/apt",4,1,2,"$250.00",90,365,0,3,0,3.67,"t",0.1
16208,"10/07/2013","within an hour","f",244,"t","Sydney",-33.88653,151.21647,"Entire home/apt",2,1,1,"$212.00",1,1125,29,2,2,5,"t",2
13926,"17/09/2023","within an hour","f",3,"t","Waverley",-33.8672212,151.2810645,"Private room",2,NA,NA,"",1,30,0,5,0,4.8,"t",0.69
11769,"25/08/2019","within an hour","f",169,"t","Sydney",-33.8839964,151.2083809,"Private room",1,2,1,"$82.00",2,365,20,31,2,4,"f",2.2
9244,"5/08/2018","within an hour","t",1,"t","Sutherland Shire",-34.08208,151.14651,"Entire home/apt",4,1,2,"$185.00",2,70,17,54,2,5,"f",2.61
6460,"23/05/2012","within a few hours","t",117,"t","Waverley",-33.88947678,151.2829132,"Entire home/apt",4,NA,2,"",5,89,0,15,0,4.93,"f",0.4
14815,"4/02/2017","N/A","f",1,"t","Rockdale",-33.93143,151.13999,"Private room",1,1,1,"$86.00",5,91,26,0,0,NA,"f",NA
11507,"27/06/2018","within an hour","f",4,"t","Manly",-33.80145,151.28798,"Entire home/apt",4,1,1,"$208.00",2,365,12,63,1,4.7,"t",4.58
11777,"10/01/2020","within an hour","t",3,"t","Ashfield",-33.88429306,151.1324989,"Private room",1,1,1,"$52.00",2,90,6,47,4,4.98,"f",3.49
2446,"5/10/2017","within an hour","t",2,"t","Sydney",-33.90163,151.21198,"Entire home/apt",4,1,2,"$196.00",3,30,6,369,1,4.92,"f",4.56
11908,"12/08/2022","within an hour","f",8,"t","Burwood",-33.8697454,151.1055047,"Entire home/apt",4,2,2,"$160.00",2,45,17,19,1,4.74,"t",1.54
7796,"2/01/2017","within an hour","t",1,"t","North Sydney",-33.84838024,151.2122717,"Entire home/apt",4,1,1,"$247.00",2,1125,8,146,3,4.92,"t",5.13
6569,"12/11/2020","within an hour","f",2,"t","Sydney",-33.87302,151.21966,"Private room",2,1,1,"$142.00",1,365,22,14,0,4.64,"t",0.41
15620,"4/12/2024","within a few hours","f",53,"t","Botany Bay",-33.92316,151.19195,"Entire home/apt",2,1,1,"$226.00",7,365,0,0,0,NA,"f",NA
8650,"6/01/2016","within an hour","t",1,"t","Waverley",-33.89466682,151.2618743,"Entire home/apt",4,1,1,"$168.00",1,730,0,80,1,4.86,"f",3.49
2560,"19/02/2014","within an hour","t",1,"t","Sydney",-33.9,151.21327,"Private room",2,1,1,"$105.00",2,60,5,86,4,4.98,"f",2.66
15955,"11/10/2019","within an hour","f",138,"t","Parramatta",-33.8051256,151.0684875,"Entire home/apt",8,NA,4,"",2,365,29,1,0,2,"f",0.22
2504,"10/05/2014","within a few hours","",2,"t","Woollahra",-33.88169,151.22573,"Private room",1,1,1,"$124.00",6,10,27,45,0,4.98,"f",0.54
7461,"17/12/2022","within a day","f",1,"t","Waverley",-33.8935075,151.2634591,"Entire home/apt",2,1,1,"$132.00",3,1125,19,128,4,4.75,"f",4.31
16947,"21/09/2013","within an hour","f",3,"t","Rockdale",-33.96307697,151.150103,"Private room",3,1,2,"$141.00",2,365,23,0,0,NA,"f",NA
10844,"2/04/2013","N/A","f",1,"t","Manly",-33.79194,151.26391,"Entire home/apt",6,1.5,3,"$428.00",6,28,5,3,0,5,"f",0.52
11495,"27/06/2017","within an hour","f",46,"t","Willoughby",-33.79244,151.18741,"Entire home/apt",10,2,5,"$460.00",2,45,12,18,2,4.5,"t",1.26
5185,"9/11/2017","within an hour","",5,"t","Sydney",-33.88378,151.21191,"Entire home/apt",4,1,2,"$130.00",1,1125,9,235,3,4.67,"t",4.5
9990,"1/09/2024","N/A","f",44,"t","Mosman",-33.8264403,151.2314962,"Entire home/apt",2,1,1,"$271.00",28,1125,11,3,0,3.33,"t",0.17
1454,"2/08/2016","N/A","f",1,"t","Waverley",-33.88517539,151.2769562,"Entire home/apt",2,NA,1,"",4,14,0,5,0,4.2,"f",0.05
10797,"24/06/2022","within a day","f",1,"t","Botany Bay",-33.9219203,151.1861397,"Entire home/apt",4,NA,2,"",1,365,0,2,0,5,"f",0.31
18022,"28/01/2015","within an hour","t",2,"t","Waverley",-33.8868979,151.2788699,"Entire home/apt",3,1,1,"$144.00",1,1125,23,0,0,NA,"f",NA
679,"7/07/2015","within an hour","t",3,"t","Sydney",-33.8987,151.21176,"Entire home/apt",4,2,2,"$263.00",3,1125,7,193,1,4.97,"f",1.61
13797,"10/07/2013","within an hour","f",244,"t","North Sydney",-33.84037557,151.2110136,"Entire home/apt",2,1,1,"$191.00",1,1125,0,7,1,5,"t",1.02
10462,"17/03/2017","N/A","f",9,"t","Sydney",-33.88995,151.20401,"Private room",2,NA,NA,"",1,365,0,0,0,NA,"t",NA
17448,"27/04/2025","within an hour","f",1,"t","Burwood",-33.8770087,151.1020227,"Entire home/apt",4,1,2,"$172.00",5,365,7,2,1,5,"t",1.71
2892,"2/06/2014","N/A","f",1,"t","Pittwater",-33.59219742,151.3009491,"Entire home/apt",6,2,3,"$903.00",2,1125,20,40,0,4.98,"f",0.94
5159,"12/05/2015","N/A","f",1,"f","Warringah",-33.78107,151.2877,"Entire home/apt",1,NA,4,"",90,180,0,0,0,NA,"f",NA
8736,"18/07/2019","within an hour","t",2,"t","Parramatta",-33.8320799,151.0128197,"Private room",2,1,1,"$98.00",2,365,6,52,1,4.92,"f",2.41
1300,"28/11/2014","N/A","f",1,"t","Leichhardt",-33.86254189,151.176611,"Entire home/apt",4,NA,2,"",4,30,0,3,0,5,"f",0.13
10050,"17/10/2023","within an hour","f",1,"t","Parramatta",-33.8196632,151.0040867,"Entire home/apt",5,2,2,"$170.00",2,365,2,39,1,4.67,"f",2.21
8041,"13/05/2022","within an hour","f",16,"t","Auburn",-33.84893,151.07446,"Entire home/apt",8,2,3,"$316.00",3,365,9,70,5,4.8,"f",2.42
2314,"4/05/2013","within an hour","t",11,"t","Mosman",-33.82166,151.24767,"Entire home/apt",2,1,1,"$112.00",2,120,13,253,1,4.71,"f",2.86
17646,"29/11/2023","within an hour","f",46,"t","Canterbury",-33.9240372,151.09574,"Private room",2,2,1,"$57.00",1,89,29,2,1,5,"f",1.4
1676,"26/02/2017","within an hour","t",3,"t","Hornsby",-33.54791,151.22675,"Entire home/apt",5,1,1,"$142.00",1,7,18,659,4,4.85,"f",6.61
16719,"16/12/2018","within an hour","f",1,"t","The Hills Shire",-33.71160109,150.9561708,"Entire home/apt",12,5.5,6,"$585.00",5,1125,0,0,0,NA,"t",NA
3498,"29/01/2017","within a day","f",3,"t","Randwick",-33.95194,151.25323,"Private room",1,1,1,"$94.00",90,1125,0,15,0,4.8,"f",0.2
17160,"28/02/2024","within an hour","f",10,"t","Sydney",-33.86869704,151.2033077,"Entire home/apt",8,2,3,"$560.00",2,365,2,17,5,4.76,"t",6
1342,"4/03/2024","N/A","f",1,"t","Sydney",-33.87658,151.21252,"Entire home/apt",4,1,1,"$223.00",2,1125,4,476,0,4.62,"f",4.62
12083,"8/02/2014","N/A","t",1,"t","Holroyd",-33.83403,150.99399,"Entire home/apt",4,NA,2,"",90,90,0,23,0,4.83,"f",1.92
16970,"18/03/2025","within an hour","f",23,"t","Parramatta",-33.7717031,150.9634132,"Private room",2,1,1,"$56.00",1,365,29,0,0,NA,"t",NA
16524,"16/02/2025","within an hour","f",1,"t","North Sydney",-33.84107,151.21286,"Entire home/apt",2,1,1,"$206.00",2,365,16,0,0,NA,"f",NA
3039,"9/11/2012","N/A","f",1,"t","Holroyd",-33.80501901,150.9610127,"Private room",2,NA,2,"",90,365,28,0,0,NA,"f",NA
4612,"27/12/2019","N/A","f",1,"f","Sydney",-33.87453,151.19625,"Private room",2,1.5,1,"$285.00",90,1125,28,0,0,NA,"t",NA
3132,"1/10/2012","within an hour","f",45,"t","Woollahra",-33.88217,151.22672,"Entire home/apt",2,1,1,"$197.00",12,30,0,13,0,5,"f",0.18
116,"28/05/2012","within an hour","f",1,"t","Waverley",-33.88823,151.28342,"Entire home/apt",4,2,2,"$650.00",5,1125,21,7,0,5,"f",0.1
2550,"6/07/2018","within an hour","f",7,"t","Sydney",-33.88439,151.21022,"Hotel room",1,1,1,"$190.00",1,1125,15,207,2,4.64,"t",2.56
15219,"24/02/2013","within an hour","t",92,"t","Sydney",-33.86223634,151.2028537,"Entire home/apt",4,1,1,"$341.00",2,365,11,27,3,4.93,"t",4.82
18053,"12/04/2019","within an hour","f",63,"t","Liverpool",-33.91641,150.91684,"Private room",2,1,1,"$42.00",1,89,20,0,0,NA,"f",NA
17847,"9/04/2024","within an hour","f",50,"t","Waverley",-33.88381,151.28024,"Entire home/apt",6,2,4,"$248.00",1,365,27,0,0,NA,"f",NA
15316,"8/12/2024","within an hour","f",12,"t","Botany Bay",-33.92448673,151.1876191,"Private room",2,1,1,"$70.00",1,365,29,1,0,1,"t",0.18
17456,"29/03/2024","within an hour","t",22,"t","Manly",-33.79078,151.28362,"Shared room",1,1,1,"$52.00",1,365,29,0,0,NA,"t",NA
12889,"16/07/2019","within a day","f",1,"f","Sydney",-33.88282519,151.2204354,"Entire home/apt",3,0,0,"$186.00",2,15,0,8,0,4.88,"f",0.92
10100,"24/10/2016","within an hour","f",72,"t","Sydney",-33.87857,151.2199283,"Entire home/apt",2,1,1,"$141.00",2,180,9,39,3,4.74,"t",2.03
3503,"27/07/2019","within a day","t",1,"t","Pittwater",-33.6416,151.32386,"Entire home/apt",4,1,2,"$189.00",1,30,24,241,3,4.95,"f",3.44
12904,"12/05/2024","within an hour","f",1,"t","Sydney",-33.88208961,151.2032776,"Entire home/apt",4,1,2,"$263.00",3,365,21,29,2,4.48,"t",2.76
6248,"5/06/2013","within an hour","f",28,"t","Woollahra",-33.88139,151.22158,"Entire home/apt",6,1,3,"$267.00",7,365,18,39,0,4.51,"t",1.08
15884,"9/04/2024","within an hour","f",50,"t","Sydney",-33.89550312,151.2021427,"Entire home/apt",6,2,2,"$250.00",1,365,9,3,2,5,"f",2.43
13428,"14/03/2018","within an hour","f",44,"t","Botany Bay",-33.92220559,151.1924861,"Entire home/apt",5,1,2,"$185.00",2,365,4,31,3,4.58,"f",3.46
3987,"1/10/2017","N/A","f",1,"t","Manly",-33.78885,151.28422,"Private room",2,1,1,"$73.00",90,1125,29,8,0,5,"f",0.12
13334,"30/05/2013","N/A","f",1,"t","Waverley",-33.88997,151.26488,"Entire home/apt",2,1,1,"$360.00",7,22,0,1,0,5,"f",0.11
10976,"25/04/2011","N/A","f",1,"t","Woollahra",-33.85798734,151.2770729,"Entire home/apt",9,NA,4,"",90,365,22,2,0,5,"f",0.14
16204,"9/10/2024","within an hour","f",1,"f","Pittwater",-33.61774423,151.3383117,"Entire home/apt",2,1,0,"$81.00",7,365,29,2,1,5,"f",1.76
14969,"8/03/2017","within a day","f",18,"t","Sydney",-33.90760814,151.2062207,"Entire home/apt",4,2,2,"$277.00",1,365,29,0,0,NA,"f",NA
15373,"15/11/2014","N/A","f",1,"t","Sydney",-33.873246,151.228695,"Entire home/apt",2,1,1,"$262.00",2,365,24,11,2,5,"f",1.96
11005,"25/01/2024","within an hour","f",1,"t","Ryde",-33.81895,151.07893,"Entire home/apt",10,3.5,5,"$316.00",2,45,15,20,4,4.55,"t",1.36
16742,"10/07/2013","within an hour","f",244,"t","Woollahra",-33.87712,151.23637,"Entire home/apt",4,1.5,2,"$265.00",90,1125,29,0,0,NA,"t",NA
4289,"13/10/2019","N/A","f",8,"t","Sydney",-33.88117,151.18944,"Private room",4,1,1,"$155.00",90,1125,29,0,0,NA,"t",NA
12110,"22/04/2024","within an hour","t",1,"t","Randwick",-33.940293,151.2385936,"Entire home/apt",4,1,1,"$176.00",2,30,4,42,5,4.98,"f",3.31
9468,"9/10/2023","within a day","f",1,"t","North Sydney",-33.8244416,151.1981148,"Entire home/apt",6,2,2,"$288.00",3,365,21,38,0,4.58,"f",1.91
691,"26/01/2014","within an hour","t",3,"t","Randwick",-33.9051,151.24889,"Entire home/apt",4,1,2,"$277.00",3,730,13,35,1,4.91,"f",0.3
4092,"19/11/2015","within an hour","t",3,"t","Sydney",-33.87622,151.20564,"Entire home/apt",4,1,2,"$363.00",3,730,28,0,0,NA,"f",NA
7610,"6/11/2017","within a few hours","f",1,"t","Waverley",-33.89178,151.25238,"Entire home/apt",3,NA,1,"",10,14,0,1,0,5,"f",0.06
4136,"26/08/2016","within an hour","t",24,"t","Sydney",-33.87907,151.20961,"Entire home/apt",2,1,1,"$299.00",1,1125,28,7,0,4.86,"f",0.12
11062,"25/09/2012","within an hour","t",3,"t","Waverley",-33.88922877,151.2716095,"Private room",2,1,1,"$115.00",1,7,23,7,0,5,"t",0.67
2036,"9/06/2015","within an hour","t",1,"t","Hornsby",-33.68168,151.04942,"Entire home/apt",2,1,1,"$134.00",2,90,0,136,1,4.99,"f",1.47
16383,"25/08/2019","within an hour","f",169,"t","Auburn",-33.8694884,151.0322848,"Private room",1,2,1,"$44.00",2,365,29,2,0,4,"f",0.65
6109,"13/11/2014","within a day","t",82,"t","Pittwater",-33.61893,151.3345,"Entire home/apt",14,3,5,"$1,343.00",1,1125,28,13,0,4.69,"f",0.37
13876,"22/12/2014","within an hour","f",3,"t","Auburn",-33.86288,151.05036,"Entire home/apt",4,1,2,"$204.00",2,30,11,15,2,4.93,"f",2.04
6876,"11/10/2019","within an hour","f",138,"t","Sydney",-33.90376,151.20604,"Entire home/apt",5,2,2,"$234.00",2,365,29,23,0,4.78,"f",0.71
9779,"10/07/2013","within an hour","f",244,"t","Randwick",-33.9120811,151.2615163,"Entire home/apt",8,NA,5,"",1,1125,0,3,0,5,"t",0.17
2929,"12/01/2016","a few days or more","f",1,"t","Manly",-33.78173,151.24265,"Entire home/apt",9,2,4,"$857.00",5,14,26,5,0,4.8,"f",0.06
10542,"25/04/2019","within an hour","t",68,"t","Sydney",-33.8861336,151.2010301,"Entire home/apt",4,1,1,"$216.00",2,365,13,33,1,4.79,"f",1.84
9395,"14/02/2017","within an hour","t",11,"t","Ryde",-33.7796985,151.1007155,"Private room",2,2,1,"$80.00",1,365,29,4,0,5,"f",0.19
9148,"4/06/2014","within a day","f",0,"t","Manly",-33.80072347,151.2676344,"Entire home/apt",6,NA,3,"",90,365,0,0,0,NA,"f",NA
7825,"16/10/2018","within an hour","f",10,"t","North Sydney",-33.84888,151.20494,"Entire home/apt",4,1,1,"$176.00",1,1125,20,29,0,4.79,"t",1.02
10340,"14/04/2017","within an hour","f",12,"f","Sydney",-33.8799463,151.2021501,"Entire home/apt",3,NA,1,"",3,365,0,26,0,4.62,"f",1.41
15450,"28/05/2018","within an hour","",19,"t","Sydney",-33.89183,151.20072,"Entire home/apt",2,0,1,"$191.00",1,1125,18,3,1,4.33,"t",0.92
5037,"29/08/2024","N/A","f",39,"t","Mosman",-33.82044328,151.2509608,"Entire home/apt",5,2,2,"$415.00",5,1125,13,40,1,4.78,"t",0.78
7547,"23/04/2012","within an hour","t",3,"t","Sydney",-33.89299,151.19148,"Entire home/apt",3,1,2,"$156.00",2,1125,6,45,2,4.93,"f",1.54
7865,"12/02/2023","N/A","f",1,"t","Strathfield",-33.862756,151.082675,"Entire home/apt",5,2,2,"$189.00",90,1125,29,36,0,4.75,"f",1.28
3612,"29/08/2012","within an hour","t",1,"t","Sydney",-33.885967,151.209747,"Entire home/apt",4,2,2,"$294.00",2,1125,15,49,3,4.84,"f",1.18
14146,"18/02/2016","within an hour","t",1,"t","Sydney",-33.89317,151.19829,"Entire home/apt",4,1,2,"$238.00",5,90,16,16,2,5,"t",2.18
11146,"20/02/2024","within an hour","t",1,"t","Warringah",-33.7452,151.28786,"Entire home/apt",2,1,0,"$180.00",1,365,26,98,4,4.86,"f",6.42
16135,"16/09/2021","N/A","f",1,"t","Bankstown",-33.91529554,151.0317383,"Private room",2,1,1,"$200.00",1,365,29,0,0,NA,"f",NA
2301,"2/12/2012","N/A","f",1,"t","Manly",-33.78637,151.28397,"Entire home/apt",4,1.5,2,"$500.00",6,14,13,0,0,NA,"f",NA
4182,"1/01/2014","within a few hours","f",1,"t","Leichhardt",-33.88192,151.17007,"Entire home/apt",2,1,1,"$135.00",2,1125,25,144,1,4.6,"f",2.21
13672,"20/06/2022","within a few hours","f",32,"t","Randwick",-33.9188972,151.2259353,"Entire home/apt",2,1,1,"$155.00",7,60,0,5,0,4.6,"f",0.66
17685,"11/10/2013","within an hour","f",4,"t","Canada Bay",-33.84399767,151.1449959,"Entire home/apt",4,1,2,"$250.00",7,730,14,0,0,NA,"f",NA
570,"20/10/2014","within an hour","f",2,"t","Sydney",-33.87637335,151.2209035,"Entire home/apt",4,1,0,"$119.00",3,1125,3,391,4,4.61,"f",3.1
15569,"8/09/2017","within an hour","f",11,"t","Ashfield",-33.891,151.1256,"Entire home/apt",8,2,4,"$212.00",2,365,29,14,3,4.07,"f",3.07
17965,"24/07/2019","N/A","f",912,"t","Waverley",-33.8602517,151.2795849,"Entire home/apt",4,1,2,"$308.00",3,365,21,0,0,NA,"t",NA
498,"1/04/2012","within an hour","t",1,"t","Waverley",-33.89879,151.27209,"Entire home/apt",6,1,3,"$484.00",3,1125,5,70,2,4.91,"f",0.55
2484,"13/05/2014","within an hour","f",55,"t","Sydney",-33.87172,151.20815,"Entire home/apt",4,2,2,"$379.00",90,1125,28,16,0,4.5,"f",0.19
14393,"19/10/2023","N/A","f",1,"t","Rockdale",-33.9622718,151.150514,"Private room",1,2,1,"$150.00",1,5,0,1,0,5,"f",0.26
9688,"14/04/2017","within a few hours","t",1,"t","Randwick",-33.94200689,151.2541069,"Private room",1,1,1,"$86.00",1,1125,19,91,2,4.89,"f",4.29
7370,"7/12/2015","N/A","f",1,"t","Liverpool",-33.9416313,150.9137133,"Entire home/apt",12,NA,10,"",90,365,29,0,0,NA,"f",NA
13622,"23/03/2017","within an hour","t",8,"t","The Hills Shire",-33.65754417,150.8984635,"Private room",3,1,1,"$74.00",1,365,29,16,1,4.94,"f",1.9
3707,"27/01/2018","within an hour","t",1,"t","The Hills Shire",-33.70209,150.99445,"Entire home/apt",2,1,1,"$191.00",2,14,9,128,2,4.96,"t",1.82
15847,"4/12/2024","within a few hours","f",53,"t","Botany Bay",-33.92473,151.18718,"Entire home/apt",4,1,2,"$226.00",7,40,0,0,0,NA,"f",NA
12814,"20/06/2019","N/A","f",53,"t","Sydney",-33.8911037,151.2031417,"Entire home/apt",4,2,2,"$213.00",2,90,0,17,0,4.76,"f",1.61
775,"9/11/2013","within a few hours","t",2,"t","Sydney",-33.89871,151.18932,"Entire home/apt",2,NA,2,"",7,14,0,29,0,4.61,"f",0.21
12612,"18/06/2024","within an hour","t",1,"t","Hurstville",-33.97040002,151.081332,"Entire home/apt",8,3,4,"$327.00",1,365,5,5,0,4.8,"t",0.45
2489,"15/09/2016","within a few hours","f",39,"t","Warringah",-33.71284,151.29711,"Entire home/apt",4,2,2,"$269.00",1,600,0,58,1,4.93,"f",0.72
11463,"23/01/2021","within an hour","f",4,"t","Parramatta",-33.79854,151.05477,"Private room",2,2,1,"$70.00",1,365,28,6,0,4.67,"f",0.39
7149,"31/12/2017","within an hour","f",20,"t","Marrickville",-33.88978,151.1587,"Entire home/apt",8,3,3,"$252.00",2,365,7,79,1,4.78,"t",2.57
14203,"16/10/2021","within an hour","f",40,"t","Fairfield",-33.865,150.95582,"Private room",1,2,1,"$47.00",1,190,17,13,2,4.31,"t",1.72
7563,"27/07/2022","within an hour","t",1,"t","Penrith",-33.77996,150.69263,"Entire home/apt",6,1.5,4,"$268.00",1,89,19,121,3,4.92,"f",4.38
17978,"8/12/2018","within a day","f",1,"t","Randwick",-33.91318865,151.2478568,"Entire home/apt",6,2,4,"$1,620.00",4,365,27,0,0,NA,"f",NA
17753,"20/06/2022","within a few hours","f",32,"t","Sydney",-33.9140284,151.2039685,"Entire home/apt",2,1,1,"$166.00",7,365,0,0,0,NA,"f",NA
4317,"16/05/2020","N/A","f",1,"t","Warringah",-33.7515,151.28812,"Private room",1,1,1,"$120.00",90,1125,29,0,0,NA,"t",NA
17523,"11/11/2024","within an hour","f",2,"t","Liverpool",-33.91556594,150.9285095,"Entire home/apt",8,2,3,"$194.00",2,365,20,3,3,3.67,"t",3
12040,"27/06/2018","within an hour","f",4,"t","Manly",-33.79973033,151.2860505,"Entire home/apt",4,1,1,"$172.00",1,365,22,50,2,4.82,"t",3.91
13419,"20/10/2015","N/A","f",1,"t","Manly",-33.7957692,151.2779961,"Entire home/apt",2,1,1,"$400.00",3,365,2,1,0,5,"f",0.18
17548,"31/05/2015","within a few hours","f",1,"f","Sutherland Shire",-34.0567131,151.0919812,"Entire home/apt",4,1,1,"$167.00",1,365,22,9,8,5,"f",7.11
9338,"25/11/2022","within an hour","f",6,"t","Marrickville",-33.9166726,151.1723759,"Private room",2,1,1,"$95.00",1,365,28,39,0,4.44,"f",1.97
9177,"22/07/2023","within an hour","f",2,"t","Holroyd",-33.83367213,150.9953266,"Entire home/apt",6,2,2,"$140.00",2,365,11,64,2,4.48,"f",2.82
17770,"15/05/2025","within an hour","f",1,"t","Blacktown",-33.69717024,150.8769095,"Entire home/apt",6,1,3,"$141.00",2,90,11,4,4,4.75,"f",4
15504,"24/05/2019","within an hour","f",2,"t","Rockdale",-33.95246,151.14547,"Private room",1,1,1,"$64.00",1,365,29,8,1,4.25,"f",1.56
2885,"18/11/2017","within an hour","f",1,"t","Holroyd",-33.81477356,150.9347992,"Private room",1,2.5,1,"$52.00",2,10,4,73,1,4.9,"f",0.89
885,"23/05/2012","within a few hours","t",117,"t","Waverley",-33.88800049,151.2742767,"Entire home/apt",4,NA,2,"",5,89,29,39,0,4.77,"f",0.49
7495,"1/07/2020","N/A","f",1,"t","Waverley",-33.88996423,151.2738669,"Entire home/apt",4,NA,2,"",90,365,22,4,0,5,"f",0.18
4770,"23/07/2014","within an hour","f",1,"t","Sutherland Shire",-34.05753,151.1102,"Entire home/apt",4,1,1,"$153.00",2,365,25,62,1,4.9,"f",1.13
8545,"26/05/2018","within an hour","t",4,"t","Hornsby",-33.687868,151.0281645,"Private room",2,1,1,"$77.00",1,1125,18,10,0,4.8,"t",0.4
11545,"30/08/2018","N/A","f",1,"f","Ku-Ring-Gai",-33.77591,151.14257,"Entire home/apt",1,NA,NA,"",365,365,28,0,0,NA,"f",NA
423,"12/04/2015","within an hour","t",1,"t","Leichhardt",-33.88003,151.17094,"Private room",2,1,1,"$90.00",2,1125,15,243,0,4.92,"f",1.99
5561,"14/01/2021","N/A","f",1,"t","Woollahra",-33.88571,151.24576,"Entire home/apt",4,1,2,"$450.00",90,365,26,0,0,NA,"f",NA
3065,"25/05/2018","within an hour","t",1,"t","Sydney",-33.87619,151.22023,"Entire home/apt",6,2,3,"$444.00",4,1125,2,270,9,4.99,"t",3.42
13468,"16/07/2024","within a few hours","f",49,"t","North Sydney",-33.84551,151.21184,"Entire home/apt",4,2,2,"$190.00",1,365,0,5,0,2.8,"f",0.87
6946,"13/09/2022","N/A","f",1,"t","Waverley",-33.90584,151.26287,"Entire home/apt",6,3,3,"$1,643.00",14,100,26,2,0,5,"f",0.06
12025,"21/10/2022","within an hour","f",60,"t","Liverpool",-33.964038,150.8678642,"Entire home/apt",8,NA,4,"",2,365,9,11,0,4,"f",0.84
15374,"21/06/2024","within an hour","f",3,"t","Canterbury",-33.91402821,151.076414,"Private room",1,1.5,1,"$66.00",1,1125,0,5,1,5,"f",1
12479,"25/01/2016","within an hour","t",2,"t","Woollahra",-33.88574,151.26512,"Entire home/apt",4,2,2,"$323.00",8,28,24,1,0,3,"f",0.1
4850,"27/10/2017","within a day","f",289,"t","Sydney",-33.90807,151.20109,"Entire home/apt",2,NA,NA,"",90,1125,27,0,0,NA,"f",NA
11372,"16/03/2024","within an hour","",6,"t","North Sydney",-33.8432724,151.2074913,"Entire home/apt",5,1,1,"$165.00",1,365,7,89,4,4.87,"t",5.88
8004,"28/01/2023","within an hour","t",1,"t","Woollahra",-33.87945,151.23117,"Entire home/apt",2,1,1,"$254.00",1,90,14,59,2,4.97,"f",2.54
15301,"1/12/2024","N/A","f",1,"t","Sydney",-33.8839776,151.1956113,"Entire home/apt",1,NA,1,"",2,365,0,3,0,4.67,"t",0.54
57,"6/04/2011","within a day","f",2,"t","Waverley",-33.89286,151.26631,"Entire home/apt",6,1,3,"$233.00",3,365,29,107,0,4.41,"f",0.65
4134,"1/08/2019","within a day","f",10,"t","Pittwater",-33.64699,151.30298,"Entire home/apt",11,6,6,"$3,790.00",7,1125,22,0,0,NA,"f",NA
17401,"6/12/2023","within a few hours","f",1,"t","Fairfield",-33.89566,150.91529,"Entire home/apt",8,3,4,"$250.00",1,365,5,0,0,NA,"f",NA
7316,"24/10/2011","within an hour","t",75,"t","Manly",-33.78603,151.28755,"Entire home/apt",6,NA,3,"",3,365,0,10,0,4.6,"f",0.33
715,"27/06/2015","N/A","f",1,"t","City Of Kogarah",-33.97586,151.12349,"Entire home/apt",12,3,5,"$1,575.00",90,1125,29,51,0,4.86,"t",0.44
2713,"31/08/2017","within an hour","f",54,"t","North Sydney",-33.82993,151.2204,"Entire home/apt",2,1,1,"$199.00",28,365,28,16,0,4.31,"t",0.31
16837,"21/11/2023","within an hour","f",10,"t","Strathfield",-33.86684915,151.0879984,"Entire home/apt",2,1,1,"$213.00",2,365,19,3,2,5,"t",1.7
693,"17/07/2015","N/A","f",1,"t","Randwick",-33.90649,151.23669,"Entire home/apt",2,NA,1,"",7,60,0,17,0,4.65,"f",0.14
7504,"2/09/2022","within an hour","f",14,"t","Waverley",-33.89005997,151.2804762,"Entire home/apt",2,1,1,"$91.00",2,180,24,93,2,4.48,"f",3.11
4805,"7/05/2014","N/A","f",1,"t","Warringah",-33.76841,151.29359,"Entire home/apt",4,1,2,"$250.00",2,21,28,44,0,4.7,"f",0.86
2099,"12/07/2015","N/A","f",2,"t","Rockdale",-33.93263,151.14617,"Private room",2,1,1,"$87.00",90,1125,29,0,0,NA,"f",NA
13643,"16/02/2015","within an hour","f",2,"t","Hornsby",-33.7685673,151.0810387,"Private room",4,NA,2,"",1,365,0,10,0,4.6,"f",1.2
9805,"22/05/2013","a few days or more","f",2,"t","Waverley",-33.8927407,151.2615691,"Entire home/apt",6,NA,3,"",5,365,0,6,0,5,"f",0.34
4463,"23/05/2012","within a few hours","t",117,"t","Sydney",-33.87184525,151.2226868,"Entire home/apt",2,1,1,"$274.00",5,89,27,24,0,4.88,"f",0.64
12440,"24/10/2011","within an hour","t",75,"t","Manly",-33.7985651,151.2837706,"Entire home/apt",2,1,1,"$200.00",3,365,0,29,0,4.79,"f",2.57
9269,"28/05/2020","within an hour","t",13,"t","Sydney",-33.8668675,151.2242237,"Entire home/apt",4,1,1,"$176.00",2,365,1,65,1,4.82,"f",2.84
7445,"15/11/2022","N/A","f",1,"t","Pittwater",-33.626,151.31591,"Entire home/apt",8,4.5,4,"$1,683.00",90,365,29,0,0,NA,"f",NA
6258,"1/03/2022","within a few hours","t",1,"t","Warringah",-33.78045,151.27968,"Entire home/apt",3,1,1,"$148.00",5,90,29,64,0,4.88,"f",1.64
4986,"15/10/2018","within a day","f",2,"t","Woollahra",-33.88971,151.25423,"Private room",1,2,1,"$110.00",2,35,28,25,1,4.8,"f",0.59
12115,"3/09/2015","within a day","f",1,"t","Manly",-33.7930011,151.2815134,"Entire home/apt",2,1,1,"$414.00",90,365,0,8,0,5,"f",0.91
10882,"13/05/2022","within an hour","f",16,"t","Ryde",-33.79363,151.13256,"Entire home/apt",5,2,2,"$259.00",2,365,29,22,1,4.77,"f",1.34
7302,"30/03/2018","within an hour","f",2,"t","Camden",-34.01614,150.78357,"Entire home/apt",8,2.5,4,"$485.00",1,30,21,51,0,4.76,"f",1.66
2154,"30/07/2016","N/A","f",1,"f","Pittwater",-33.65926,151.31819,"Entire home/apt",6,1.5,3,"$738.00",90,180,18,4,0,5,"f",0.04
13626,"7/11/2022","within an hour","f",2,"t","Liverpool",-33.91273,150.8254,"Entire home/apt",10,3.5,5,"$213.00",2,365,13,24,2,4.75,"f",2.64
409,"5/08/2014","within an hour","t",1,"t","North Sydney",-33.839399,151.213024,"Entire home/apt",2,1,1,"$144.00",1,1125,4,238,5,4.75,"f",1.82
9877,"3/10/2020","N/A","f",3,"t","Manly",-33.79540387,151.2847503,"Entire home/apt",4,NA,2,"",90,365,0,6,0,5,"f",0.3
6176,"8/06/2022","within an hour","f",9,"f","Sydney",-33.87562,151.21355,"Entire home/apt",5,1,1,"$309.00",2,90,20,26,0,4.35,"t",0.73
13304,"5/12/2014","within an hour","f",1,"t","Rockdale",-33.9418519,151.1112886,"Entire home/apt",4,1,0,"$101.00",1,14,5,32,2,4.91,"f",3.3
6935,"1/12/2017","within an hour","",10,"t","Ryde",-33.79170094,151.0783697,"Entire home/apt",5,2,2,"$165.00",1,365,5,52,4,4.52,"f",1.62
16084,"20/04/2022","within an hour","t",22,"t","Sydney",-33.8942242,151.1977809,"Entire home/apt",5,2,2,"$258.00",2,365,19,1,0,5,"f",0.3
4757,"11/09/2020","within a few hours","f",2,"t","Parramatta",-33.7975,150.96697,"Private room",3,1,1,"$24.00",90,1125,0,8,0,4.88,"f",0.15
3024,"13/02/2018","within an hour","t",27,"t","Pittwater",-33.63348,151.33607,"Entire home/apt",5,2,2,"$263.00",2,45,3,71,2,4.92,"f",0.93
12317,"21/01/2024","within an hour","t",31,"t","Sydney",-33.87817593,151.2067955,"Entire home/apt",2,1,1,"$134.00",1,365,24,35,3,4.86,"f",2.95
13492,"16/05/2023","within an hour","f",15,"t","Sydney",-33.87951004,151.1966541,"Entire home/apt",7,2,2,"$480.00",1,1125,10,8,1,4.38,"t",0.89
15116,"6/05/2024","within an hour","f",14,"t","Auburn",-33.8260868,151.0788939,"Entire home/apt",6,NA,3,"",1,365,13,2,0,5,"t",0.43
17939,"15/09/2024","within an hour","t",22,"t","Bankstown",-33.9138679,151.0286886,"Entire home/apt",2,1,1,"$84.00",4,365,29,0,0,NA,"f",NA
11930,"20/06/2019","N/A","f",53,"t","Sydney",-33.88290764,151.1946321,"Entire home/apt",2,1,1,"$171.00",2,90,0,26,1,4.92,"f",1.98
16352,"6/01/2025","within an hour","f",3,"t","Sydney",-33.8725456,151.1969279,"Entire home/apt",4,1,1,"$255.00",1,365,19,1,0,5,"t",0.34
13891,"19/09/2018","within an hour","t",2,"f","Randwick",-33.9156046,151.2557302,"Entire home/apt",2,1,1,"$167.00",2,365,19,21,2,5,"t",2.92
17245,"15/05/2018","within an hour","t",3,"t","Campbelltown",-34.0948218,150.8087725,"Private room",6,1,3,"$466.00",1,365,29,2,1,4,"f",1
1075,"28/01/2016","N/A","f",1,"t","Auburn",-33.84936,151.04838,"Private room",3,1,1,"$51.00",90,1125,0,44,0,4.93,"t",0.39
8307,"8/08/2022","within an hour","t",20,"t","The Hills Shire",-33.6579244,150.8975973,"Entire home/apt",8,2.5,4,"$247.00",5,365,9,38,1,4.92,"t",1.43
11621,"28/09/2015","within an hour","f",1,"t","Marrickville",-33.9077063,151.1804906,"Entire home/apt",2,1,1,"$183.00",2,365,0,11,0,4.82,"f",0.91
13565,"23/05/2018","N/A","f",1,"t","Leichhardt",-33.85821,151.19177,"Entire home/apt",6,3,3,"$432.00",2,28,0,4,0,5,"f",0.45
8830,"13/01/2025","N/A","f",57,"t","Sydney",-33.9005152,151.2138414,"Entire home/apt",4,1,1,"$128.00",21,365,4,21,0,4.57,"f",0.87
17865,"4/12/2014","within an hour","f",3,"t","Sydney",-33.88669,151.2091,"Entire home/apt",4,1,2,"$249.00",2,365,8,0,0,NA,"t",NA
3236,"8/05/2017","within an hour","f",8,"t","Liverpool",-33.92945,150.91772,"Entire home/apt",6,2,2,"$147.00",2,180,16,85,0,4.53,"t",1.09
11454,"16/08/2018","N/A","f",1,"t","Sutherland Shire",-34.04345745,151.1175174,"Entire home/apt",2,NA,1,"",90,365,0,1,0,5,"f",0.07
2992,"10/10/2015","within an hour","t",1,"t","Marrickville",-33.90238,151.17261,"Entire home/apt",2,1,0,"$141.00",3,28,5,87,4,4.91,"f",3.02
10474,"6/01/2015","N/A","t",2,"t","Waverley",-33.9016364,151.2604723,"Entire home/apt",4,NA,2,"",7,365,0,7,0,4.86,"f",0.44
13899,"11/12/2014","within a day","f",72,"t","Manly",-33.80021,151.29238,"Entire home/apt",4,1,2,"$750.00",2,1125,0,2,0,4.5,"f",0.25
3824,"24/07/2019","N/A","f",912,"t","Sydney",-33.87922,151.18134,"Entire home/apt",2,1,0,"$181.00",3,365,27,61,0,4.13,"t",0.89
9311,"20/10/2016","within a day","f",28,"t","Pittwater",-33.65613,151.32224,"Entire home/apt",8,NA,5,"",1,1125,0,0,0,NA,"f",NA
11506,"10/05/2018","within a few hours","f",1,"t","Ku-Ring-Gai",-33.72893,151.1673,"Entire home/apt",3,NA,1,"",90,190,0,1,0,5,"f",0.11
6123,"1/09/2024","N/A","f",44,"t","North Sydney",-33.82459,151.20369,"Entire home/apt",4,2,2,"$278.00",5,1125,23,8,0,4,"t",0.23
16018,"11/12/2013","N/A","f",1,"t","Leichhardt",-33.8799063,151.1678245,"Entire home/apt",7,2,3,"$330.00",21,365,0,1,0,5,"f",0.29
4324,"3/05/2015","N/A","f",1,"f","Warringah",-33.72448,151.2982,"Entire home/apt",2,1,1,"$148.00",90,1125,29,0,0,NA,"f",NA
9014,"19/12/2014","within an hour","t",47,"t","Woollahra",-33.87377895,151.2576773,"Entire home/apt",8,5,4,"$5,900.00",1,14,29,0,0,NA,"f",NA
8358,"19/02/2020","within an hour","f",22,"t","Auburn",-33.82567834,151.0771842,"Entire home/apt",4,2,2,"$185.00",2,365,27,3,0,4.67,"f",0.13
11117,"4/10/2015","within an hour","f",4,"t","Penrith",-33.83172959,150.7573689,"Private room",3,NA,NA,"",1,365,28,1,0,5,"f",0.06
9303,"15/09/2013","within an hour","t",2,"t","Marrickville",-33.90077646,151.1763278,"Entire home/apt",2,1,1,"$196.00",2,365,26,76,2,4.96,"f",3.49
3745,"29/04/2019","N/A","f",1,"t","Waverley",-33.86926,151.27854,"Entire home/apt",4,1.5,2,"$195.00",1,730,15,8,0,5,"f",0.27
12221,"26/02/2022","within an hour","t",2,"t","Penrith",-33.78391294,150.6655094,"Entire home/apt",4,NA,1,"",90,365,0,7,0,4.71,"f",0.62
4209,"4/01/2019","within an hour","f",3,"t","Woollahra",-33.88781,151.23146,"Entire home/apt",4,1,2,"$207.00",4,1125,15,96,1,4.79,"t",1.72
12694,"16/10/2014","N/A","f",1,"t","Willoughby",-33.80431686,151.1543503,"Entire home/apt",2,1,1,"$160.00",14,30,16,0,0,NA,"f",NA
16965,"5/01/2023","within an hour","f",50,"t","Randwick",-33.9082943,151.2238872,"Private room",2,1,1,"$89.00",1,89,18,2,1,4.5,"f",1.67
17467,"6/11/2016","within an hour","f",35,"t","Hornsby",-33.71911852,151.074934,"Entire home/apt",6,2.5,4,"$257.00",5,365,0,0,0,NA,"f",NA
2423,"27/06/2018","within an hour","f",3,"t","Blacktown",-33.7399635,150.8319522,"Entire home/apt",4,1,0,"$97.00",4,365,25,9,0,4.78,"f",0.4
11115,"14/08/2013","N/A","f",1,"f","Rockdale",-33.94947,151.12783,"Entire home/apt",4,NA,2,"",90,365,0,6,0,4.33,"f",0.34
3454,"18/07/2019","within an hour","f",5,"t","Sydney",-33.87618,151.20583,"Hotel room",4,1,2,"$285.00",1,1125,13,82,3,4.52,"t",1.15
7443,"24/07/2012","within a few hours","t",126,"t","Pittwater",-33.60719547,151.3305634,"Entire home/apt",12,4.5,4,"$2,044.00",1,1125,29,3,0,5,"f",0.15
664,"17/11/2015","within an hour","t",1,"t","Randwick",-33.92922,151.25799,"Entire home/apt",2,1,1,"$180.00",5,1125,28,41,0,4.9,"f",0.36
11888,"4/05/2024","within a few hours","t",1,"t","Warringah",-33.72087,151.29797,"Entire home/apt",12,NA,4,"",2,365,26,13,1,5,"f",1.53
7145,"23/05/2012","within a few hours","t",117,"t","Woollahra",-33.84189575,151.2815368,"Entire home/apt",8,4.5,4,"$1,103.00",5,89,0,2,0,5,"f",0.07
14901,"8/12/2024","within an hour","f",1,"t","Sydney",-33.87103732,151.2300766,"Entire home/apt",2,1,1,"$122.00",1,365,14,13,0,4.62,"t",2.1
3202,"26/04/2010","within an hour","f",51,"t","Waverley",-33.89837,151.26932,"Entire home/apt",2,0,0,"$200.00",2,1125,26,142,0,4.67,"f",1.82
14255,"29/09/2020","within an hour","f",18,"t","Blacktown",-33.69995332,150.9147517,"Entire home/apt",10,2.5,5,"$409.00",3,365,25,2,0,4.5,"t",0.3
5547,"30/09/2016","within an hour","t",13,"t","Waverley",-33.89214,151.27446,"Entire home/apt",2,1,1,"$291.00",3,365,0,116,2,4.97,"f",2.72
17421,"10/07/2013","within an hour","f",244,"t","Leichhardt",-33.88587231,151.1715285,"Entire home/apt",4,2,2,"$339.00",1,1125,0,2,0,5,"t",0.83
8897,"28/05/2018","within an hour","",19,"t","Leichhardt",-33.85823128,151.1777163,"Entire home/apt",4,0,2,"$220.00",1,1125,9,28,1,4.43,"t",1.24
3921,"16/11/2014","within an hour","f",1,"t","Parramatta",-33.81323,151.01672,"Entire home/apt",6,2,2,"$183.00",1,1125,20,407,3,4.85,"f",5.68
17013,"27/03/2016","within an hour","f",7,"t","Waverley",-33.89262,151.25909,"Entire home/apt",3,1,0,"$152.00",2,365,26,4,3,5,"t",2.4
13206,"22/08/2024","N/A","f",1,"t","Hornsby",-33.71713332,151.0899007,"Private room",2,1,1,"$123.00",5,14,11,0,0,NA,"f",NA
6159,"27/03/2016","within an hour","t",2,"t","Sydney",-33.8761,151.22012,"Entire home/apt",4,2,2,"$291.00",5,30,9,52,1,4.87,"f",1.3
9381,"17/03/2017","N/A","f",9,"t","Sydney",-33.89055,151.20482,"Private room",2,NA,NA,"",1,365,0,2,0,3,"t",0.13
1377,"13/05/2015","within an hour","f",14,"t","Sydney",-33.8752,151.19619,"Entire home/apt",4,1,1,"$222.00",2,30,14,17,0,4.29,"t",0.17
15866,"23/03/2019","within an hour","t",17,"t","Sydney",-33.88109,151.21501,"Private room",2,1,1,"$82.00",1,14,16,17,3,4.65,"t",3.52
14717,"18/08/2016","within an hour","f",1,"f","North Sydney",-33.8375028,151.2054526,"Entire home/apt",2,1,1,"$138.00",2,90,0,6,1,4.83,"f",1.08
2698,"16/10/2018","within an hour","f",10,"t","Sydney",-33.87253,151.22743,"Entire home/apt",2,1,1,"$141.00",1,1125,28,141,1,4.7,"f",1.75
1001,"24/09/2015","within an hour","t",1,"t","Sydney",-33.87267,151.22379,"Entire home/apt",3,1,1,"$214.00",6,1125,0,160,2,4.99,"f",1.36
16937,"31/01/2016","within an hour","t",48,"t","Rockdale",-33.9337847,151.1470479,"Entire home/apt",4,2,2,"$231.00",1,365,0,0,0,NA,"t",NA
5145,"25/10/2015","N/A","f",1,"t","Blacktown",-33.686611,150.915634,"Private room",2,0.5,1,"$60.00",90,367,28,0,0,NA,"f",NA
2430,"8/05/2017","within an hour","t",3,"f","Sydney",-33.87518,151.21767,"Entire home/apt",4,1.5,2,"$320.00",3,730,9,232,1,4.94,"t",2.43
8777,"5/04/2017","within a few hours","f",2,"t","Pittwater",-33.6292251,151.335352,"Entire home/apt",9,4,5,"$900.00",2,30,11,30,0,4.93,"f",1.42
12948,"24/04/2023","within an hour","f",3,"t","Auburn",-33.82627,151.07639,"Entire home/apt",4,2,2,"$153.00",2,365,11,23,0,4.43,"t",2.32
17839,"6/04/2014","N/A","f",1,"t","Sydney",-33.85750164,151.2078917,"Entire home/apt",2,1,1,"$489.00",90,365,28,0,0,NA,"f",NA
18020,"8/07/2017","within an hour","",83,"t","Leichhardt",-33.8572856,151.1746521,"Entire home/apt",5,1,2,"$264.00",5,365,12,0,0,NA,"t",NA
5234,"23/02/2014","N/A","f",1,"t","Pittwater",-33.70997,151.2952,"Entire home/apt",4,2,2,"$240.00",90,730,22,5,0,4.8,"f",0.1
278,"19/03/2012","within an hour","t",17,"t","Sydney",-33.87651,151.22685,"Entire home/apt",2,1,0,"$113.00",21,730,16,131,0,4.73,"f",0.86
10021,"11/10/2019","within an hour","f",138,"t","Auburn",-33.8248084,151.0782894,"Entire home/apt",4,2,2,"$208.00",2,365,29,3,0,5,"f",0.26
737,"2/10/2013","within an hour","t",4,"t","Sydney",-33.877281,151.224197,"Entire home/apt",4,2,2,"$248.00",5,40,4,342,2,4.81,"f",2.42
7332,"19/06/2015","within a few hours","t",1,"t","Warringah",-33.70761,151.30223,"Entire home/apt",6,2,3,"$225.00",2,90,19,63,3,4.98,"f",2.11
5670,"16/08/2010","within an hour","t",6,"t","Sydney",-33.90475,151.21321,"Entire home/apt",2,1,1,"$203.00",7,120,15,19,1,4.95,"f",0.47
14661,"23/11/2024","within an hour","t",10,"t","Ryde",-33.81945,151.09257,"Entire home/apt",5,2,3,"$322.00",4,365,5,2,0,5,"f",0.35
10931,"9/10/2022","within an hour","f",3,"t","Canterbury",-33.91617,151.08632,"Entire home/apt",8,2.5,3,"$202.00",2,365,6,47,2,4.7,"f",2.88
3585,"7/12/2015","within an hour","f",4,"t","Sydney",-33.88599,151.20132,"Entire home/apt",4,0,0,"$178.00",1,1125,7,166,3,4.87,"f",2.3
11929,"10/05/2023","within an hour","f",21,"t","Fairfield",-33.89104,150.93619,"Private room",2,2,1,"$69.00",2,365,19,5,0,4.2,"f",0.56
3609,"7/08/2015","within a day","f",1,"t","Fairfield",-33.89228,150.9353,"Entire home/apt",6,NA,3,"",2,60,14,149,2,4.6,"f",2.11
11779,"25/04/2016","within an hour","t",4,"t","Leichhardt",-33.88685,151.17593,"Private room",2,2.5,1,"$112.00",7,365,28,1,0,5,"f",0.12
9906,"16/04/2023","within an hour","t",1,"t","North Sydney",-33.84816561,151.2149976,"Entire home/apt",4,NA,2,"",2,365,0,36,0,4.94,"f",1.87
3940,"30/07/2013","N/A","f",1,"t","Leichhardt",-33.86011,151.18947,"Entire home/apt",6,1.5,3,"$464.00",2,365,8,27,0,4.89,"f",0.42
15429,"15/10/2024","within a few hours","f",34,"t","Sydney",-33.87951,151.1963,"Entire home/apt",4,NA,2,"",6,365,0,1,0,4,"f",0.21
2758,"17/02/2016","within an hour","t",1,"t","North Sydney",-33.84286,151.20668,"Entire home/apt",2,1,0,"$279.00",3,90,14,184,1,4.88,"t",2.27
11902,"7/10/2023","within a few hours","f",5,"t","Sydney",-33.90888109,151.2052691,"Entire home/apt",2,NA,1,"",1,365,0,1,0,1,"f",0.35
13306,"21/06/2014","within a few hours","t",3,"t","Sydney",-33.88703,151.21725,"Entire home/apt",8,3.5,4,"$1,275.00",5,365,11,7,0,5,"f",0.72
15351,"25/08/2019","within an hour","f",169,"t","Ku-Ring-Gai",-33.7783412,151.1654329,"Private room",1,2,1,"$70.00",1,89,8,4,0,4.5,"f",0.71
11727,"24/01/2016","within an hour","t",3,"t","Blacktown",-33.76932429,150.8872641,"Entire home/apt",3,1,1,"$114.00",90,365,7,14,0,5,"f",1.13
7068,"20/10/2016","within a day","f",28,"t","Pittwater",-33.61117,151.32929,"Entire home/apt",8,2,4,"$1,099.00",1,1125,28,0,0,NA,"f",NA
9926,"26/11/2019","within an hour","f",1,"f","Waverley",-33.8923,151.26921,"Entire home/apt",2,NA,1,"",28,365,0,1,0,5,"f",0.06
13944,"25/04/2019","within an hour","t",68,"t","Sydney",-33.87969424,151.2125735,"Entire home/apt",2,1,0,"$127.00",1,365,9,12,3,4.75,"f",1.53
12138,"19/12/2014","within an hour","t",47,"t","Woollahra",-33.88185413,151.2490835,"Entire home/apt",10,4,5,"$1,875.00",7,365,2,0,0,NA,"f",NA
17041,"25/01/2022","within an hour","f",1,"t","Warringah",-33.77876638,151.2861881,"Entire home/apt",2,1,1,"$161.00",2,365,29,2,1,5,"f",1.07
15082,"12/12/2024","N/A","f",1,"t","Warringah",-33.7523891,151.2959164,"Entire home/apt",2,NA,1,"",90,90,8,5,0,5,"f",0.89
5389,"11/11/2013","within an hour","t",10,"t","Sydney",-33.88712,151.19741,"Entire home/apt",4,1,1,"$159.00",2,365,3,177,3,4.76,"t",3.95
425,"13/04/2015","N/A","f",1,"t","Sydney",-33.91443,151.20233,"Private room",2,1,1,"$61.00",90,1125,0,87,0,4.95,"f",0.71
5415,"26/09/2021","N/A","t",1,"t","Pittwater",-33.63749313,151.3310699,"Entire home/apt",2,1,1,"$176.00",3,14,16,44,0,4.8,"f",1
2122,"6/08/2019","N/A","f",33,"t","Sydney",-33.88451,151.20817,"Entire home/apt",5,1.5,2,"$167.00",2,90,1,317,0,4.84,"f",3.35
3104,"22/03/2015","within a few hours","f",3,"t","Leichhardt",-33.88153,151.17313,"Entire home/apt",6,2,3,"$411.00",3,1125,19,82,0,4.57,"f",1.11
12004,"24/04/2016","within a day","t",1,"t","Sydney",-33.8952885,151.2294073,"Entire home/apt",2,1,1,"$190.00",3,365,0,6,1,5,"f",1
16235,"23/08/2016","within a few hours","f",1,"t","Liverpool",-33.91171,150.84115,"Entire home/apt",6,NA,3,"",7,365,4,0,0,NA,"f",NA
11750,"10/01/2018","within an hour","f",16,"t","Waverley",-33.90251,151.26255,"Entire home/apt",2,1,1,"$214.00",3,90,0,7,1,4.43,"f",0.66
7372,"23/06/2015","N/A","f",1,"t","Leichhardt",-33.84616,151.18559,"Entire home/apt",2,NA,1,"",2,365,0,4,0,4.25,"f",0.23
4686,"9/10/2019","within an hour","f",3,"t","Bankstown",-33.90136,151.00171,"Private room",4,1,1,"$257.00",1,1125,28,31,0,4.35,"t",0.48
17743,"23/01/2025","within an hour","f",1,"t","Sydney",-33.87728,151.22409,"Entire home/apt",2,1,1,"$178.00",2,365,7,7,6,5,"t",6.56
11788,"11/05/2018","within an hour","f",3,"t","Ku-Ring-Gai",-33.74154,151.13658,"Entire home/apt",6,2,3,"$291.00",3,31,0,4,0,4.25,"f",0.35
11598,"27/04/2016","within an hour","f",1,"t","Sydney",-33.8837922,151.1972858,"Entire home/apt",2,NA,1,"",3,6,0,1,0,5,"t",0.09
15524,"27/02/2013","within a day","f",1,"f","Sutherland Shire",-34.0417891,151.1021838,"Entire home/apt",7,1.5,4,"$359.00",1,20,0,3,0,5,"f",1.13
15625,"14/08/2013","within a few hours","t",2,"t","Ryde",-33.8036473,151.1018009,"Entire home/apt",2,1,1,"$90.00",2,365,10,13,1,4.85,"f",2.93
14143,"24/08/2016","within an hour","f",11,"t","Canada Bay",-33.85660767,151.1013454,"Entire home/apt",6,1,3,"$292.00",1,365,13,21,0,4.86,"t",2.85
5685,"5/05/2016","within an hour","f",26,"t","Marrickville",-33.90567,151.18002,"Entire home/apt",2,1,0,"$112.00",3,1125,1,107,3,4.46,"t",2.51
14240,"10/06/2015","within an hour","t",2,"t","Warringah",-33.7743358,151.2792155,"Entire home/apt",10,1.5,5,"$720.00",2,1125,0,4,0,4,"f",0.67
8416,"10/03/2015","N/A","f",1,"t","Botany Bay",-33.94811,151.2288,"Entire home/apt",8,2,4,"$240.00",90,90,0,0,0,NA,"f",NA
10624,"26/06/2021","within an hour","f",1,"t","Leichhardt",-33.88649884,151.1721002,"Entire home/apt",4,2,2,"$450.00",3,365,26,1,0,5,"f",0.14
627,"18/06/2015","within an hour","t",1,"t","Woollahra",-33.888638,151.234695,"Entire home/apt",2,1,1,"$180.00",3,1125,16,152,0,4.93,"f",1.3
17202,"21/04/2025","within an hour","f",4,"t","Auburn",-33.86351369,151.0332084,"Private room",2,1,1,"$126.00",1,365,26,0,0,NA,"f",NA
11679,"7/11/2012","within an hour","t",11,"t","Waverley",-33.8856287,151.2742894,"Entire home/apt",8,1,3,"$294.00",1,1125,15,44,8,4.84,"t",3.24
1650,"19/06/2016","within an hour","t",1,"t","Canterbury",-33.93481,151.10039,"Entire home/apt",4,1,1,"$169.00",2,90,22,208,1,5,"f",2.06
10913,"21/01/2024","within an hour","t",31,"t","Burwood",-33.87895,151.10499,"Entire home/apt",5,2,2,"$149.00",1,365,0,80,6,4.84,"f",4.92
3925,"11/04/2018","within an hour","t",1,"t","Strathfield",-33.88556,151.08636,"Entire home/apt",6,NA,3,"",3,90,0,52,0,4.9,"f",1.32
12896,"16/08/2024","within an hour","t",1,"t","Woollahra",-33.88539,151.23101,"Entire home/apt",2,1,1,"$204.00",5,365,0,19,2,4.89,"t",2.32
1126,"4/02/2016","N/A","f",1,"t","Randwick",-33.94079,151.23638,"Entire home/apt",2,1,1,"$250.00",90,1125,29,0,0,NA,"f",NA
4190,"24/07/2019","N/A","f",912,"t","Manly",-33.79825,151.28333,"Entire home/apt",4,1,2,"$247.00",3,365,0,59,0,4.42,"t",0.92
4022,"4/06/2014","within a day","f",0,"t","Mosman",-33.82521,151.24665,"Entire home/apt",4,1,2,"$426.00",7,1125,28,2,0,5,"f",0.24
5459,"16/06/2021","within an hour","f",1,"t","Manly",-33.79435,151.23757,"Entire home/apt",4,1,2,"$841.00",2,1125,23,128,1,4.81,"f",2.7
7035,"13/10/2022","within an hour","t",1,"t","City Of Kogarah",-33.9714,151.08356,"Entire home/apt",4,1,2,"$189.00",5,1125,10,46,2,4.91,"f",1.46
13829,"7/01/2022","within an hour","t",1,"t","Rockdale",-33.94770615,151.1526838,"Entire home/apt",5,1,1,"$170.00",1,180,10,40,4,4.95,"t",4.9
14944,"15/01/2017","N/A","f",1,"t","Randwick",-33.9065822,151.2470626,"Entire home/apt",2,1,1,"$153.00",2,365,0,6,0,5,"f",1.07
16039,"15/10/2023","within a few hours","f",1,"f","Ryde",-33.8270897,151.1089551,"Entire home/apt",2,1,2,"$181.00",2,1125,17,5,0,4.8,"f",1.29
16752,"27/03/2025","within an hour","f",11,"t","Sydney",-33.87659674,151.2033644,"Entire home/apt",5,1,2,"$214.00",2,365,2,0,0,NA,"t",NA
15074,"28/05/2017","within an hour","f",50,"t","Burwood",-33.8750289,151.1034091,"Entire home/apt",5,2,2,"$9,999.00",3,365,18,4,0,4.75,"t",0.8
16642,"9/09/2019","within an hour","f",19,"f","Parramatta",-33.81802123,151.0003582,"Entire home/apt",4,2,2,"$187.00",21,365,8,4,2,5,"t",1.69
11384,"19/01/2015","N/A","f",1,"t","Sydney",-33.87676154,151.2230398,"Entire home/apt",2,NA,1,"",90,365,0,1,0,5,"t",0.07
269,"14/02/2014","within an hour","f",1,"t","Ku-Ring-Gai",-33.77057,151.16764,"Entire home/apt",2,1,0,"$133.00",5,730,16,303,1,4.96,"t",2.24
9026,"13/05/2014","within a few hours","f",1,"t","Pittwater",-33.60157631,151.3293112,"Entire home/apt",12,3,4,"$751.00",5,90,29,12,0,4.67,"f",0.64
62,"5/01/2014","within an hour","t",1,"t","Pittwater",-33.67616,151.31485,"Entire home/apt",4,1,2,"$320.00",7,365,19,205,1,4.93,"t",1.49
2896,"3/06/2016","within a few hours","f",1,"t","Rockdale",-33.96501,151.15295,"Entire home/apt",6,2.5,3,"$336.00",2,90,25,129,0,4.72,"f",1.64
13933,"19/09/2018","within an hour","t",2,"f","Randwick",-33.91502,151.25663,"Entire home/apt",6,1,3,"$430.00",2,365,15,29,3,4.9,"t",3.94
10967,"26/12/2016","within an hour","t",1,"t","Warringah",-33.7282418,151.2955976,"Entire home/apt",8,3,4,"$1,198.00",2,365,8,29,0,4.97,"f",1.81
13594,"21/07/2015","within an hour","t",24,"t","Sydney",-33.86837,151.20668,"Entire home/apt",4,2,2,"$351.00",3,365,4,16,2,4.75,"f",3.14
4084,"21/12/2016","N/A","f",1,"t","Liverpool",-33.93957,150.79554,"Private room",2,NA,4,"",90,1125,29,0,0,NA,"f",NA
3134,"13/03/2017","within a day","f",1,"f","Manly",-33.79201,151.26846,"Entire home/apt",8,2,4,"$855.00",90,1125,0,1,0,4,"f",0.03
3019,"23/12/2010","N/A","f",1,"t","Waverley",-33.88733,151.26849,"Entire home/apt",4,1,2,"$271.00",90,1125,0,8,0,4.38,"f",0.1
10760,"5/06/2013","within a few hours","t",2,"t","Woollahra",-33.88933,151.23976,"Entire home/apt",2,1,1,"$272.00",2,31,17,16,1,4.88,"f",1.28
8529,"15/09/2016","within a few hours","f",39,"t","Pittwater",-33.65345,151.28891,"Entire home/apt",6,1.5,3,"$480.00",1,365,0,20,0,4.55,"f",0.84
6994,"15/08/2019","N/A","f",1,"t","North Sydney",-33.83546,151.20477,"Entire home/apt",2,1,1,"$298.00",10,365,26,1,0,4,"f",0.03
6585,"31/05/2016","within an hour","t",1,"t","Pittwater",-33.656,151.31873,"Entire home/apt",2,1,1,"$121.00",3,1125,11,72,3,4.74,"t",2.2
16082,"12/08/2024","within an hour","f",1,"t","Burwood",-33.88006781,151.1042807,"Private room",2,1,1,"$103.00",1,12,13,4,1,5,"f",1.43
11174,"6/12/2015","within an hour","f",1,"t","Sutherland Shire",-34.0331032,151.0697449,"Private room",2,1,1,"$77.00",3,365,21,15,0,5,"f",1.07
13972,"1/07/2024","within an hour","",14,"t","Waverley",-33.8793248,151.2767125,"Entire home/apt",8,3,4,"$350.00",1,365,3,4,1,4.5,"t",0.82
8160,"18/07/2017","within an hour","t",13,"t","Auburn",-33.82632495,151.077732,"Entire home/apt",2,1,1,"$178.00",2,365,17,35,0,4.69,"f",1.31
10085,"19/08/2019","within a few hours","t",2,"t","Sutherland Shire",-34.08084,151.15897,"Entire home/apt",2,1,0,"$117.00",2,365,20,37,2,4.92,"f",2.11
16296,"16/04/2019","within an hour","t",21,"t","Penrith",-33.7644674,150.7908855,"Entire home/apt",4,1,2,"$122.00",1,365,26,7,0,5,"f",2.14
14340,"15/04/2016","N/A","",16,"t","Sydney",-33.88048426,151.2165325,"Entire home/apt",2,1,1,"$156.00",2,10,4,15,2,4.93,"t",2.53
460,"9/09/2014","within a few hours","t",1,"t","Pittwater",-33.62646,151.3169,"Entire home/apt",2,1,1,"$352.00",2,730,13,401,1,4.88,"f",3.08
12079,"10/10/2023","within an hour","t",7,"t","Sydney",-33.89098186,151.2003613,"Entire home/apt",6,NA,2,"",1,365,7,52,1,4.88,"f",4.18
4350,"5/08/2018","N/A","f",1,"f","Warringah",-33.76302,151.29673,"Entire home/apt",8,2,4,"$1,131.00",7,14,0,0,0,NA,"t",NA
12618,"24/12/2015","within an hour","f",4,"f","Sydney",-33.88777,151.22984,"Entire home/apt",6,NA,3,"",3,30,0,4,0,4.25,"f",0.39
5991,"6/04/2022","within an hour","f",7,"t","Sydney",-33.89873,151.19179,"Entire home/apt",6,1,3,"$670.00",1,365,13,23,0,4.91,"t",0.6
9202,"11/04/2022","within an hour","t",6,"t","Waverley",-33.89685294,151.2691169,"Private room",2,1.5,2,"$270.00",5,14,29,2,0,5,"f",0.09
1269,"13/07/2014","N/A","f",1,"t","Warringah",-33.75728,151.26374,"Entire home/apt",6,2,3,"$554.00",6,1125,12,4,0,4.75,"f",0.07
15424,"15/10/2024","within a few hours","f",34,"t","Sydney",-33.88513331,151.1771256,"Entire home/apt",4,NA,2,"",5,365,0,0,0,NA,"f",NA
4082,"18/12/2019","within an hour","t",25,"t","Sydney",-33.85732,151.20239,"Entire home/apt",16,4,6,"$534.00",1,300,5,36,2,4.92,"f",0.56
8886,"3/07/2023","within an hour","f",11,"t","Auburn",-33.84709,151.03796,"Entire home/apt",4,2,2,"$129.00",1,365,22,80,1,4.64,"f",3.57
12563,"23/04/2021","within an hour","f",7,"t","Penrith",-33.7839431,150.6733545,"Entire home/apt",10,NA,5,"",2,365,23,14,1,4.79,"f",1.22
16322,"6/08/2020","within a day","f",1,"t","Randwick",-33.9235201,151.2321226,"Entire home/apt",3,2,1,"$198.00",3,30,27,0,0,NA,"f",NA
16398,"14/12/2019","within an hour","f",1,"f","The Hills Shire",-33.50333444,151.0223945,"Entire home/apt",6,1,3,"$200.00",2,365,3,1,0,5,"t",0.83
9316,"8/08/2016","within an hour","t",16,"t","Sydney",-33.85843759,151.2034897,"Entire home/apt",6,1.5,3,"$420.00",5,14,1,56,1,4.89,"f",2.63
10744,"12/07/2015","within an hour","f",7,"t","City Of Kogarah",-33.97121406,151.1075818,"Entire home/apt",6,2,2,"$156.00",1,365,19,8,0,4.63,"f",0.47
2085,"13/05/2014","within an hour","f",55,"t","Sydney",-33.87511,151.20935,"Entire home/apt",2,1,1,"$229.00",90,1125,28,11,0,4.73,"f",0.12
9274,"5/03/2017","within an hour","f",4,"t","Sydney",-33.874252,151.204036,"Entire home/apt",2,1,1,"$309.00",2,1125,26,6,0,5,"f",0.38
4830,"9/11/2020","within an hour","f",8,"t","Waverley",-33.88865,151.27029,"Private room",2,1,1,"$261.00",1,365,29,29,0,4.97,"t",0.57
13712,"24/10/2016","within an hour","f",72,"t","North Sydney",-33.8478791,151.2056933,"Entire home/apt",4,1,2,"$276.00",2,45,14,19,1,4.74,"t",2.42
9419,"17/01/2020","N/A","f",1,"t","Warringah",-33.7849,151.2895,"Entire home/apt",2,1,1,"$217.00",2,365,8,20,0,4.55,"t",0.89
5499,"15/02/2014","within an hour","f",1,"t","Manly",-33.793686,151.279907,"Entire home/apt",2,1,0,"$143.00",2,30,11,9,4,4.78,"f",0.21
8375,"20/12/2017","within an hour","t",1,"t","Holroyd",-33.85048544,150.9695569,"Entire home/apt",2,1,1,"$114.00",2,40,22,58,2,4.9,"f",2.29
17893,"17/11/2023","within a few hours","f",40,"t","Botany Bay",-33.92854041,151.18752,"Entire home/apt",4,1,2,"$135.00",5,365,0,0,0,NA,"f",NA
1764,"28/07/2014","within an hour","f",1,"t","Marrickville",-33.90107,151.16976,"Entire home/apt",2,1,1,"$150.00",3,365,9,56,4,4.84,"f",0.57
14750,"15/05/2023","within a few hours","t",6,"t","Sydney",-33.90241,151.21108,"Entire home/apt",3,1,1,"$206.00",2,365,12,13,2,4.54,"f",2.03
7977,"13/08/2019","within an hour","",37,"t","Waverley",-33.89653,151.27073,"Entire home/apt",4,1.5,2,"$394.00",3,30,4,38,0,4.79,"f",1.35
1961,"1/10/2017","a few days or more","f",1,"f","Warringah",-33.74318,151.3029,"Entire home/apt",6,2,3,"$432.00",90,1125,27,40,0,4.98,"f",0.44
16245,"22/02/2025","within a day","f",1,"f","Rockdale",-33.9986441,151.1332424,"Entire home/apt",6,2,3,"$484.00",2,365,29,7,1,4.86,"f",2.23
4997,"6/11/2020","N/A","f",2,"t","Ryde",-33.81235,151.1062,"Private room",1,2,1,"$100.00",90,1125,29,0,0,NA,"f",NA
3952,"30/07/2014","within an hour","t",1,"t","Manly",-33.79732,151.28577,"Entire home/apt",2,1,1,"$194.00",3,40,29,85,1,4.75,"t",1.24
14431,"9/01/2018","within an hour","f",3,"f","Warringah",-33.75421199,151.2891407,"Entire home/apt",2,1,1,"$158.00",2,90,13,5,0,4.6,"t",0.86
6301,"14/07/2015","within an hour","f",32,"t","Woollahra",-33.86784,151.27052,"Entire home/apt",4,2,2,"$352.00",2,365,29,40,1,4.88,"f",1.12
14263,"2/03/2020","within an hour","t",13,"t","Sydney",-33.8770997,151.2221771,"Entire home/apt",4,1,1,"$171.00",3,120,22,19,2,4.53,"f",2.53
13578,"30/08/2024","within a few hours","f",1,"t","Auburn",-33.82408298,151.0785359,"Entire home/apt",4,NA,2,"",1,28,0,2,0,3.5,"f",0.22
1705,"11/07/2017","within an hour","t",6,"f","Sydney",-33.88035,151.20283,"Entire home/apt",5,1,2,"$366.00",3,999,13,100,0,4.79,"t",1.05
4124,"5/10/2016","within an hour","t",2,"t","Sutherland Shire",-34.05857,151.15816,"Entire home/apt",4,1,2,"$175.00",3,180,12,43,1,4.98,"f",0.83
362,"27/05/2014","within an hour","t",61,"t","Waverley",-33.89823,151.27226,"Entire home/apt",5,NA,3,"",21,90,0,14,0,4.5,"f",0.11
7118,"26/10/2022","within an hour","t",1,"t","Parramatta",-33.8072497,150.9794931,"Entire home/apt",4,2,2,"$149.00",3,1125,1,32,0,4.88,"t",1.15
9330,"9/09/2015","within a day","f",27,"t","Marrickville",-33.8998777,151.1361552,"Entire home/apt",6,2,3,"$380.00",90,365,28,5,0,4.4,"f",0.24
4678,"16/04/2013","within a few hours","f",1,"t","Randwick",-33.95198,151.25164,"Private room",2,1,1,"$95.00",5,1125,23,33,1,5,"f",0.57
1054,"13/10/2015","within an hour","f",1,"t","Waverley",-33.89971,151.26692,"Entire home/apt",5,NA,3,"",90,1125,0,7,0,4.86,"f",0.06
12684,"9/09/2020","within a day","f",1,"t","North Sydney",-33.83313,151.22427,"Entire home/apt",2,1,1,"$142.00",7,55,0,4,0,5,"f",0.71
12864,"7/06/2013","within an hour","t",1,"t","Sydney",-33.88288853,151.1957553,"Private room",2,1,1,"$124.00",2,365,23,46,3,4.96,"f",4.18
9999,"10/03/2020","within an hour","f",6,"t","Sydney",-33.87315525,151.2053629,"Private room",2,1,1,"$222.00",1,365,26,0,0,NA,"t",NA
7576,"13/02/2018","within an hour","t",27,"t","Manly",-33.7989958,151.2862356,"Entire home/apt",2,1,1,"$189.00",2,35,1,98,3,4.9,"f",3.37
14652,"22/10/2016","within an hour","t",22,"t","Burwood",-33.8701,151.10472,"Entire home/apt",8,2,3,"$292.00",2,365,15,10,0,5,"t",1.5
15638,"5/05/2022","within an hour","f",2,"t","Botany Bay",-33.92077,151.18509,"Entire home/apt",4,2,2,"$192.00",2,40,0,3,0,2.67,"f",0.59
16255,"8/07/2017","within an hour","",83,"t","Strathfield",-33.8621281,151.0801394,"Private room",2,1,1,"$92.00",5,365,19,1,0,5,"t",0.35
11264,"10/07/2017","within an hour","f",4,"t","Canada Bay",-33.84770316,151.0837191,"Entire home/apt",1,NA,1,"",90,365,0,3,0,5,"t",0.2
13721,"20/10/2016","within a day","f",28,"t","Pittwater",-33.63628019,151.3088316,"Entire home/apt",8,3,4,"$1,108.00",1,1125,28,0,0,NA,"f",NA
5900,"27/05/2014","within an hour","t",61,"t","Sydney",-33.88813,151.19755,"Entire home/apt",2,1,1,"$225.00",21,365,29,19,0,4.63,"f",0.48
1601,"24/06/2016","within an hour","f",4,"t","Hornsby",-33.76301,151.08465,"Private room",1,1,1,"$68.00",1,60,29,40,0,4.78,"f",0.4
17127,"25/04/2023","within an hour","f",5,"t","Sydney",-33.87582136,151.2042792,"Entire home/apt",8,2,3,"$435.00",2,365,6,11,3,4.82,"t",4.85
2959,"20/06/2019","N/A","f",53,"t","Sydney",-33.8573,151.20226,"Entire home/apt",4,1,2,"$214.00",3,90,6,174,0,4.75,"f",2.21
3496,"27/04/2019","N/A","f",1,"t","Ryde",-33.82094,151.11909,"Entire home/apt",2,1,1,"$110.00",90,365,25,4,0,4.25,"f",0.06
5658,"8/05/2016","within a few hours","f",1,"t","Marrickville",-33.90082,151.16984,"Entire home/apt",2,1,1,"$132.00",2,35,20,96,0,4.71,"t",2.26
15142,"13/04/2014","within a day","f",5,"t","Manly",-33.79642,151.28082,"Entire home/apt",6,2.5,4,"$520.00",3,365,22,0,0,NA,"f",NA
5216,"8/11/2017","N/A","f",1,"t","Randwick",-33.94054,151.23938,"Private room",1,1,1,"$72.00",90,365,28,0,0,NA,"t",NA
12577,"9/06/2023","within an hour","f",11,"t","Strathfield",-33.86392266,151.0790963,"Entire home/apt",8,2,2,"$409.00",1,365,0,4,0,4.25,"f",0.35
2513,"20/06/2019","N/A","f",53,"t","Sydney",-33.86916,151.22357,"Entire home/apt",4,1,1,"$137.00",2,90,10,142,1,4.55,"t",1.68
5276,"10/07/2013","within an hour","f",244,"t","Sydney",-33.88564,151.20876,"Entire home/apt",4,NA,2,"",90,1125,0,1,0,5,"t",0.02
2232,"12/11/2017","within an hour","f",9,"t","Waverley",-33.8949,151.26081,"Entire home/apt",2,1,1,"$199.00",2,1125,29,9,0,4.33,"t",0.1
14295,"6/08/2019","N/A","f",33,"t","Woollahra",-33.8808738,151.2292354,"Entire home/apt",4,1,2,"$267.00",2,90,2,27,3,4.59,"f",3.35
3359,"8/01/2018","N/A","f",1,"f","Blacktown",-33.75117,150.88604,"Private room",2,1,1,"$99.00",90,1125,28,0,0,NA,"t",NA
568,"3/03/2013","within a few hours","t",5,"t","North Sydney",-33.8325,151.22747,"Entire home/apt",2,1,1,"$220.00",3,99,19,76,0,4.92,"f",0.66
12935,"6/06/2017","within an hour","f",5,"t","Sydney",-33.90105173,151.1800058,"Private room",4,1,1,"$183.00",1,365,27,5,0,4,"t",1.03
12716,"16/04/2016","within a day","f",1,"t","Penrith",-33.72304087,150.69638,"Private room",1,1.5,1,"$53.00",1,365,8,4,0,5,"f",1.32
16148,"17/03/2015","N/A","f",1,"t","Waverley",-33.8834309,151.2793028,"Entire home/apt",2,1,1,"$198.00",3,365,29,0,0,NA,"f",NA
16076,"30/01/2018","a few days or more","f",1,"t","Randwick",-33.92551864,151.2453656,"Entire home/apt",4,1,2,"$400.00",5,30,4,0,0,NA,"f",NA
1480,"10/10/2016","a few days or more","f",3,"t","Mosman",-33.83619,151.23507,"Entire home/apt",6,3,5,"$788.00",90,1125,28,0,0,NA,"f",NA
26,"10/06/2013","N/A","f",1,"t","Waverley",-33.88816,151.26727,"Entire home/apt",4,1,1,"$380.00",90,1125,29,0,0,NA,"f",NA
13804,"1/02/2021","within an hour","f",11,"t","Manly",-33.78747,151.28652,"Private room",2,0,1,"$185.00",1,365,28,12,2,4.5,"t",1.46
13047,"17/02/2015","N/A","f",1,"t","Marrickville",-33.91297,151.14113,"Entire home/apt",2,NA,1,"",7,365,0,0,0,NA,"f",NA
3778,"24/07/2019","N/A","f",912,"t","North Sydney",-33.82784271,151.2275085,"Entire home/apt",4,2,2,"$223.00",3,365,0,57,0,4.26,"t",0.81
3580,"8/05/2019","within an hour","f",1,"t","Sydney",-33.87245,151.22591,"Entire home/apt",2,1,1,"$233.00",21,90,0,85,1,4.67,"f",1.14
11178,"21/02/2024","within an hour","f",1,"t","Liverpool",-33.93085,150.79568,"Entire home/apt",12,3,3,"$164.00",2,365,19,14,3,4.71,"f",2.94
1394,"23/12/2016","within an hour","f",1,"t","Leichhardt",-33.8855,151.15901,"Entire home/apt",6,2,3,"$304.00",3,1125,18,105,3,4.8,"f",1.02
8265,"23/02/2014","N/A","f",1,"t","Sutherland Shire",-34.06201,151.15444,"Entire home/apt",4,1,2,"$350.00",90,365,29,1,0,5,"f",0.07
3457,"2/08/2017","within an hour","",6,"t","Sydney",-33.88020885,151.2047074,"Entire home/apt",4,1,2,"$342.00",3,180,13,62,1,4.97,"t",0.85
12508,"22/09/2015","within a few hours","f",37,"t","Sydney",-33.90474,151.208,"Entire home/apt",5,2,2,"$357.00",3,365,30,5,0,4.8,"f",0.56
6470,"14/05/2020","within an hour","t",13,"t","Sydney",-33.8924763,151.2032093,"Entire home/apt",2,1,1,"$162.00",2,365,18,127,1,4.75,"f",3.61
3908,"21/11/2016","N/A","f",1,"f","Canterbury",-33.9151,151.10114,"Private room",2,1,0,"$89.00",90,1125,29,0,0,NA,"t",NA
11100,"13/04/2018","within an hour","t",2,"t","North Sydney",-33.8211682,151.20323,"Entire home/apt",2,1,1,"$202.00",2,365,3,25,4,4.88,"t",1.41
4659,"23/05/2012","within a few hours","t",117,"t","Randwick",-33.917789,151.257629,"Entire home/apt",2,1,1,"$237.00",5,89,28,23,0,4.83,"f",0.59
17696,"15/04/2025","within a few hours","f",20,"t","Ryde",-33.77818,151.12021,"Entire home/apt",4,2,2,"$228.00",1,365,0,0,0,NA,"f",NA
12124,"12/12/2020","within an hour","f",16,"t","Blacktown",-33.74818175,150.804384,"Private room",2,1,1,"$59.00",1,365,15,2,1,5,"f",0.18
11357,"18/03/2013","within an hour","t",1,"t","Randwick",-33.9490052,151.2456219,"Entire home/apt",4,2,2,"$195.00",5,1125,10,14,1,4.86,"t",1.38
10862,"6/11/2016","within an hour","f",35,"t","Sydney",-33.87874535,151.2069408,"Entire home/apt",3,1,1,"$162.00",1,365,17,52,3,4.71,"f",3.13
1355,"21/05/2012","within an hour","t",1,"t","Sydney",-33.89344406,151.1869507,"Entire home/apt",2,NA,1,"",3,180,0,163,0,4.88,"f",1.58
13704,"20/05/2018","a few days or more","f",10,"t","Burwood",-33.87454,151.0959,"Entire home/apt",3,1,0,"$176.00",1,365,0,0,0,NA,"f",NA
14831,"10/07/2014","within an hour","t",10,"t","Sydney",-33.8707,151.22229,"Entire home/apt",2,1,1,"$345.00",2,365,23,9,0,5,"f",1.36
16969,"12/04/2019","within an hour","f",63,"t","Parramatta",-33.79993,151.00358,"Entire home/apt",6,NA,2,"",4,89,13,0,0,NA,"t",NA
5361,"24/01/2016","within an hour","t",1,"t","Penrith",-33.74896,150.68367,"Entire home/apt",8,2,3,"$550.00",2,365,2,55,1,4.95,"f",1.37
16379,"27/09/2010","within an hour","f",26,"t","Sydney",-33.90837239,151.1897745,"Entire home/apt",5,3.5,3,"$332.00",1,1125,0,0,0,NA,"t",NA
15613,"23/10/2022","within an hour","t",6,"t","Auburn",-33.8477222,151.061353,"Entire home/apt",6,2,3,"$252.00",3,365,8,24,3,5,"f",4.65
10174,"17/10/2013","a few days or more","f",1,"t","Warringah",-33.75340346,151.272197,"Entire home/apt",8,2.5,5,"$503.00",5,30,3,6,0,4.83,"f",0.34
10902,"23/06/2017","within an hour","",26,"t","Botany Bay",-33.92215,151.18581,"Entire home/apt",6,2,2,"$198.00",2,365,11,29,0,4.55,"t",1.62
3725,"20/06/2019","N/A","f",53,"t","Sydney",-33.86022,151.20189,"Entire home/apt",10,2,5,"$466.00",90,90,2,17,1,4.47,"f",0.33
4117,"15/01/2018","a few days or more","f",1,"t","Randwick",-33.92091,151.23442,"Private room",6,2,3,"$72.00",90,1125,29,0,0,NA,"f",NA
4858,"17/09/2020","within a day","f",2,"t","Penrith",-33.76638,150.65362,"Entire home/apt",16,3.5,7,"$950.00",1,365,28,81,1,4.74,"f",1.63
983,"19/02/2015","within an hour","f",5,"t","The Hills Shire",-33.62851715,151.0158081,"Private room",2,0,1,"$138.00",90,1125,29,0,0,NA,"f",NA
17488,"3/01/2017","within an hour","t",37,"t","North Sydney",-33.84942963,151.2184386,"Entire home/apt",5,1,1,"$174.00",1,365,0,7,7,4.86,"t",7
804,"3/12/2015","N/A","f",1,"t","Randwick",-33.91819,151.26016,"Entire home/apt",4,1,2,"$543.00",90,1125,30,1,0,4,"f",0.01
7392,"19/12/2016","N/A","f",1,"t","Woollahra",-33.8817321,151.2542913,"Entire home/apt",10,3,5,"$1,568.00",5,1125,0,2,0,5,"t",0.11
5641,"8/10/2020","within an hour","f",29,"t","North Sydney",-33.84683,151.21559,"Entire home/apt",4,1,2,"$377.00",2,1125,11,153,3,4.86,"f",3.59
5407,"23/10/2011","N/A","f",1,"t","Leichhardt",-33.85454,151.17754,"Entire home/apt",2,NA,1,"",90,100,0,84,0,4.92,"f",2.08
8469,"25/11/2013","within an hour","t",6,"t","Sydney",-33.87012878,151.2189126,"Private room",2,1,1,"$126.00",3,365,29,45,0,4.69,"f",1.83
17486,"20/06/2022","within a few hours","f",32,"t","Sydney",-33.91463688,151.2094404,"Entire home/apt",4,2,2,"$226.00",7,365,0,0,0,NA,"f",NA
10590,"1/07/2015","within an hour","t",40,"t","Ryde",-33.77911064,151.1219436,"Entire home/apt",5,2,3,"$247.00",5,365,10,3,0,4.67,"f",0.18
10184,"24/03/2014","within a day","f",2,"t","Willoughby",-33.79683,151.17843,"Entire home/apt",4,1,1,"$95.00",1,30,6,50,1,4.78,"f",3.05
2801,"16/11/2012","within an hour","t",5,"t","Pittwater",-33.63254,151.33212,"Entire home/apt",12,3,6,"$1,516.00",2,180,19,99,1,4.89,"f",1.71
17023,"10/07/2013","within an hour","f",244,"t","Woollahra",-33.88884,151.24823,"Entire home/apt",2,1,1,"$206.00",90,1125,0,0,0,NA,"t",NA
13654,"12/10/2021","within an hour","f",1,"t","Rockdale",-33.94580493,151.1340381,"Entire home/apt",8,1,3,"$119.00",1,1125,5,16,3,4.56,"t",2.05
500,"17/05/2013","N/A","f",1,"t","Waverley",-33.89916,151.24948,"Entire home/apt",3,1,1,"$180.00",90,1125,28,27,0,4.46,"f",0.19
16572,"12/11/2020","within an hour","f",5,"t","North Sydney",-33.84834,151.20596,"Entire home/apt",3,1,1,"$191.00",1,1125,12,27,5,4.74,"f",7.94
2287,"28/05/2012","within an hour","f",1,"t","Manly",-33.79968,151.26147,"Entire home/apt",6,2,3,"$501.00",14,180,13,6,0,4.83,"f",0.07
10874,"24/07/2019","N/A","f",912,"t","Parramatta",-33.806155,150.9914473,"Entire home/apt",2,1,0,"$147.00",5,365,17,0,0,NA,"t",NA
11315,"8/04/2020","within an hour","f",180,"t","Sydney",-33.8690146,151.2043704,"Entire home/apt",4,1,0,"$267.00",2,365,13,15,0,4,"f",0.96
12998,"15/08/2024","within an hour","f",5,"t","Willoughby",-33.7950655,151.1846107,"Entire home/apt",4,1,1,"$140.00",2,365,12,28,4,4.64,"t",2.85
15998,"6/02/2025","within an hour","f",19,"t","Ryde",-33.7862841,151.1268374,"Private room",5,2,2,"$353.00",1,90,22,0,0,NA,"t",NA
9893,"7/04/2023","within an hour","f",67,"t","Holroyd",-33.84586023,150.9837741,"Private room",2,NA,1,"",1,365,0,5,0,4,"t",0.26
9560,"1/07/2015","within an hour","t",40,"t","Ryde",-33.7799228,151.1145594,"Entire home/apt",5,1.5,2,"$235.00",4,365,25,6,0,4.83,"f",0.3
2056,"31/10/2015","within a few hours","t",1,"t","Canada Bay",-33.85799,151.14704,"Entire home/apt",2,1,1,"$175.00",2,30,20,124,1,4.9,"f",1.42
3889,"17/05/2019","N/A","f",8,"t","Rockdale",-33.95239,151.10839,"Private room",1,2,1,"$19.00",333,334,29,5,0,4.2,"t",0.07
1945,"24/10/2016","within an hour","f",72,"t","Leichhardt",-33.8735,151.17292,"Entire home/apt",5,1,2,"$213.00",90,180,0,60,0,4.77,"t",0.66
5139,"7/01/2011","N/A","f",1,"t","Manly",-33.80229,151.28957,"Entire home/apt",6,2,3,"$540.00",90,700,22,0,0,NA,"f",NA
2629,"30/05/2014","within an hour","t",2,"t","Manly",-33.79735184,151.2622986,"Private room",2,1,1,"$95.00",5,90,14,57,1,4.93,"f",0.71
4927,"20/12/2020","N/A","f",1,"t","Parramatta",-33.8055,151.01123,"Private room",2,NA,1,"",90,365,29,0,0,NA,"f",NA
1948,"22/12/2013","N/A","f",2,"t","Canada Bay",-33.85365,151.14175,"Entire home/apt",7,2,3,"$270.00",90,1125,29,4,0,4.25,"f",0.06
10362,"15/01/2015","within an hour","t",1,"t","Parramatta",-33.83119774,151.0136067,"Entire home/apt",4,1,2,"$144.00",2,365,18,31,0,4.77,"t",1.67
692,"17/07/2015","N/A","f",1,"f","North Sydney",-33.84435,151.22415,"Entire home/apt",2,1,1,"$200.00",90,90,26,0,0,NA,"f",NA
14606,"10/12/2014","within an hour","f",26,"f","Sydney",-33.88288077,151.1969353,"Private room",2,1,1,"$106.00",2,365,29,9,0,3.78,"f",1.55
2843,"16/12/2017","within a few hours","f",3,"t","Hornsby",-33.519,151.17648,"Entire home/apt",4,2,2,"$280.00",2,30,29,15,0,4.93,"f",0.2
17276,"13/02/2018","within an hour","t",27,"t","Manly",-33.7905359,151.2862391,"Entire home/apt",2,1,1,"$185.00",3,90,0,0,0,NA,"t",NA
11014,"27/09/2016","within a few hours","t",10,"t","Sydney",-33.90519866,151.2078881,"Entire home/apt",7,NA,3,"",150,365,0,5,0,5,"t",0.3
13216,"22/08/2024","within an hour","f",3,"t","Sydney",-33.88266085,151.1777853,"Entire home/apt",10,1.5,4,"$384.00",2,365,5,21,0,4.9,"t",2.12
16225,"12/02/2021","within an hour","f",1,"t","Sutherland Shire",-34.0581445,151.1532412,"Entire home/apt",5,1.5,2,"$213.00",2,365,10,4,1,5,"t",1.97
5134,"29/12/2015","within an hour","t",1,"t","The Hills Shire",-33.77179,151.03951,"Entire home/apt",4,1,2,"$126.00",2,100,4,49,0,4.92,"f",1.07
9097,"13/08/2019","within an hour","",37,"t","Waverley",-33.8924642,151.2535528,"Entire home/apt",4,1,2,"$273.00",3,90,0,17,0,4.47,"t",0.86
4194,"27/01/2020","N/A","f",1,"t","Sutherland Shire",-34.02871,151.06097,"Entire home/apt",4,1,2,"$132.00",90,1125,29,0,0,NA,"f",NA
17,"9/12/2013","N/A","f",1,"t","Waverley",-33.89863,151.27028,"Entire home/apt",2,1,1,"$244.00",90,1125,28,11,0,4.91,"f",0.08
17859,"18/09/2018","within an hour","f",5,"f","Parramatta",-33.81869148,151.0052227,"Entire home/apt",3,1,1,"$156.00",2,365,10,1,1,5,"t",1
17340,"27/03/2017","within an hour","f",1,"t","Woollahra",-33.8627874,151.2768952,"Entire home/apt",2,1,1,"$256.00",2,14,2,0,0,NA,"f",NA
1883,"2/06/2016","N/A","f",1,"f","Waverley",-33.89379,151.2723,"Entire home/apt",3,1,1,"$150.00",90,1125,28,0,0,NA,"f",NA
10751,"24/07/2019","N/A","f",912,"t","Canterbury",-33.9128663,151.1174121,"Entire home/apt",2,1,1,"$157.00",3,365,11,24,0,4.25,"t",1.44
2889,"20/04/2018","within an hour","t",1,"t","Hornsby",-33.67674,151.11412,"Entire home/apt",4,1,2,"$170.00",1,1125,27,424,5,4.88,"f",5.35
6112,"18/12/2015","within an hour","f",8,"t","Sydney",-33.89041,151.19758,"Private room",2,2,1,"$79.00",2,14,29,72,1,4.26,"f",1.79
7518,"5/12/2016","within an hour","t",3,"t","Liverpool",-33.90817,150.92699,"Private room",2,1,1,"$60.00",2,365,19,66,3,4.91,"f",2.21
14316,"6/05/2023","N/A","f",1,"t","Rockdale",-33.92857,151.15005,"Entire home/apt",4,1,1,"$300.00",90,365,29,0,0,NA,"f",NA
14559,"6/05/2018","N/A","f",2,"t","Randwick",-33.90798,151.2224,"Entire home/apt",4,2.5,2,"$207.00",90,90,29,0,0,NA,"t",NA
4866,"24/07/2019","N/A","f",912,"t","Marrickville",-33.89692688,151.1463928,"Entire home/apt",2,1,0,"$142.00",3,365,0,35,0,4.2,"t",0.65
9362,"31/05/2017","within an hour","t",2,"t","Sutherland Shire",-34.05439,151.13667,"Entire home/apt",6,2,3,"$521.00",2,365,25,11,1,4.82,"f",0.5
12134,"14/03/2014","within an hour","f",2,"t","Manly",-33.796396,151.286375,"Entire home/apt",4,1,1,"$385.00",2,365,23,7,0,4.71,"f",0.71
11853,"16/04/2024","N/A","f",1,"t","Parramatta",-33.8194,151.0062362,"Entire home/apt",2,1,0,"$95.00",28,90,27,2,0,5,"f",0.17
12913,"5/01/2023","within an hour","f",50,"t","Blacktown",-33.7397373,150.8985802,"Private room",2,1,1,"$54.00",1,89,27,7,0,3.57,"f",0.7
392,"15/04/2014","within an hour","f",2,"t","Liverpool",-33.95667,150.8944,"Entire home/apt",4,1,2,"$100.00",2,7,12,273,1,4.66,"f",2.09
11511,"24/10/2011","within an hour","t",75,"t","Manly",-33.79527813,151.2876229,"Entire home/apt",4,1.5,2,"$425.00",3,365,29,18,0,4.89,"f",1.28
4302,"8/05/2020","N/A","f",1,"f","Blacktown",-33.73711,150.78115,"Private room",1,1,1,"$170.00",90,90,29,0,0,NA,"t",NA
12866,"11/10/2019","within an hour","f",138,"t","Parramatta",-33.80612286,150.9923257,"Entire home/apt",6,2.5,3,"$252.00",4,365,24,7,2,4.57,"f",0.79
4075,"4/12/2019","within a day","f",1,"t","Bankstown",-33.90872,151.0343,"Entire home/apt",4,1.5,2,"$85.00",18,150,7,20,0,4.7,"f",0.31
11358,"13/02/2024","within an hour","",3,"t","Rockdale",-33.93981,151.14495,"Entire home/apt",2,1,1,"$117.00",4,30,0,57,1,4.65,"t",3.69
12651,"28/09/2022","within an hour","f",1,"t","Sydney",-33.87495,151.22796,"Entire home/apt",2,1,1,"$212.00",2,365,0,1,0,5,"f",0.18
6267,"22/07/2015","within an hour","",2,"t","Sutherland Shire",-34.08265,151.14855,"Private room",2,1,1,"$214.00",2,365,29,63,2,4.87,"t",1.69
17325,"8/03/2017","within a day","f",18,"t","Holroyd",-33.8342207,150.9949007,"Entire home/apt",4,1,1,"$204.00",7,365,0,1,0,1,"f",0.59
16511,"19/04/2018","within an hour","f",59,"t","Canada Bay",-33.87104864,151.1376681,"Entire home/apt",8,1.5,4,"$402.00",2,365,25,5,3,5,"t",2.17
14929,"15/09/2024","within an hour","t",22,"t","Bankstown",-33.9138554,151.0287145,"Entire home/apt",2,1,1,"$93.00",4,365,29,11,5,4.73,"f",2.16
3361,"27/10/2015","N/A","f",1,"t","Strathfield",-33.86313,151.08061,"Private room",6,1,1,"$96.00",90,1125,28,7,0,4.29,"t",0.09
3044,"13/06/2018","a few days or more","f",1,"t","Waverley",-33.89327445,151.2721607,"Entire home/apt",4,1,2,"$463.00",4,365,22,3,0,5,"f",0.17
16130,"11/10/2019","within an hour","f",138,"t","Willoughby",-33.78685952,151.1827252,"Entire home/apt",4,1,2,"$200.00",2,365,18,2,0,5,"f",0.66
17153,"26/01/2023","a few days or more","f",3,"t","Ashfield",-33.88273,151.13088,"Private room",2,1,1,"$81.00",90,365,29,0,0,NA,"f",NA
7818,"22/12/2016","within an hour","f",120,"t","Sydney",-33.87884,151.21258,"Entire home/apt",2,1,1,"$200.00",4,1125,19,27,0,4.78,"f",1.08
13801,"19/01/2024","within an hour","t",5,"t","Penrith",-33.77481566,150.7849892,"Private room",1,1,1,"$59.00",1,1125,29,11,0,4.64,"f",1.39
16610,"15/10/2012","within an hour","t",27,"t","Woollahra",-33.88056,151.23991,"Entire home/apt",5,1,2,"$177.00",1,365,16,9,2,4.67,"t",3.8
5439,"28/09/2021","within an hour","t",11,"t","Waverley",-33.891457,151.245239,"Entire home/apt",2,1,0,"$155.00",2,90,5,141,2,4.74,"f",3.28
3006,"12/11/2018","within an hour","f",8,"t","Waverley",-33.88152,151.27568,"Entire home/apt",3,1,1,"$162.00",7,1122,9,89,2,4.76,"t",1.12
1752,"12/01/2016","within a day","t",1,"t","Waverley",-33.89087,151.2717,"Entire home/apt",4,1,2,"$525.00",4,730,27,104,0,4.95,"t",1.11
3008,"24/08/2015","N/A","f",3,"t","Canterbury",-33.90663,151.13318,"Entire home/apt",2,1,1,"$200.00",90,1125,22,0,0,NA,"t",NA
15063,"1/03/2023","within a few hours","t",3,"t","Leichhardt",-33.87269819,151.1651062,"Private room",3,1.5,1,"$73.00",2,60,8,18,2,4.67,"f",2.81
7249,"1/07/2015","N/A","f",1,"t","Randwick",-33.92021,151.23905,"Entire home/apt",2,1,1,"$397.00",7,365,29,2,0,5,"f",0.11
7971,"23/05/2012","within a few hours","t",117,"t","Waverley",-33.889146,151.275832,"Entire home/apt",4,1,2,"$389.00",5,89,10,16,0,4.94,"f",0.6
7792,"8/04/2020","within an hour","f",180,"t","Sydney",-33.869085,151.204316,"Entire home/apt",3,NA,1,"",2,365,3,17,0,4.41,"f",0.6
10638,"12/12/2017","within a day","f",1,"t","North Sydney",-33.8512798,151.2179126,"Private room",2,1,1,"$179.00",1,365,20,34,2,4.94,"f",2.07
10529,"22/12/2016","within an hour","f",120,"t","Woollahra",-33.87813435,151.2410703,"Entire home/apt",6,2.5,3,"$450.00",180,365,18,1,0,5,"f",0.07
13959,"11/02/2022","within an hour","f",20,"t","Waverley",-33.89182805,151.2722086,"Entire home/apt",2,1,1,"$214.00",3,365,23,2,0,4,"f",0.28
6060,"29/08/2024","N/A","f",39,"t","Lane Cove",-33.811035,151.154587,"Entire home/apt",5,2,3,"$365.00",84,1125,0,1,0,5,"t",0.22
17717,"18/03/2025","within an hour","f",23,"t","Parramatta",-33.7717031,150.9634132,"Private room",2,1,1,"$60.00",1,365,17,2,0,5,"t",1.3
3782,"25/08/2019","within an hour","f",169,"t","Sydney",-33.8838731,151.2084937,"Private room",1,1,1,"$101.00",4,365,12,71,0,4.45,"f",1.07
13788,"26/02/2014","within an hour","f",1,"t","Warringah",-33.75496357,151.2729206,"Entire home/apt",2,1,1,"$180.00",1,7,16,2,0,5,"f",0.3
8400,"16/01/2019","within an hour","t",1,"t","Sutherland Shire",-34.0596477,151.1567282,"Entire home/apt",4,1.5,2,"$448.00",2,1125,23,46,3,5,"f",1.9
7944,"20/04/2014","within an hour","t",1,"t","Botany Bay",-33.9528767,151.2030727,"Entire home/apt",3,NA,1,"",3,365,12,35,0,4.97,"f",1.54
7673,"3/04/2015","N/A","t",1,"t","Sydney",-33.90161,151.19257,"Entire home/apt",3,NA,2,"",4,365,0,10,0,4.9,"f",0.33
6910,"5/07/2021","within an hour","t",1,"t","North Sydney",-33.8506615,151.2170623,"Entire home/apt",4,1,2,"$185.00",2,1125,6,138,2,4.7,"t",4.18
3628,"11/05/2013","a few days or more","f",1,"t","Leichhardt",-33.88558,151.16527,"Entire home/apt",6,3,3,"$400.00",3,14,3,11,0,4.91,"f",0.17
4806,"28/03/2021","N/A","f",1,"t","Woollahra",-33.88588,151.25959,"Private room",2,1,1,"$180.00",90,90,22,0,0,NA,"f",NA
8607,"11/10/2019","within an hour","f",138,"t","Botany Bay",-33.92213711,151.1860238,"Entire home/apt",4,2,2,"$341.00",2,1125,29,5,0,5,"f",0.2
9029,"6/01/2015","within an hour","f",27,"t","Botany Bay",-33.9235006,151.1848773,"Entire home/apt",3,1,1,"$171.00",2,7,15,103,0,4.77,"f",4.72
18003,"6/11/2016","within an hour","f",35,"t","Liverpool",-33.91382,150.927,"Entire home/apt",5,1,2,"$113.00",3,365,15,0,0,NA,"f",NA
8748,"18/02/2023","within an hour","t",8,"t","City Of Kogarah",-33.96802,151.09961,"Entire home/apt",4,1,2,"$190.00",2,365,7,5,0,4.6,"f",0.25
12999,"11/08/2015","within a few hours","t",1,"t","Sydney",-33.8811787,151.1847245,"Private room",2,1.5,1,"$135.00",1,90,21,10,1,5,"f",1.26
8189,"3/12/2012","within a day","f",1,"f","Randwick",-33.9234193,151.2313948,"Entire home/apt",4,1,2,"$270.00",4,14,0,6,0,5,"f",0.28
9280,"26/08/2016","within an hour","f",78,"t","Waverley",-33.89261,151.24838,"Private room",3,1,0,"$155.00",1,90,29,65,2,4.69,"t",2.89
15326,"30/11/2023","within a few hours","f",49,"t","Sydney",-33.87861,151.17865,"Entire home/apt",4,NA,2,"",6,365,0,0,0,NA,"f",NA
13753,"16/07/2024","within a few hours","f",49,"t","Willoughby",-33.79518,151.18892,"Entire home/apt",2,1,1,"$193.00",1,365,0,0,0,NA,"f",NA
1769,"13/04/2017","within a few hours","f",1,"t","Sydney",-33.86859019,151.2265513,"Entire home/apt",2,1,0,"$200.00",3,365,0,0,0,NA,"f",NA
10052,"22/07/2013","within an hour","t",1,"t","Rockdale",-33.95585677,151.1081427,"Entire home/apt",4,1,2,"$181.00",2,31,6,32,1,4.91,"f",1.72
11461,"23/11/2015","within an hour","t",12,"t","The Hills Shire",-33.73760104,150.9642121,"Private room",3,1,1,"$67.00",3,92,11,4,0,5,"f",0.27
725,"4/12/2014","N/A","f",2,"t","Woollahra",-33.87568,151.2475,"Private room",2,1,1,"$213.00",90,1125,29,0,0,NA,"f",NA
7871,"8/11/2020","within an hour","f",12,"t","Leichhardt",-33.86383306,151.1741791,"Entire home/apt",2,1,1,"$98.00",2,90,27,69,2,4.58,"t",2.54
2692,"12/08/2018","within an hour","t",1,"t","Randwick",-33.93431,151.24627,"Entire home/apt",2,1,0,"$91.00",2,60,20,106,0,4.85,"t",1.28
5835,"5/07/2017","within a day","f",517,"t","Sydney",-33.86276,151.20732,"Entire home/apt",2,1,1,"$600.00",7,1125,27,0,0,NA,"f",NA
4152,"13/06/2016","within a few hours","f",1,"t","Pittwater",-33.64902,151.30517,"Entire home/apt",8,2,5,"$864.00",7,28,0,15,0,5,"f",0.23
10876,"21/11/2023","within an hour","f",10,"t","Marrickville",-33.9050502,151.1803822,"Entire home/apt",12,NA,5,"",90,365,4,0,0,NA,"f",NA
2901,"23/05/2012","within a few hours","t",117,"t","Woollahra",-33.87300491,151.2468109,"Entire home/apt",6,2,3,"$609.00",30,89,20,6,0,5,"f",0.21
17275,"26/10/2014","within an hour","t",6,"t","Waverley",-33.89144,151.26831,"Entire home/apt",2,1,1,"$163.00",2,365,0,2,2,5,"t",2
10813,"5/12/2013","within an hour","t",64,"t","Sydney",-33.87922,151.21401,"Entire home/apt",2,1,1,"$182.00",3,365,29,10,1,4.3,"f",0.61
5249,"10/02/2018","N/A","f",4,"t","Waverley",-33.89287,151.27102,"Private room",2,NA,1,"",1,365,18,35,0,4.77,"t",0.88
11850,"15/04/2024","within an hour","f",1,"t","Fairfield",-33.8937913,150.9320295,"Entire home/apt",4,1,2,"$133.00",1,200,11,42,2,4.74,"t",2.96
13952,"29/08/2024","N/A","f",39,"t","North Sydney",-33.82373,151.20746,"Entire home/apt",2,1,2,"$302.00",60,1125,0,1,0,5,"t",0.18
2083,"22/01/2020","within an hour","f",12,"t","Sydney",-33.88153076,151.2090302,"Entire home/apt",3,1,1,"$186.00",2,60,12,11,1,4.82,"f",0.12
7486,"30/10/2018","N/A","f",3,"t","Sydney",-33.87574,151.2255889,"Entire home/apt",4,1,1,"$186.00",2,90,11,17,0,4.82,"t",0.58
8188,"28/05/2022","within a few hours","t",1,"t","Sydney",-33.87761217,151.2208543,"Entire home/apt",2,1,1,"$229.00",90,1125,13,71,1,4.94,"f",2.65
6800,"17/06/2011","N/A","t",1,"t","Mosman",-33.83447,151.2303,"Entire home/apt",4,1,2,"$328.00",4,180,14,38,0,5,"f",1.13
646,"4/09/2013","within a few hours","f",3,"t","Warringah",-33.76832,151.29368,"Entire home/apt",2,1,1,"$166.00",2,60,16,52,2,4.94,"f",1.85
11121,"5/12/2023","N/A","f",1,"t","Ryde",-33.79540176,151.0722063,"Entire home/apt",7,NA,5,"",1,365,0,1,0,3,"t",0.06
663,"1/10/2015","within an hour","t",6,"t","Botany Bay",-33.94808,151.22867,"Private room",3,1,1,"$78.00",1,1125,0,44,0,4.8,"f",0.38
10018,"25/08/2019","within an hour","f",169,"t","Burwood",-33.8715904,151.1110798,"Private room",2,3,1,"$54.00",1,89,22,22,0,4,"f",1.14
10344,"21/02/2016","within an hour","f",1,"t","Liverpool",-33.8877854,150.8494649,"Entire home/apt",8,NA,4,"",3,365,9,31,1,4.77,"f",1.73
4671,"9/09/2020","N/A","f",1,"t","Penrith",-33.70577,150.71563,"Private room",1,1,0,"$70.00",90,365,28,0,0,NA,"t",NA
2428,"14/11/2016","N/A","f",1,"t","Parramatta",-33.78641,151.06989,"Private room",1,1,1,"$178.00",2,20,28,4,0,4.75,"f",0.04
15124,"10/12/2015","within an hour","f",32,"t","Randwick",-33.92519,151.226,"Entire home/apt",3,1,1,"$194.00",2,365,29,3,0,4.67,"f",0.53
7734,"4/08/2017","N/A","f",1,"t","Waverley",-33.90203561,151.2580813,"Entire home/apt",2,NA,1,"",2,1125,0,10,0,4.9,"f",0.35
6554,"16/08/2015","within a day","f",1,"f","Pittwater",-33.68261689,151.2947698,"Entire home/apt",8,NA,3,"",5,90,0,5,0,5,"f",0.24
7166,"23/10/2022","within an hour","f",3,"t","Parramatta",-33.78911,151.04095,"Entire home/apt",9,2.5,4,"$216.00",4,1125,10,92,1,4.7,"f",2.88
14749,"15/01/2017","within a day","f",1,"t","Sutherland Shire",-34.0675737,151.0030297,"Entire home/apt",6,2.5,3,"$400.00",3,14,26,4,0,5,"f",0.84
5331,"16/08/2013","a few days or more","f",1,"t","Warringah",-33.786949,151.263748,"Entire home/apt",4,NA,2,"",90,1125,0,18,0,5,"f",0.42
13690,"29/09/2015","within a few hours","f",1,"t","Randwick",-33.91618,151.25313,"Entire home/apt",6,1,3,"$506.00",4,365,27,7,0,5,"f",0.8
9985,"4/06/2014","within a day","f",0,"t","North Sydney",-33.82533,151.22736,"Entire home/apt",5,2,3,"$707.00",90,365,14,1,0,5,"f",0.07
11746,"25/11/2023","within a day","f",3,"t","Fairfield",-33.89221789,150.9335376,"Private room",2,1,2,"$64.00",1,365,15,5,0,4.8,"f",0.36
2352,"22/07/2017","within a few hours","t",1,"t","Sutherland Shire",-34.0584,151.11166,"Entire home/apt",2,1,1,"$170.00",2,1125,19,79,0,4.95,"f",0.82
8371,"26/09/2022","within an hour","f",27,"t","Randwick",-33.98144692,151.244459,"Entire home/apt",2,1,1,"$171.00",7,365,29,21,0,4.62,"t",0.85
10130,"21/10/2023","within an hour","f",42,"t","Sydney",-33.87049769,151.1952088,"Entire home/apt",6,NA,2,"",90,365,0,17,0,4.41,"t",0.89
7542,"2/01/2023","N/A","f",2,"t","Pittwater",-33.63636,151.31164,"Entire home/apt",6,2,2,"$1,776.00",90,365,26,0,0,NA,"f",NA
2900,"8/07/2015","N/A","f",1,"t","Leichhardt",-33.86625,151.16841,"Entire home/apt",4,NA,2,"",90,1125,0,7,0,4.71,"f",0.09
13290,"1/07/2015","within an hour","t",40,"t","City Of Kogarah",-33.9672922,151.1012184,"Entire home/apt",5,2,2,"$213.00",36,365,29,6,2,4.83,"f",0.82
4783,"12/04/2019","N/A","f",1,"t","Pittwater",-33.67628,151.31493,"Private room",6,2.5,3,"$137.00",90,1125,29,8,0,4.88,"f",0.16
13380,"10/12/2018","within an hour","t",7,"t","Leichhardt",-33.85239,151.18504,"Entire home/apt",2,1,1,"$131.00",2,90,27,21,1,4.76,"f",2.17
413,"11/08/2011","within an hour","t",1,"t","Ku-Ring-Gai",-33.76611,151.18298,"Private room",1,2,1,"$43.00",1,1125,7,156,2,4.85,"f",1.18
17382,"26/11/2023","within an hour","t",43,"t","Sydney",-33.8859889,151.1943626,"Entire home/apt",8,2,2,"$255.00",1,365,15,6,1,4.83,"t",2.31
5213,"16/04/2018","within an hour","f",9,"t","Canterbury",-33.9445,151.06307,"Entire home/apt",4,1,1,"$118.00",1,365,29,70,1,4.59,"f",1.49
205,"3/10/2012","within an hour","t",2,"t","Leichhardt",-33.84640503,151.1855469,"Entire home/apt",4,1,2,"$271.00",5,1124,7,117,1,4.89,"f",0.76
15897,"3/01/2017","within a few hours","t",3,"f","Sydney",-33.86108893,151.2058374,"Entire home/apt",4,2,2,"$783.00",2,7,27,6,0,5,"f",1.76
9555,"19/08/2013","N/A","f",1,"t","Pittwater",-33.70292408,151.2942059,"Entire home/apt",8,NA,4,"",7,365,0,1,0,5,"f",0.06
4516,"18/12/2019","within an hour","t",25,"t","Sydney",-33.8598938,151.2028809,"Entire home/apt",8,2,3,"$229.00",3,300,4,116,6,4.89,"f",1.74
2100,"12/07/2015","N/A","f",2,"t","Rockdale",-33.93456,151.14593,"Private room",2,1,2,"$87.00",90,1125,28,0,0,NA,"f",NA
705,"23/11/2015","within an hour","t",12,"t","The Hills Shire",-33.73632,150.96403,"Entire home/apt",16,3,4,"$432.00",2,92,4,26,1,4.54,"t",0.97
10873,"7/09/2023","within an hour","f",2,"t","Sydney",-33.9100235,151.2075577,"Entire home/apt",6,1,1,"$190.00",2,365,12,29,3,4.62,"f",1.71
6976,"31/07/2016","within a few hours","f",1,"t","Pittwater",-33.62802,151.32602,"Entire home/apt",6,4,3,"$687.00",5,15,0,1,0,5,"f",0.06
10482,"15/03/2016","within an hour","t",4,"t","Botany Bay",-33.92396266,151.191959,"Private room",1,0.5,1,"$54.00",6,45,6,1,1,5,"f",1
17115,"20/09/2022","within an hour","f",39,"t","Sydney",-33.88936,151.1973,"Entire home/apt",5,1,2,"$229.00",3,365,20,0,0,NA,"t",NA
1111,"12/11/2014","a few days or more","f",3,"t","Woollahra",-33.88796,151.23433,"Private room",2,1,1,"$88.00",90,1125,29,26,0,4.92,"f",0.22
3311,"5/02/2015","within an hour","t",19,"t","Sydney",-33.87653,151.21428,"Entire home/apt",2,1,1,"$195.00",90,500,28,20,0,4.85,"f",0.28
14663,"30/07/2015","within a few hours","f",1,"t","Randwick",-33.91577888,151.2612543,"Entire home/apt",4,1,2,"$300.00",2,365,3,5,0,4.8,"f",0.87
14390,"5/10/2024","within an hour","f",4,"t","Liverpool",-33.94509639,150.807326,"Entire home/apt",8,2.5,3,"$187.00",2,365,16,7,0,4.86,"t",1.62
5321,"11/08/2015","within an hour","f",34,"t","Marrickville",-33.89128,151.17554,"Entire home/apt",6,3,3,"$575.00",5,1125,0,2,0,5,"f",0.11
6979,"22/09/2012","within a few hours","t",2,"t","Manly",-33.80167711,151.2912957,"Private room",1,1,1,"$200.00",1,5,29,4,0,5,"f",0.82
16338,"18/10/2012","N/A","f",1,"t","Hurstville",-33.97199246,151.0725497,"Entire home/apt",2,1,1,"$103.00",90,365,29,0,0,NA,"t",NA
8708,"24/04/2019","within an hour","t",1,"t","Sydney",-33.86968244,151.2258889,"Entire home/apt",2,NA,1,"",3,365,27,75,4,4.89,"f",3.12
8854,"22/02/2015","N/A","f",1,"t","Randwick",-33.98351198,151.2439836,"Entire home/apt",4,NA,3,"",2,365,0,12,0,5,"f",0.53
5273,"15/06/2015","within a few hours","f",1,"t","Waverley",-33.89275,151.2692,"Entire home/apt",2,1,1,"$120.00",6,730,8,21,0,4.95,"f",0.41
11659,"12/10/2021","within an hour","f",34,"t","Randwick",-33.94331067,151.2605139,"Entire home/apt",4,1,2,"$145.00",1,365,0,24,1,4.17,"t",1.86
6755,"22/12/2016","within an hour","f",120,"t","Sydney",-33.8577815,151.2019653,"Entire home/apt",4,2,2,"$367.00",4,1125,4,47,3,4.79,"f",1.58
6657,"5/09/2016","within a few hours","f",1,"t","Leichhardt",-33.8677393,151.1752553,"Entire home/apt",2,1,1,"$170.00",1,365,3,102,1,4.66,"f",3.09
1526,"19/01/2017","N/A","f",1,"t","Waverley",-33.90126801,151.2616272,"Entire home/apt",7,NA,3,"",90,90,0,2,0,5,"f",0.02
3217,"11/05/2019","within a day","t",1,"t","Warringah",-33.72488293,151.2897218,"Private room",2,1,1,"$135.00",1,4,0,45,0,4.87,"f",0.65
13043,"11/07/2011","within an hour","",14,"t","Woollahra",-33.8411193,151.2795056,"Entire home/apt",5,NA,4,"",4,365,0,5,0,5,"t",0.58
8142,"16/05/2019","within an hour","f",1,"t","Canterbury",-33.91881148,151.0651895,"Entire home/apt",8,NA,5,"",1,1125,0,1,0,5,"t",0.04
534,"13/08/2014","within an hour","t",4,"t","Woollahra",-33.88735,151.23573,"Entire home/apt",8,2,4,"$1,090.00",2,40,15,17,0,4.82,"f",0.14
7151,"10/04/2016","within an hour","t",1,"t","Sutherland Shire",-34.04757008,151.1540651,"Entire home/apt",2,1,1,"$123.00",1,365,19,50,0,4.9,"f",1.84
14796,"26/11/2024","within an hour","f",1,"t","Bankstown",-33.9163316,151.0326115,"Entire home/apt",5,2,2,"$186.00",4,365,3,3,0,5,"t",0.54
2218,"13/05/2013","N/A","f",1,"f","Pittwater",-33.708,151.29322,"Entire home/apt",6,1,3,"$1,599.00",90,1125,22,2,0,4.5,"f",0.02
261,"9/09/2014","within a few hours","f",2,"t","Warringah",-33.774,151.28786,"Entire home/apt",8,3,4,"$1,150.00",7,730,22,7,0,5,"f",0.07
8928,"25/02/2017","within an hour","f",10,"t","Fairfield",-33.86496154,150.9344656,"Entire home/apt",12,NA,5,"",3,365,0,7,0,4.86,"t",0.41
15102,"10/07/2022","N/A","f",1,"t","Manly",-33.7917677,151.2847271,"Entire home/apt",6,NA,3,"",2,120,0,1,0,5,"t",0.18
3625,"6/10/2019","within an hour","t",3,"t","Sutherland Shire",-34.05218,151.15329,"Hotel room",2,1,1,"$376.00",1,1125,28,2,0,4.5,"t",0.05
15999,"6/02/2025","within an hour","f",19,"t","Ryde",-33.7862841,151.1268374,"Private room",5,2,2,"$390.00",1,90,22,0,0,NA,"t",NA
10455,"23/07/2017","N/A","f",1,"t","Auburn",-33.8490217,151.0744048,"Entire home/apt",10,3,5,"$474.00",2,365,19,60,3,4.87,"t",3.59
12882,"28/05/2017","within an hour","f",50,"t","Burwood",-33.87876,151.09812,"Entire home/apt",2,1,1,"$135.00",3,365,3,1,0,5,"f",0.29
3023,"12/08/2014","N/A","f",1,"t","Randwick",-33.9252,151.24996,"Private room",2,1,1,"$47.00",90,1125,29,7,0,5,"f",0.09
11052,"16/06/2021","within an hour","f",57,"t","Sydney",-33.8974,151.19936,"Entire home/apt",4,1,2,"$127.00",2,120,6,16,0,4.31,"f",1.06
2762,"6/08/2015","N/A","f",1,"f","Mosman",-33.82837,151.25253,"Entire home/apt",2,1,1,"$250.00",90,1125,28,5,0,4.4,"f",0.06
15615,"27/10/2018","N/A","f",1,"t","Parramatta",-33.8197939,151.0042215,"Entire home/apt",4,NA,2,"",1,365,0,1,0,4,"f",0.23
490,"4/05/2013","within an hour","t",11,"t","Mosman",-33.82114,151.25014,"Entire home/apt",5,1,2,"$480.00",91,180,29,4,0,5,"f",0.03
5820,"9/09/2014","within an hour","f",28,"t","Sydney",-33.87167,151.2253,"Entire home/apt",2,1,1,"$1,400.00",1,1125,25,42,1,4.79,"f",1.11
13820,"4/01/2024","N/A","f",1,"t","Sydney",-33.87002,151.22174,"Entire home/apt",4,NA,NA,"",2,365,0,3,0,3.67,"f",0.41
9826,"17/01/2018","within an hour","t",2,"t","Ryde",-33.81709,151.08979,"Entire home/apt",2,NA,1,"",3,30,0,12,0,4.92,"f",0.6
14917,"17/11/2011","within a day","t",1,"t","Randwick",-33.9193064,151.252041,"Private room",2,1,1,"$153.00",3,12,26,19,0,4.84,"f",2.84
4384,"23/06/2016","within a day","f",6,"t","Ryde",-33.7883,151.08284,"Private room",3,1,1,"$99.00",2,1125,0,31,0,4.74,"f",0.47
11534,"11/04/2023","within an hour","f",1,"t","Manly",-33.80040838,151.2914367,"Entire home/apt",2,NA,1,"",2,365,20,37,2,4.73,"t",2.55
8306,"20/01/2019","within an hour","f",2,"t","Rockdale",-33.99382,151.14369,"Entire home/apt",5,1,2,"$334.00",2,1125,27,16,1,4.38,"t",0.6
15788,"14/09/2024","within a day","f",27,"t","Auburn",-33.84963,151.07508,"Entire home/apt",3,1,2,"$228.00",1,365,24,4,1,3.5,"f",1.41
13401,"8/06/2013","within an hour","f",3,"t","Waverley",-33.89341782,151.2467737,"Private room",2,1,1,"$89.00",2,365,15,12,4,4.92,"t",1.27
15756,"25/04/2019","within an hour","t",68,"t","Sutherland Shire",-34.0528944,151.1537431,"Entire home/apt",4,1,1,"$132.00",3,365,2,7,2,5,"f",1.72
1723,"24/12/2015","within an hour","t",1,"t","Ku-Ring-Gai",-33.73710399,151.1676489,"Entire home/apt",4,1,2,"$120.00",2,155,3,233,1,4.85,"f",2.45
13755,"14/09/2024","within a day","f",27,"t","Sydney",-33.9123776,151.2109686,"Entire home/apt",2,NA,1,"",7,365,0,1,0,5,"f",0.15
17417,"2/06/2023","within an hour","f",31,"t","Sydney",-33.9044,151.20482,"Entire home/apt",4,2,2,"$155.00",7,365,0,0,0,NA,"f",NA
5220,"25/08/2019","within an hour","f",169,"t","Sydney",-33.883917,151.2084847,"Private room",1,1,1,"$107.00",2,365,25,98,1,4.42,"f",2.25
11852,"7/04/2023","within an hour","f",67,"t","Holroyd",-33.82259,150.96276,"Private room",2,NA,NA,"",1,365,29,7,0,2.71,"t",0.56
6870,"14/09/2017","within an hour","t",1,"t","Hornsby",-33.7722,151.08376,"Entire home/apt",4,NA,2,"",1,365,0,37,0,4.68,"t",1.11
8153,"4/11/2018","within a few hours","t",3,"t","Bankstown",-33.9478077,151.0187833,"Private room",2,2,1,"$68.00",2,365,0,14,0,4.64,"f",0.5
9191,"5/05/2016","N/A","f",1,"t","Marrickville",-33.90239005,151.1467037,"Entire home/apt",6,2,3,"$420.00",90,365,28,4,0,5,"f",0.22
17652,"30/11/2023","within a few hours","f",49,"t","Sydney",-33.90464,151.20926,"Entire home/apt",4,2,2,"$158.00",5,365,10,0,0,NA,"f",NA
14162,"20/07/2015","N/A","f",1,"t","Rockdale",-33.9543535,151.1366772,"Entire home/apt",5,1,2,"$193.00",10,1125,29,0,0,NA,"f",NA
10828,"22/11/2019","within an hour","f",1,"t","Rockdale",-33.9531316,151.1421236,"Private room",2,1,1,"$89.00",2,365,28,1,0,4,"f",0.41
12146,"10/01/2017","within an hour","f",2,"t","Ryde",-33.7816053,151.11761,"Entire home/apt",4,2,2,"$176.00",3,90,8,26,0,4.92,"f",2.07
12435,"3/06/2015","within a few hours","t",6,"t","Sydney",-33.8788721,151.2124941,"Entire home/apt",2,NA,1,"",2,10,0,18,0,4.94,"f",1.6
8479,"21/07/2019","N/A","f",1,"t","Lane Cove",-33.80628245,151.1625519,"Entire home/apt",2,1,1,"$416.00",90,90,22,0,0,NA,"f",NA
13561,"15/02/2014","within a day","f",1,"t","Manly",-33.79257584,151.2855581,"Entire home/apt",2,1,1,"$123.00",7,30,16,1,0,5,"f",0.14
8106,"6/06/2021","within an hour","",6,"t","Penrith",-33.75913152,150.7347174,"Entire home/apt",4,1,2,"$220.00",2,720,27,34,0,4.62,"t",1.3
12066,"27/09/2010","within an hour","f",26,"t","Pittwater",-33.69718,151.29952,"Entire home/apt",6,1,3,"$282.00",2,1125,18,12,0,4.67,"t",0.97
13069,"13/01/2025","N/A","f",57,"t","Sydney",-33.8854749,151.2201185,"Entire home/apt",5,1.5,2,"$256.00",2,365,15,41,3,4.51,"f",4.17
1486,"5/06/2016","N/A","f",1,"t","Randwick",-33.91269,151.24782,"Entire home/apt",2,1,1,"$143.00",90,1125,0,20,0,4.95,"t",0.19
1638,"19/07/2016","within a day","f",1,"t","Sydney",-33.88039,151.21165,"Entire home/apt",4,1,1,"$280.00",90,1125,27,51,0,5,"f",0.5
5198,"12/02/2017","within a few hours","t",1,"t","Willoughby",-33.79851,151.18264,"Entire home/apt",5,2,2,"$198.00",2,1125,13,127,1,4.9,"t",2.48
5638,"9/12/2021","a few days or more","f",1,"t","Pittwater",-33.62675,151.33311,"Entire home/apt",4,1,2,"$251.00",90,365,27,30,0,4.83,"f",0.71
6311,"20/02/2018","within an hour","f",55,"t","Woollahra",-33.86882,151.27042,"Entire home/apt",8,5,6,"$2,082.00",1,150,24,1,0,5,"f",0.09
5148,"7/10/2018","within a day","f",1,"t","Pittwater",-33.64098,151.28833,"Entire home/apt",6,3,3,"$495.00",2,14,2,16,0,4.88,"f",0.36
12668,"22/12/2016","within an hour","f",120,"t","Sydney",-33.87994093,151.214352,"Entire home/apt",4,1,2,"$320.00",4,365,0,4,0,4.5,"f",0.35
4053,"11/01/2020","within an hour","t",45,"t","Ryde",-33.779957,151.114685,"Entire home/apt",4,1.5,2,"$205.00",4,365,25,71,0,4.96,"f",1.08
7910,"8/04/2020","within an hour","f",180,"t","Sydney",-33.8690146,151.2043704,"Entire home/apt",5,1,0,"$171.00",2,365,22,16,1,4.25,"f",0.67
10316,"3/04/2014","N/A","f",1,"t","Leichhardt",-33.86110751,151.1833112,"Entire home/apt",5,1,3,"$500.00",5,30,26,1,0,5,"f",0.18
2199,"30/06/2012","within an hour","t",2,"t","Sydney",-33.8914,151.21008,"Entire home/apt",2,1,1,"$174.00",2,1125,22,181,0,4.88,"f",2.02
4894,"3/01/2018","N/A","f",1,"t","Warringah",-33.75016,151.28376,"Private room",2,1,2,"$320.00",90,1125,27,0,0,NA,"t",NA
2964,"11/12/2014","within a day","f",72,"t","Pittwater",-33.61945,151.31772,"Entire home/apt",6,4,3,"$1,897.00",90,1125,22,0,0,NA,"f",NA
16243,"18/11/2011","within an hour","f",1,"t","Warringah",-33.77159002,151.2930305,"Entire home/apt",4,1,2,"$441.00",2,30,2,9,1,5,"f",2.6
13718,"18/11/2015","within an hour","f",2,"t","Sydney",-33.89051894,151.211539,"Entire home/apt",4,1.5,2,"$405.00",2,25,4,4,0,4.75,"f",0.54
11671,"24/07/2019","N/A","f",912,"t","Sydney",-33.8762067,151.2130343,"Entire home/apt",2,1,0,"$182.00",3,365,22,16,1,4.69,"t",1.08
13004,"11/07/2011","within a few hours","t",1,"t","Manly",-33.7987293,151.2872235,"Entire home/apt",2,1,1,"$173.00",2,30,0,25,5,5,"f",2.36
16475,"10/07/2013","within an hour","f",244,"t","Randwick",-33.95297,151.24957,"Entire home/apt",8,2.5,4,"$959.00",1,1125,0,0,0,NA,"t",NA
4486,"14/11/2013","within an hour","t",3,"t","Marrickville",-33.90085,151.17445,"Entire home/apt",2,1,1,"$106.00",5,1125,16,252,3,4.84,"f",4.25
10056,"12/12/2023","N/A","f",7,"t","Randwick",-33.91614387,151.258114,"Entire home/apt",2,1,1,"$224.00",2,183,2,36,2,4.86,"f",1.9
15757,"29/01/2021","within an hour","f",1,"t","Pittwater",-33.6308177,151.3192098,"Entire home/apt",2,1,1,"$235.00",2,365,29,7,1,4.86,"t",2.08
12495,"15/06/2024","within an hour","f",1,"t","Sydney",-33.8801579,151.2054258,"Shared room",16,21,1,"$110.00",1,365,29,8,0,3.75,"f",0.71
14565,"20/04/2022","within an hour","t",22,"t","North Sydney",-33.8454882,151.2108519,"Entire home/apt",6,2,2,"$477.00",2,365,11,0,0,NA,"f",NA
10363,"17/06/2015","within a day","f",1,"t","Botany Bay",-33.9521687,151.2274341,"Entire home/apt",4,1,2,"$225.00",1,90,26,3,0,4.33,"f",0.49
10255,"1/04/2018","within an hour","t",7,"t","Botany Bay",-33.9486,151.22898,"Entire home/apt",6,2,3,"$154.00",1,365,6,15,1,4.93,"t",0.8
10095,"15/07/2021","N/A","f",2,"t","Manly",-33.8033023,151.2891967,"Entire home/apt",3,2,2,"$500.00",14,30,10,0,0,NA,"f",NA
7866,"19/02/2013","N/A","t",1,"t","Sydney",-33.88839811,151.2154461,"Entire home/apt",3,NA,1,"",2,28,0,55,0,4.98,"f",2.08
196,"16/09/2013","N/A","f",1,"f","Blacktown",-33.73351,150.88698,"Private room",2,NA,NA,"",90,1125,29,0,0,NA,"f",NA
1189,"31/01/2016","within an hour","t",48,"t","Waverley",-33.89059067,151.2738495,"Entire home/apt",2,1,1,"$179.00",2,1124,3,174,0,4.78,"f",1.65
16499,"15/05/2019","within an hour","f",1,"t","Bankstown",-33.9163316,151.0326115,"Entire home/apt",4,NA,2,"",1,1,0,0,0,NA,"f",NA
14535,"4/07/2011","N/A","f",1,"t","Warringah",-33.76882,151.28536,"Entire home/apt",7,3,4,"$1,400.00",4,365,0,1,0,4,"t",0.18
13943,"30/07/2024","within an hour","f",6,"t","Penrith",-33.74283,150.67969,"Entire home/apt",4,1,1,"$134.00",1,1125,24,21,0,4.52,"t",2.78
428,"1/05/2013","N/A","f",2,"t","Leichhardt",-33.86784,151.17109,"Private room",1,2,1,"$81.00",90,1125,29,27,0,4.69,"f",0.19
2108,"22/08/2013","within a few hours","f",1,"t","Woollahra",-33.88272075,151.2494511,"Entire home/apt",8,3,4,"$1,418.00",7,365,20,1,0,5,"f",0.18
6801,"31/08/2016","within an hour","",45,"t","Canada Bay",-33.82758,151.08383,"Entire home/apt",4,2,2,"$345.00",2,1125,29,20,0,4.8,"f",0.59
3036,"19/11/2013","within a few hours","t",2,"t","Randwick",-33.91458,151.23469,"Private room",2,1.5,1,"$74.00",3,1125,0,97,1,4.76,"f",1.23
14804,"28/05/2017","within an hour","f",50,"t","Canada Bay",-33.82807,151.08556,"Entire home/apt",7,2,3,"$306.00",3,365,15,30,3,4.77,"f",4.48
8910,"16/08/2020","within an hour","f",7,"t","Rockdale",-33.92872203,151.1410631,"Entire home/apt",4,NA,2,"",90,365,29,4,0,5,"f",0.2
9967,"13/01/2016","within a few hours","f",1,"t","Mosman",-33.83784336,151.2404275,"Entire home/apt",7,3.5,5,"$1,900.00",90,365,22,3,0,5,"f",0.15
12174,"7/04/2023","within an hour","f",67,"t","The Hills Shire",-33.74083,150.97527,"Private room",2,1,1,"$50.00",1,365,10,0,0,NA,"t",NA
16809,"29/11/2023","within an hour","f",46,"t","Ku-Ring-Gai",-33.7646144,151.1604152,"Private room",2,1,1,"$57.00",2,365,17,0,0,NA,"f",NA
17206,"26/04/2010","within an hour","f",51,"t","Waverley",-33.88738356,151.2730384,"Entire home/apt",7,1,3,"$1,400.00",7,180,0,0,0,NA,"f",NA
6372,"11/01/2020","within an hour","t",45,"t","Ku-Ring-Gai",-33.7872904,151.1764107,"Entire home/apt",4,2,3,"$262.00",4,365,12,40,0,4.9,"f",1.1
4426,"31/08/2017","within an hour","f",54,"t","Ryde",-33.778759,151.1216583,"Entire home/apt",2,1,1,"$194.00",90,1125,15,8,0,4.5,"t",0.31
8701,"17/12/2018","within an hour","t",18,"t","Waverley",-33.88895,151.27675,"Entire home/apt",2,1,1,"$158.00",3,365,22,85,1,4.98,"f",3.49
6675,"24/07/2019","N/A","f",912,"t","Sydney",-33.88574,151.19697,"Entire home/apt",4,1,2,"$258.00",3,365,10,63,0,4.81,"t",1.93
6095,"22/12/2016","within an hour","f",120,"t","Sydney",-33.8804,151.21302,"Entire home/apt",2,1,1,"$209.00",90,1125,10,14,1,4.57,"f",0.38
16960,"23/05/2012","within a few hours","t",117,"t","Waverley",-33.88995497,151.274027,"Entire home/apt",2,1,1,"$248.00",5,89,22,0,0,NA,"f",NA
6624,"9/06/2016","within an hour","f",1,"f","Randwick",-33.94089,151.25926,"Entire home/apt",6,2,5,"$519.00",4,21,0,1,0,5,"f",0.04
8864,"11/11/2013","within an hour","t",10,"t","Sydney",-33.89209095,151.1804155,"Entire home/apt",2,1,0,"$164.00",90,365,0,44,0,4.84,"t",1.9
9286,"19/12/2014","within an hour","t",47,"t","Waverley",-33.87911,151.28137,"Entire home/apt",8,2,4,"$8,750.00",1,90,29,0,0,NA,"f",NA
5274,"10/03/2021","N/A","t",2,"t","Waverley",-33.8886,151.26105,"Entire home/apt",5,1.5,3,"$292.00",14,90,25,89,0,4.67,"f",1.74
6293,"11/10/2019","within an hour","f",138,"t","Hornsby",-33.77106,151.07654,"Entire home/apt",5,2,2,"$203.00",2,730,18,41,1,4.71,"f",1.04
16136,"10/07/2013","within an hour","f",244,"t","Sydney",-33.87797,151.22685,"Entire home/apt",2,1,1,"$273.00",1,1125,2,2,2,5,"t",2
7481,"1/07/2016","within an hour","t",6,"t","Sydney",-33.87821,151.22365,"Entire home/apt",2,NA,1,"",1,90,0,200,0,4.72,"t",6.65
8786,"7/06/2015","within a day","f",1,"t","Sydney",-33.8645262,151.2058438,"Entire home/apt",2,NA,1,"",90,365,2,0,0,NA,"f",NA
9784,"7/11/2012","within an hour","t",11,"t","Waverley",-33.8885501,151.278175,"Entire home/apt",5,1,2,"$234.00",1,730,9,118,4,4.84,"t",5.6
5775,"31/08/2017","within an hour","f",54,"t","North Sydney",-33.82400513,151.1987305,"Entire home/apt",2,1,1,"$209.00",90,1125,1,14,0,4.71,"t",0.33
14731,"15/09/2024","within an hour","t",22,"t","Sydney",-33.9031654,151.2050989,"Entire home/apt",6,2,2,"$158.00",4,365,8,29,5,4.9,"f",5
15530,"6/12/2023","within an hour","t",1,"t","Sydney",-33.90188,151.21039,"Entire home/apt",6,2,3,"$394.00",1,365,13,32,6,5,"t",6.71
14342,"27/06/2016","N/A","f",1,"f","Sutherland Shire",-34.03206,151.06658,"Entire home/apt",4,NA,1,"",7,21,0,2,0,5,"f",0.33
4270,"13/10/2019","N/A","f",8,"t","Sydney",-33.88141,151.18808,"Private room",2,NA,1,"",90,1125,29,0,0,NA,"t",NA
7313,"6/06/2017","within a few hours","f",1,"t","Sydney",-33.88597,151.17968,"Entire home/apt",2,1,1,"$229.00",5,30,22,8,0,5,"f",0.28
2704,"18/10/2018","within an hour","t",3,"t","Sutherland Shire",-34.02699,151.06287,"Entire home/apt",3,1,2,"$125.00",7,365,22,9,0,4.56,"f",0.11
6086,"28/03/2015","N/A","f",1,"t","Waverley",-33.887897,151.274124,"Private room",2,1,1,"$145.00",90,730,29,43,0,4.95,"f",1.13
6802,"1/11/2021","N/A","f",1,"t","Pittwater",-33.6258569,151.3297414,"Entire home/apt",2,1,1,"$277.00",90,1125,28,12,0,5,"f",0.36
2793,"4/12/2016","within an hour","t",1,"t","Sydney",-33.86964882,151.1912456,"Entire home/apt",4,2,2,"$365.00",3,1125,11,23,0,4.91,"f",1.1
706,"20/05/2013","N/A","f",1,"t","Pittwater",-33.6389,151.32366,"Entire home/apt",6,3,3,"$1,000.00",90,180,29,0,0,NA,"f",NA
9941,"6/06/2020","within an hour","t",3,"t","Hornsby",-33.7317,151.06398,"Entire home/apt",6,2,3,"$120.00",1,365,8,12,1,4.5,"f",2.14
7702,"10/08/2014","within a few hours","t",2,"t","Waverley",-33.8913764,151.2618477,"Entire home/apt",2,NA,1,"",3,365,0,2,0,5,"f",0.07
2270,"8/08/2016","within an hour","t",16,"t","Sydney",-33.85668,151.20609,"Entire home/apt",6,3.5,3,"$701.00",3,30,7,35,0,4.94,"f",0.43
9616,"26/12/2014","N/A","f",1,"f","Waverley",-33.8674843,151.2796746,"Entire home/apt",8,3,4,"$551.00",90,365,27,1,0,3,"f",0.06
17626,"28/05/2017","within an hour","f",50,"t","Ryde",-33.78596,151.08571,"Entire home/apt",5,1,2,"$152.00",3,365,18,2,1,5,"t",1.87
18054,"27/10/2024","within a day","f",3,"t","Canterbury",-33.89684577,151.1060322,"Entire home/apt",3,1,1,"$207.00",2,30,28,0,0,NA,"t",NA
17850,"14/10/2024","a few days or more","f",18,"t","Sydney",-33.91310004,151.2063369,"Entire home/apt",4,2,2,"$171.00",1,365,8,0,0,NA,"f",NA
15254,"29/09/2016","within an hour","f",1,"t","Warringah",-33.73111,151.22467,"Entire home/apt",10,2.5,5,"$490.00",3,1125,28,3,0,5,"f",0.52
11000,"14/12/2023","N/A","f",2,"t","Ku-Ring-Gai",-33.74739679,151.1624197,"Private room",2,NA,NA,"",2,3,0,4,0,5,"f",0.25
7292,"16/06/2021","within an hour","f",57,"t","Sydney",-33.87748,151.2122,"Entire home/apt",2,1,1,"$174.00",28,120,2,25,0,4.48,"f",0.8
9025,"5/06/2013","within an hour","f",28,"t","Woollahra",-33.88713379,151.2380452,"Entire home/apt",5,1.5,2,"$370.00",7,365,0,16,0,4.94,"f",0.71
5202,"14/12/2020","N/A","f",1,"t","Waverley",-33.89701,151.27478,"Entire home/apt",4,NA,2,"",2,31,0,3,0,5,"f",0.54
10042,"22/08/2016","N/A","t",1,"t","Botany Bay",-33.92288,151.18575,"Entire home/apt",4,NA,2,"",2,60,0,17,0,4.94,"f",0.95
6463,"23/06/2013","N/A","f",1,"f","Pittwater",-33.6424,151.31985,"Entire home/apt",4,1,2,"$550.00",90,365,29,1,0,5,"t",0.03
10691,"14/01/2023","within an hour","f",3,"t","Fairfield",-33.8672896,150.9143041,"Entire home/apt",16,NA,6,"",3,365,0,0,0,NA,"f",NA
10602,"16/05/2016","within an hour","t",1,"t","Ryde",-33.82085623,151.0972593,"Entire home/apt",4,2,2,"$263.00",2,90,0,17,0,5,"t",2.48
8719,"13/03/2015","within an hour","f",19,"t","Rockdale",-33.95254,151.1347,"Private room",2,1,1,"$90.00",90,365,29,5,0,4.8,"t",0.35
15147,"19/10/2016","N/A","f",1,"t","Randwick",-33.9496457,151.2482676,"Entire home/apt",4,1.5,3,"$400.00",1,365,29,0,0,NA,"f",NA
11646,"11/03/2024","within an hour","f",1,"t","Mosman",-33.82479,151.24254,"Entire home/apt",4,1,2,"$59.00",2,60,6,52,5,4.71,"t",3.46
10831,"6/11/2016","within an hour","f",35,"t","Botany Bay",-33.92196113,151.1907287,"Entire home/apt",4,2,2,"$235.00",1,1125,16,48,1,4.67,"f",2.75
322,"10/06/2014","N/A","f",1,"t","Warringah",-33.74691,151.28865,"Entire home/apt",2,1,1,"$105.00",7,25,20,43,0,4.67,"f",0.33
5814,"26/08/2016","within an hour","f",78,"t","Ashfield",-33.8911,151.133,"Entire home/apt",3,1,0,"$143.00",90,365,14,60,1,4.68,"t",1.56
17191,"13/07/2015","within an hour","f",1,"t","Waverley",-33.89748703,151.2672869,"Entire home/apt",5,1,3,"$447.00",2,150,15,4,3,5,"f",2.61
12846,"18/11/2012","within an hour","f",4,"t","Sydney",-33.87702561,151.1977366,"Entire home/apt",14,5.5,6,"$882.00",3,90,2,9,0,4.89,"f",0.92
2730,"14/08/2013","within an hour","t",1,"t","Waverley",-33.86675,151.28379,"Private room",1,1.5,1,"$72.00",3,42,20,88,0,4.8,"f",1.08
3141,"15/05/2017","N/A","f",4,"f","Rockdale",-33.94734,151.13052,"Private room",1,1,0,"$100.00",90,1125,28,0,0,NA,"t",NA
5812,"8/11/2016","N/A","f",2,"t","Waverley",-33.9049,151.26192,"Entire home/apt",8,3,4,"$2,999.00",7,1125,22,1,0,5,"f",0.03
7467,"7/10/2014","N/A","f",2,"t","Manly",-33.79549,151.28171,"Entire home/apt",4,1,2,"$383.00",5,35,0,8,0,5,"f",0.27
7652,"19/10/2016","within an hour","t",3,"t","Burwood",-33.88362,151.10422,"Entire home/apt",10,3,4,"$471.00",3,120,5,69,0,4.88,"t",2.26
14225,"23/09/2018","within an hour","t",2,"t","Sydney",-33.91329,151.20513,"Private room",2,1,1,"$111.00",2,30,10,33,3,4.91,"t",5.59
15364,"26/08/2024","within an hour","f",5,"t","Parramatta",-33.8178051,150.9993556,"Entire home/apt",4,2,2,"$152.00",2,365,14,9,1,4.78,"t",1.9
5078,"13/05/2014","within an hour","",49,"t","Manly",-33.79352,151.24799,"Entire home/apt",2,1,0,"$147.00",3,10,28,71,0,4.79,"f",1.35
16774,"25/08/2019","within an hour","f",169,"t","Sydney",-33.8800534,151.1883418,"Private room",2,1.5,1,"$112.00",1,89,15,2,1,4.5,"f",1.67
10108,"24/07/2019","N/A","f",912,"t","Canada Bay",-33.82385,151.08756,"Entire home/apt",2,NA,1,"",90,365,0,0,0,NA,"t",NA
1734,"11/12/2014","within a day","f",72,"t","Pittwater",-33.59848,151.31931,"Entire home/apt",6,2,2,"$423.00",2,1125,23,18,0,4.83,"t",0.2
6549,"23/08/2015","within an hour","t",8,"t","Randwick",-33.91379,151.22257,"Private room",1,NA,NA,"",7,18,0,10,0,5,"f",0.44
12484,"5/06/2013","within a few hours","t",2,"t","Woollahra",-33.8902536,151.2388241,"Entire home/apt",2,1,1,"$332.00",2,30,16,2,0,5,"f",0.36
8448,"18/07/2017","within an hour","t",13,"t","Auburn",-33.8274648,151.0770486,"Entire home/apt",4,1.5,2,"$181.00",2,365,15,40,0,4.4,"t",1.51
2130,"1/09/2024","N/A","f",44,"t","North Sydney",-33.82518,151.20559,"Entire home/apt",4,1,2,"$260.00",5,1125,22,12,0,4.17,"t",0.15
4140,"26/08/2016","within an hour","t",24,"t","Sydney",-33.87907,151.20961,"Entire home/apt",2,1,1,"$299.00",1,1125,28,1,0,5,"f",0.02
12233,"10/04/2024","within an hour","t",4,"t","Sydney",-33.86942,151.20304,"Entire home/apt",4,1,2,"$330.00",1,365,9,25,1,5,"t",2.11
9284,"19/12/2014","within an hour","t",47,"t","Mosman",-33.82793339,151.2527675,"Entire home/apt",10,NA,5,"",5,1125,29,0,0,NA,"f",NA
7059,"11/04/2022","within an hour","t",6,"t","Waverley",-33.8973727,151.2702919,"Private room",1,1,1,"$81.00",2,28,29,20,0,4.9,"f",0.81
17930,"9/04/2024","within an hour","f",50,"t","Ku-Ring-Gai",-33.77893,151.16853,"Entire home/apt",4,2,3,"$222.00",1,365,29,0,0,NA,"f",NA
12520,"21/07/2018","within an hour","t",12,"t","Sydney",-33.87808,151.20719,"Entire home/apt",2,1,1,"$4,437.00",2,365,0,8,0,5,"f",0.99
15806,"22/09/2018","within an hour","f",1,"f","Randwick",-33.94118631,151.2558278,"Private room",1,1.5,1,"$105.00",1,90,6,8,1,4.88,"f",1.86
8953,"8/01/2019","within an hour","t",1,"t","Penrith",-33.72745813,150.6997375,"Private room",2,1,1,"$117.00",1,30,29,35,2,4.89,"f",1.56
9831,"13/05/2023","within an hour","t",6,"t","Sydney",-33.8602935,151.2031133,"Entire home/apt",4,1,2,"$280.00",2,365,20,49,2,4.82,"t",2.34
5390,"15/06/2019","N/A","f",1,"t","Manly",-33.80283,151.28722,"Entire home/apt",2,2,1,"$297.00",90,365,29,3,0,4.67,"t",0.07
5528,"3/02/2018","within a day","f",1,"t","Warringah",-33.71938028,151.2946157,"Entire home/apt",2,1,1,"$130.00",4,30,8,2,0,5,"f",0.15
18013,"7/07/2016","N/A","f",1,"t","Randwick",-33.97637,151.24372,"Entire home/apt",2,1,1,"$184.00",14,50,0,0,0,NA,"t",NA
4466,"16/03/2017","a few days or more","f",1,"t","Woollahra",-33.87625,151.22937,"Entire home/apt",2,1,1,"$132.00",90,1125,26,0,0,NA,"f",NA
6860,"19/06/2016","N/A","f",1,"f","Marrickville",-33.91452,151.16966,"Entire home/apt",2,1.5,1,"$514.00",90,365,29,2,0,5,"f",0.1
10426,"23/06/2016","within a day","f",6,"t","Ryde",-33.78803,151.08302,"Entire home/apt",5,2,2,"$177.00",5,365,0,4,0,5,"f",0.33
12131,"3/06/2024","N/A","f",1,"t","Marrickville",-33.8990474,151.1713407,"Entire home/apt",6,NA,1,"",1,14,0,2,0,4.5,"f",0.26
920,"29/12/2014","within a few hours","t",2,"t","Manly",-33.79585,151.28527,"Entire home/apt",2,1,1,"$265.00",6,365,0,55,0,5,"f",0.52
6703,"7/11/2019","within an hour","f",25,"t","Camden",-34.00828209,150.7481346,"Entire home/apt",15,3.5,5,"$208.00",2,90,29,39,1,4.74,"f",1.3
11348,"29/06/2011","N/A","f",1,"t","Randwick",-33.92045864,151.2496756,"Entire home/apt",2,NA,1,"",90,365,27,5,0,5,"f",0.36
8907,"19/12/2021","within an hour","f",9,"t","The Hills Shire",-33.40264038,150.9787561,"Entire home/apt",8,NA,2,"",2,365,27,11,0,4.82,"f",0.66
6239,"27/01/2020","N/A","f",1,"t","Warringah",-33.75297,151.29034,"Entire home/apt",2,1,1,"$150.00",90,300,0,3,0,5,"f",0.12
4824,"20/06/2019","N/A","f",53,"t","Ashfield",-33.8868,151.12313,"Entire home/apt",2,1,1,"$117.00",2,90,2,46,1,4.48,"t",0.83
14101,"21/06/2018","within an hour","f",2,"t","Sydney",-33.85883017,151.2048873,"Entire home/apt",8,2,4,"$472.00",1,365,3,32,2,4.78,"f",3.97
2804,"2/04/2014","within an hour","t",1,"t","Manly",-33.78842,151.28336,"Entire home/apt",5,1.5,3,"$332.00",2,1125,14,247,2,4.91,"t",3.09
2597,"14/10/2017","within an hour","f",6,"f","Sydney",-33.8767,151.22148,"Hotel room",2,NA,1,"",1,365,24,150,1,4.26,"t",1.9
7422,"27/06/2013","within a few hours","f",1,"t","Sydney",-33.87345569,151.2284189,"Entire home/apt",2,1,1,"$182.00",3,30,0,2,0,5,"f",0.11
14611,"3/12/2024","N/A","f",1,"t","Hornsby",-33.7707,151.07685,"Entire home/apt",3,1,1,"$166.00",2,365,0,2,0,5,"f",0.35
11259,"4/02/2015","within an hour","t",1,"t","Campbelltown",-34.05367427,150.8716311,"Entire home/apt",4,1,2,"$144.00",1,365,20,23,1,4.91,"f",1.42
2834,"13/04/2014","within a day","f",5,"t","Warringah",-33.74737,151.24462,"Entire home/apt",6,3,5,"$480.00",14,1125,22,5,0,4.6,"f",0.07
2646,"4/08/2018","N/A","f",2,"t","Strathfield",-33.87554,151.08604,"Private room",2,2,1,"$55.00",90,1125,29,0,0,NA,"t",NA
5236,"1/07/2018","within an hour","t",26,"f","Warringah",-33.73893356,151.2778625,"Entire home/apt",5,1.5,1,"$195.00",14,365,0,36,1,4.72,"f",0.7
13173,"24/08/2012","within an hour","f",1,"t","Waverley",-33.90331924,151.2647591,"Entire home/apt",4,NA,2,"",2,365,0,4,0,4.75,"f",0.61
731,"23/07/2015","a few days or more","f",1,"f","The Hills Shire",-33.75962,150.97132,"Private room",1,1,1,"$65.00",90,1125,0,5,0,4.8,"f",0.04
18176,"7/01/2014","within a day","f",4,"t","Leichhardt",-33.8649169,151.1676644,"Entire home/apt",2,1,1,"$106.00",3,365,18,0,0,NA,"f",NA
6588,"4/06/2014","within a day","f",0,"t","Manly",-33.80007,151.27624,"Entire home/apt",5,NA,3,"",90,1125,0,1,0,1,"f",0.05
1478,"1/09/2013","within an hour","t",2,"t","Waverley",-33.88925,151.27771,"Entire home/apt",6,1,2,"$188.00",2,720,7,170,1,4.63,"t",1.64
10686,"28/10/2023","within an hour","f",1,"t","Parramatta",-33.82056,151.00651,"Entire home/apt",4,2,2,"$132.00",2,45,6,20,1,4.45,"t",1.22
7672,"15/05/2016","N/A","f",1,"t","Warringah",-33.75789862,151.2772694,"Entire home/apt",4,NA,2,"",90,1125,0,10,0,4.8,"f",0.35
1378,"3/11/2013","within an hour","t",1,"t","Randwick",-33.90432,151.25058,"Entire home/apt",2,1,1,"$210.00",3,1125,4,97,0,4.96,"f",0.94
9776,"20/11/2015","within a day","t",1,"t","Warringah",-33.78146278,151.2851753,"Entire home/apt",2,1,1,"$251.00",2,365,27,34,0,5,"f",1.77
15743,"20/11/2018","within an hour","f",7,"t","Sydney",-33.86711856,151.2035913,"Entire home/apt",4,1,1,"$236.00",2,365,5,12,3,4.92,"f",2.57
8289,"16/04/2023","within an hour","t",4,"t","Mosman",-33.8267795,151.2511205,"Entire home/apt",5,1,3,"$330.00",3,150,8,94,2,4.94,"t",3.75
9568,"7/11/2019","within an hour","f",25,"t","Fairfield",-33.8979417,150.9362645,"Entire home/apt",6,1,1,"$112.00",2,90,25,13,0,4.54,"t",0.67
9585,"17/07/2015","within an hour","t",4,"t","Parramatta",-33.8076737,151.0187318,"Private room",1,1,1,"$90.00",1,365,0,58,0,4.81,"f",3.08
1989,"23/01/2014","within an hour","t",4,"t","Sydney",-33.88462,151.20023,"Entire home/apt",2,1,1,"$257.00",7,100,0,51,0,4.78,"t",0.56
14990,"1/04/2019","within an hour","t",5,"t","Waverley",-33.8988147,151.2626067,"Entire home/apt",4,1,2,"$269.00",3,365,5,22,4,5,"t",3.37
14572,"22/03/2015","within an hour","t",1,"t","Sydney",-33.86554,151.19402,"Private room",2,1,1,"$239.00",1,365,27,15,3,5,"f",2.65
17487,"20/06/2022","within a few hours","f",32,"t","Marrickville",-33.90406777,151.1780124,"Entire home/apt",4,1,2,"$226.00",7,365,0,0,0,NA,"f",NA
15059,"26/08/2016","within an hour","f",78,"t","Warringah",-33.78231,151.26809,"Entire home/apt",5,1,1,"$150.00",90,365,29,18,2,4.89,"t",3.16
16013,"26/08/2016","within an hour","f",78,"t","Warringah",-33.78262443,151.2680764,"Entire home/apt",4,1,1,"$150.00",90,365,0,5,0,4.8,"t",1.26
628,"22/07/2012","within an hour","",3,"t","Randwick",-33.9185,151.25385,"Entire home/apt",5,2,2,"$351.00",2,730,11,125,2,4.89,"f",1.13
17218,"11/06/2015","within a day","f",2,"f","Sydney",-33.89195,151.18367,"Entire home/apt",2,1,1,"$160.00",1,14,21,0,0,NA,"f",NA
6444,"26/08/2016","within an hour","f",78,"t","Ashfield",-33.89241,151.13355,"Entire home/apt",3,1,0,"$143.00",90,160,17,35,1,4.71,"t",1
14257,"1/01/2017","within an hour","t",1,"t","Botany Bay",-33.92384805,151.1841767,"Entire home/apt",5,1,1,"$202.00",1,60,17,26,2,4.88,"f",3.88
9325,"19/12/2014","within an hour","t",47,"t","Woollahra",-33.88369,151.24369,"Entire home/apt",8,3,4,"$2,000.00",5,365,29,0,0,NA,"f",NA
3081,"20/12/2018","N/A","f",1,"f","Botany Bay",-33.92224,151.18821,"Private room",2,1,1,"$90.00",90,100,29,0,0,NA,"t",NA
1840,"26/08/2016","N/A","f",8,"t","Manly",-33.79683,151.28586,"Entire home/apt",4,NA,2,"",90,180,16,8,0,4.63,"f",0.09
2898,"4/06/2014","within a day","f",0,"t","Mosman",-33.82867,151.2409,"Entire home/apt",8,NA,5,"",90,1125,0,0,0,NA,"f",NA
13344,"19/04/2018","within an hour","f",59,"t","Sydney",-33.87363731,151.1792721,"Entire home/apt",8,2,4,"$381.00",2,365,11,20,0,4.8,"t",2.4
15146,"13/01/2025","N/A","f",57,"t","Ryde",-33.81793,151.09509,"Entire home/apt",3,1,2,"$173.00",12,365,10,6,1,4.83,"f",1.07
248,"8/12/2012","within an hour","f",5,"t","Marrickville",-33.91407,151.15411,"Entire home/apt",5,1,2,"$132.00",3,180,18,269,0,4.4,"f",2
8028,"16/08/2011","within an hour","t",3,"t","Sydney",-33.89379,151.19921,"Entire home/apt",4,1,1,"$173.00",4,365,9,48,2,4.88,"f",1.71
2859,"16/12/2015","within a few hours","t",1,"t","Waverley",-33.88693,151.27693,"Entire home/apt",3,1,2,"$290.00",3,70,28,144,0,4.92,"f",1.71
1479,"4/08/2015","N/A","f",1,"t","Leichhardt",-33.86402,151.17529,"Private room",2,1,1,"$89.00",90,1125,28,2,0,5,"f",0.02
14691,"10/12/2014","within a few hours","f",1,"t","Willoughby",-33.81038,151.19051,"Entire home/apt",3,2,3,"$155.00",2,90,7,4,0,4.5,"f",1.88
7543,"5/07/2017","within a day","f",517,"t","Sydney",-33.87730197,151.2073913,"Entire home/apt",2,1,1,"$350.00",3,1125,27,0,0,NA,"f",NA
11044,"30/10/2018","within an hour","f",1,"t","Strathfield",-33.8627,151.08026,"Private room",2,1,1,"$120.00",1,365,24,43,1,4.42,"f",2.63
8654,"19/04/2018","within an hour","f",59,"t","North Sydney",-33.82951,151.21573,"Entire home/apt",6,2,3,"$436.00",2,365,24,14,0,4.57,"t",0.56
2909,"24/04/2012","within an hour","f",1,"f","Waverley",-33.88187,151.27635,"Entire home/apt",7,3.5,4,"$950.00",15,30,0,4,0,5,"f",0.05
4067,"12/09/2018","within an hour","f",14,"t","Manly",-33.78853,151.28475,"Entire home/apt",4,1,1,"$206.00",1,1125,11,68,0,4.43,"t",1.02
14732,"14/04/2016","N/A","f",1,"t","Sydney",-33.8744405,151.2044746,"Entire home/apt",2,NA,1,"",3,20,0,1,0,5,"f",0.18
5347,"19/10/2015","within an hour","t",2,"t","North Sydney",-33.8432,151.22407,"Entire home/apt",4,2,2,"$356.00",3,365,7,10,1,4.9,"f",0.28
14429,"26/08/2014","within a day","t",2,"t","Bankstown",-33.95095856,151.0217295,"Private room",2,NA,NA,"",1,14,0,10,0,4.7,"f",1.48
9521,"4/10/2016","within a day","f",1,"t","Strathfield",-33.86111,151.07912,"Entire home/apt",2,1.5,1,"$188.00",1,1125,26,7,0,4.29,"f",0.38
1842,"26/11/2013","within an hour","f",1,"t","Willoughby",-33.79387,151.17466,"Entire home/apt",2,NA,1,"",1,1124,0,44,1,4.84,"f",0.47
3815,"9/02/2019","N/A","f",1,"f","Bankstown",-33.91875,151.04597,"Private room",2,1,1,"$150.00",90,1125,28,17,0,4.53,"f",0.24
13768,"4/12/2015","within a day","f",1,"t","Rockdale",-33.95812,151.15408,"Entire home/apt",6,2,3,"$915.00",3,1125,29,0,0,NA,"f",NA
15042,"27/04/2019","within an hour","t",1,"t","Waverley",-33.8890031,151.2829597,"Entire home/apt",4,1,2,"$224.00",3,365,13,19,5,5,"f",4.67
2673,"27/07/2013","within an hour","f",1,"t","Warringah",-33.72598,151.29074,"Entire home/apt",2,1,1,"$190.00",90,1125,29,3,0,5,"f",0.04
17695,"12/05/2025","within an hour","f",3,"t","Leichhardt",-33.86326,151.1725,"Entire home/apt",2,1,1,"$117.00",2,365,0,0,0,NA,"t",NA
3674,"24/07/2019","N/A","f",912,"t","Warringah",-33.7481295,151.2391836,"Entire home/apt",6,1,4,"$376.00",3,365,13,28,0,4.39,"f",0.41
3369,"27/07/2011","within an hour","t",2,"t","Pittwater",-33.5929,151.30181,"Entire home/apt",6,1,2,"$497.00",2,1125,14,92,1,4.93,"f",1.32
8122,"15/10/2012","within an hour","",86,"t","Sydney",-33.86121,151.20282,"Entire home/apt",16,2,4,"$514.00",1,365,2,18,0,4.94,"f",0.69
16364,"24/07/2019","N/A","f",912,"t","Sydney",-33.8824831,151.2183559,"Entire home/apt",4,1,2,"$328.00",3,365,16,2,1,5,"t",0.88
2204,"22/11/2014","within an hour","t",23,"t","Sydney",-33.86903,151.20436,"Entire home/apt",7,2,3,"$680.00",1,1125,0,166,0,4.89,"t",1.72
4582,"21/02/2020","within an hour","t",4,"t","North Sydney",-33.84152,151.20853,"Private room",3,1,1,"$262.00",1,1125,29,29,0,4.9,"t",0.49
434,"14/04/2015","within an hour","t",1,"t","Sydney",-33.88252,151.21417,"Entire home/apt",6,2,2,"$257.00",4,730,6,98,2,4.82,"f",0.9
9777,"28/11/2022","within an hour","f",3,"t","The Hills Shire",-33.616409,150.9084415,"Entire home/apt",4,1,2,"$99.00",3,365,11,43,3,4.63,"f",2.18
16872,"29/03/2022","a few days or more","f",1,"f","Sydney",-33.86207232,151.2115472,"Entire home/apt",4,2,2,"$355.00",1,365,13,0,0,NA,"f",NA
4390,"5/06/2016","within an hour","t",1,"t","Marrickville",-33.89399,151.17381,"Entire home/apt",2,1,0,"$113.00",1,60,6,403,12,4.95,"f",6.63
18112,"29/03/2018","within an hour","t",10,"t","Burwood",-33.87799,151.10166,"Entire home/apt",4,2,2,"$352.00",3,365,16,0,0,NA,"t",NA
15168,"20/10/2016","within an hour","f",1,"t","Ryde",-33.81904037,151.0915186,"Entire home/apt",4,2,2,"$236.00",12,60,9,1,0,5,"t",0.4
9845,"12/12/2016","N/A","f",1,"f","Waverley",-33.90296,151.26358,"Entire home/apt",6,3.5,4,"$1,635.00",90,365,28,0,0,NA,"f",NA
3131,"27/11/2018","N/A","f",1,"t","Warringah",-33.74409,151.21198,"Entire home/apt",3,1,1,"$161.00",90,1125,29,16,0,4.75,"f",0.21
13242,"1/07/2024","within an hour","",14,"t","Waverley",-33.8836399,151.2766115,"Entire home/apt",5,1.5,2,"$327.00",1,365,17,4,0,5,"t",0.46
1722,"12/07/2015","within an hour","f",7,"t","Ku-Ring-Gai",-33.73321,151.12612,"Entire home/apt",6,2,2,"$166.00",2,1125,18,186,0,4.49,"f",1.96
2658,"4/06/2014","within a day","f",0,"t","Manly",-33.80334,151.28531,"Entire home/apt",4,1,2,"$402.00",7,365,0,0,0,NA,"f",NA
10406,"17/11/2023","within a few hours","f",40,"t","Sydney",-33.8835833,151.1973108,"Entire home/apt",2,NA,1,"",6,365,0,3,0,4,"f",0.59
13099,"4/06/2014","within a day","f",0,"t","Mosman",-33.80948,151.23807,"Entire home/apt",5,3,3,"$1,016.00",7,365,0,1,0,5,"f",0.18
8746,"4/06/2014","within a day","f",0,"t","Mosman",-33.82573,151.24349,"Entire home/apt",5,2,3,"$567.00",21,365,28,5,0,4.6,"f",0.23
7696,"27/10/2016","N/A","f",1,"t","Manly",-33.79183021,151.2813081,"Entire home/apt",12,4.5,6,"$2,500.00",90,365,29,2,0,5,"f",0.08
13671,"24/12/2016","within an hour","",14,"t","Randwick",-33.9174768,151.2512527,"Entire home/apt",2,NA,1,"",2,365,0,7,0,5,"t",1.18
763,"28/09/2012","within an hour","t",1,"t","Waverley",-33.9059,151.25761,"Entire home/apt",2,1.5,1,"$179.00",2,100,1,497,5,4.9,"t",3.54
9809,"7/03/2016","within an hour","t",2,"t","Sutherland Shire",-34.08166,151.15732,"Entire home/apt",8,3,4,"$777.00",2,365,25,7,0,4.86,"t",0.43
6605,"18/08/2022","within an hour","f",10,"t","Waverley",-33.89472,151.26096,"Entire home/apt",2,1,1,"$140.00",2,120,12,27,0,4.63,"f",0.82
7748,"26/12/2015","within a day","f",1,"t","Pittwater",-33.6182597,151.3335292,"Entire home/apt",8,2,3,"$900.00",3,60,11,7,0,4.57,"f",0.23
14241,"28/10/2024","within an hour","f",1,"t","Auburn",-33.8612155,151.0447128,"Private room",1,1,1,"$95.00",1,360,17,15,0,4.87,"f",2.18
6680,"5/07/2017","within a day","f",517,"t","Sydney",-33.87958,151.20709,"Entire home/apt",2,1,1,"$540.00",3,1125,27,1,0,5,"f",0.03
2695,"30/11/2015","within an hour","f",6,"t","Sydney",-33.89316,151.2048,"Entire home/apt",2,1,1,"$128.00",2,90,22,352,4,4.71,"t",4.23
6179,"22/09/2015","within a few hours","f",37,"t","Sydney",-33.89544,151.19754,"Entire home/apt",4,2,2,"$245.00",2,365,11,58,1,4.76,"f",1.58
17763,"4/06/2014","within a day","f",0,"t","Manly",-33.79407,151.28277,"Entire home/apt",4,1,2,"$387.00",1,365,28,0,0,NA,"f",NA
17227,"4/05/2025","within a few hours","f",1,"t","Sydney",-33.90056306,151.2086914,"Entire home/apt",2,1,1,"$171.00",2,14,27,0,0,NA,"f",NA
9637,"24/07/2015","within an hour","f",22,"t","Randwick",-33.91331,151.25525,"Private room",1,1.5,1,"$64.00",2,365,24,29,0,4.76,"f",1.39
8520,"21/09/2019","within an hour","f",11,"t","Burwood",-33.88241,151.10554,"Private room",3,NA,NA,"",180,180,0,30,0,4.97,"t",1.32
14027,"7/01/2016","within an hour","t",3,"t","Hurstville",-33.96678,151.1017,"Entire home/apt",6,2,2,"$163.00",2,365,14,23,2,4.83,"f",3.11
9874,"20/10/2023","N/A","f",1,"t","Mosman",-33.83235401,151.2436436,"Entire home/apt",4,NA,1,"",2,30,0,80,0,4.79,"f",4.1
12666,"24/11/2020","within an hour","f",4,"t","Mosman",-33.82661307,151.2493622,"Private room",2,2.5,1,"$77.00",3,30,11,14,2,4.64,"t",1.69
4845,"21/07/2020","a few days or more","f",6,"t","Ryde",-33.77762,151.12141,"Entire home/apt",4,2,2,"$150.00",90,90,29,1,0,4,"f",0.02
13506,"11/01/2020","within an hour","t",45,"t","Ryde",-33.7790962,151.1217697,"Entire home/apt",5,2,3,"$414.00",4,365,0,7,0,4.71,"f",0.89
308,"23/02/2015","within an hour","f",6,"t","City Of Kogarah",-33.9702336,151.1027981,"Private room",2,1,1,"$86.00",2,1125,8,164,1,4.63,"t",1.31
415,"4/04/2013","a few days or more","f",1,"t","North Sydney",-33.82662,151.22635,"Private room",4,1,2,"$85.00",90,1125,29,89,0,4.84,"f",0.63
4173,"28/12/2014","N/A","f",1,"t","Pittwater",-33.6288,151.3208,"Entire home/apt",4,NA,2,"",90,1125,28,141,0,4.99,"f",2.12
12754,"27/08/2015","within an hour","t",3,"t","North Sydney",-33.8203717,151.2086029,"Entire home/apt",6,2,3,"$261.00",7,365,5,5,0,4.6,"f",0.57
9881,"13/08/2018","within an hour","f",57,"t","Sydney",-33.87861372,151.204115,"Entire home/apt",5,2,2,"$248.00",1,365,13,74,2,4.59,"f",3.7
7207,"10/10/2016","N/A","f",1,"t","Waverley",-33.89305,151.26377,"Entire home/apt",2,NA,1,"",4,365,0,5,0,4.8,"f",0.17
13400,"30/12/2018","within a few hours","f",1,"f","Warringah",-33.7785024,151.2855295,"Entire home/apt",4,2,2,"$350.00",7,90,28,4,0,5,"f",0.71
6194,"5/05/2016","within an hour","f",26,"t","Marrickville",-33.90647,151.17989,"Entire home/apt",2,1,0,"$111.00",4,365,26,71,1,4.51,"t",2.06
944,"25/09/2015","N/A","f",1,"f","Warringah",-33.74355,151.29639,"Entire home/apt",10,4,5,"$2,315.00",90,1125,26,1,0,5,"f",0.02
6901,"23/04/2018","N/A","f",46,"t","North Sydney",-33.8447537,151.217772,"Entire home/apt",2,1,1,"$140.00",2,90,0,36,0,4.75,"f",1.11
11235,"31/10/2022","within an hour","f",1,"f","Sydney",-33.88829,151.19771,"Entire home/apt",3,1,1,"$168.00",1,365,0,33,1,4.76,"t",2.53
6552,"17/01/2016","within an hour","f",1,"t","Pittwater",-33.6526187,151.3087416,"Entire home/apt",8,2,4,"$855.00",2,60,0,9,0,4.78,"f",0.29
17177,"3/01/2017","within an hour","f",3,"t","Pittwater",-33.6303,151.33126,"Entire home/apt",8,3,4,"$720.00",4,30,0,0,0,NA,"t",NA
14135,"12/04/2019","within an hour","f",63,"t","Bankstown",-33.9412469,150.9781479,"Private room",2,1,1,"$62.00",1,89,18,9,1,4.22,"f",1.59
450,"1/05/2013","N/A","f",2,"t","Leichhardt",-33.86572,151.17114,"Private room",1,2,1,"$85.00",90,1125,29,3,0,4.67,"f",0.02
7939,"5/03/2020","within an hour","f",1,"t","North Sydney",-33.83514762,151.2181988,"Entire home/apt",3,1,2,"$180.00",7,31,28,17,0,4.82,"f",0.62
8987,"3/10/2022","N/A","f",14,"t","Sydney",-33.86128597,151.2034896,"Private room",2,1,1,"$800.00",90,365,29,0,0,NA,"f",NA
10872,"7/09/2023","within an hour","f",2,"t","Auburn",-33.8315464,151.0728463,"Entire home/apt",6,1,2,"$178.00",2,365,12,43,2,4.7,"f",2.61
15014,"22/05/2018","N/A","f",2,"t","Sydney",-33.87851296,151.1880565,"Private room",3,NA,NA,"",5,365,0,0,0,NA,"t",NA
12250,"9/06/2024","N/A","f",1,"t","Rockdale",-33.9296228,151.1499443,"Private room",2,1,1,"$280.00",90,90,28,0,0,NA,"f",NA
5359,"19/11/2017","N/A","f",2,"t","Sydney",-33.89246,151.19851,"Entire home/apt",2,1,1,"$183.00",200,365,29,0,0,NA,"f",NA
16599,"12/03/2025","within an hour","f",1,"t","Waverley",-33.86414,151.28284,"Entire home/apt",4,1,3,"$700.00",5,365,26,0,0,NA,"f",NA
7926,"13/11/2016","within a day","f",1,"t","Sutherland Shire",-34.04113,151.15985,"Entire home/apt",5,1,1,"$189.00",90,365,0,40,0,4.75,"f",1.4
6452,"14/06/2013","within an hour","f",1,"t","Leichhardt",-33.88368439,151.1510075,"Entire home/apt",2,1,1,"$245.00",2,365,29,25,0,4.4,"f",0.73
15153,"23/03/2019","within an hour","t",17,"t","Sydney",-33.86769369,151.2243351,"Entire home/apt",2,1,1,"$138.00",1,10,9,36,4,4.75,"f",6.03
77,"9/11/2011","within a few hours","f",1,"t","Waverley",-33.88506,151.27811,"Entire home/apt",6,NA,3,"",4,60,0,15,0,4.62,"f",0.09
16672,"25/11/2015","within an hour","f",1,"t","Sutherland Shire",-34.01454277,151.0795856,"Private room",2,1,1,"$62.00",2,21,27,3,0,5,"f",1.25
8212,"6/04/2022","within an hour","f",7,"t","Sydney",-33.87467,151.21357,"Private room",1,1,1,"$198.00",1,365,17,31,0,4.74,"t",1.17
10215,"2/11/2015","within an hour","f",7,"t","Sydney",-33.90066,151.20447,"Entire home/apt",6,2.5,3,"$344.00",2,365,0,16,4,4.44,"f",0.85
5573,"29/05/2016","within an hour","f",1,"t","Waverley",-33.88715,151.27814,"Entire home/apt",2,1,1,"$300.00",2,20,28,7,0,5,"f",0.36
13639,"29/08/2024","N/A","f",39,"t","Sydney",-33.86885,151.20167,"Entire home/apt",4,2,2,"$346.00",5,1125,9,6,0,4.17,"t",0.82
99,"24/07/2013","within an hour","f",1,"t","Leichhardt",-33.86420822,151.1699829,"Entire home/apt",5,1,3,"$158.00",3,50,7,6,1,4.67,"f",0.06
13448,"2/12/2016","within an hour","f",1,"t","Ku-Ring-Gai",-33.7293803,151.12299,"Private room",1,1,1,"$122.00",1,365,28,3,0,4.67,"f",0.4
10672,"1/10/2015","within an hour","t",6,"t","Botany Bay",-33.95038,151.22917,"Entire home/apt",5,2,3,"$178.00",1,365,5,7,0,4.71,"f",0.47
9204,"5/09/2011","N/A","f",1,"t","Warringah",-33.7049329,151.3009051,"Entire home/apt",3,1,1,"$390.00",5,365,28,0,0,NA,"f",NA
13698,"3/10/2024","within a few hours","f",3,"t","Sydney",-33.86853201,151.2034007,"Private room",2,1,1,"$129.00",28,365,28,1,0,3,"f",0.34
4820,"6/11/2016","within an hour","f",35,"t","Rockdale",-33.94397,151.13059,"Entire home/apt",7,1,3,"$255.00",2,365,29,2,0,5,"f",1.03
6224,"13/01/2025","N/A","f",57,"t","Auburn",-33.85173,151.06118,"Entire home/apt",5,2,2,"$142.00",1,365,16,71,1,4.79,"f",1.87
6125,"31/07/2016","within an hour","f",1,"t","Waverley",-33.89635115,151.2515431,"Entire home/apt",2,1,1,"$124.00",3,730,0,11,0,4.36,"f",0.41
42,"15/12/2013","within a few hours","f",3,"t","Leichhardt",-33.88442,151.16778,"Private room",2,1,1,"$66.00",2,90,7,45,1,4.96,"f",0.32
3074,"12/07/2016","N/A","f",1,"f","Pittwater",-33.6261,151.34014,"Entire home/apt",16,3,5,"$2,200.00",90,1125,22,0,0,NA,"t",NA
12374,"24/07/2019","N/A","f",912,"t","Canada Bay",-33.8499038,151.1148707,"Entire home/apt",6,2,3,"$394.00",3,365,26,7,0,3.71,"f",0.61
2125,"7/12/2016","within an hour","f",6,"t","Sydney",-33.8591,151.20395,"Entire home/apt",5,1,2,"$248.00",3,30,17,279,1,4.65,"f",3.11
3998,"5/12/2011","within a day","f",4,"t","North Sydney",-33.84321,151.21236,"Private room",1,0.5,1,"$138.00",90,90,0,0,0,NA,"f",NA
3525,"5/11/2017","within an hour","",7,"t","Warringah",-33.77572,151.29058,"Entire home/apt",5,NA,2,"",3,59,0,7,0,4.86,"t",0.1
12345,"24/10/2011","within an hour","t",75,"t","Manly",-33.7986779,151.284139,"Entire home/apt",2,1,1,"$200.00",3,365,13,22,2,4.73,"t",1.89
12865,"13/08/2019","within an hour","",37,"t","Waverley",-33.8892579,151.2799035,"Entire home/apt",2,1,1,"$188.00",2,60,26,6,1,4.83,"t",0.58
6968,"31/03/2018","N/A","f",1,"t","Warringah",-33.7716509,151.2917479,"Entire home/apt",8,NA,4,"",5,40,0,6,0,4.83,"f",0.2
11107,"22/09/2014","within an hour","t",1,"t","Waverley",-33.896749,151.2736627,"Entire home/apt",4,1,2,"$291.00",2,90,15,35,0,4.89,"f",2.16
5917,"2/09/2014","N/A","f",1,"t","Waverley",-33.90471,151.25781,"Entire home/apt",6,2.5,4,"$874.00",90,365,0,7,0,5,"f",0.18
1821,"18/01/2016","within a few hours","t",1,"t","Waverley",-33.89031,151.27338,"Entire home/apt",2,1,1,"$212.00",6,180,28,92,0,4.77,"f",0.98
10281,"26/11/2023","within an hour","t",43,"t","Sydney",-33.8608572,151.2031712,"Entire home/apt",6,1,2,"$204.00",1,365,6,46,2,4.76,"t",2.44
6653,"26/04/2010","within an hour","f",51,"t","Woollahra",-33.87267617,151.2605455,"Entire home/apt",4,NA,2,"",4,365,0,18,0,4.72,"f",0.61
5854,"20/05/2015","within an hour","f",11,"t","Leichhardt",-33.88657,151.17088,"Private room",2,1,1,"$89.00",3,365,0,58,1,4.69,"t",1.43
7262,"11/12/2014","within a day","f",72,"t","Pittwater",-33.5996326,151.3189047,"Entire home/apt",4,1.5,2,"$404.00",2,1125,29,6,0,4.67,"t",0.21
12795,"29/11/2020","within an hour","f",10,"t","Auburn",-33.8260868,151.0788939,"Entire home/apt",2,1,1,"$180.00",2,365,27,0,0,NA,"f",NA
8393,"31/05/2021","within a few hours","f",6,"t","Pittwater",-33.60432,151.32376,"Entire home/apt",4,1,1,"$439.00",2,5,16,0,0,NA,"f",NA
9898,"14/06/2014","within a few hours","f",1,"t","Sydney",-33.89796985,151.2255783,"Entire home/apt",12,3.5,6,"$3,015.00",3,99,27,1,0,5,"f",0.17
7950,"19/01/2022","within an hour","t",42,"t","Hornsby",-33.71532808,151.1094839,"Entire home/apt",5,1,2,"$179.00",3,365,13,21,3,4.62,"t",0.74
4494,"10/07/2013","within an hour","f",244,"t","Waverley",-33.89695,151.26921,"Entire home/apt",4,2,2,"$458.00",1,1125,23,34,0,4.74,"t",0.66
12632,"26/08/2016","within an hour","f",78,"t","Warringah",-33.784234,151.2682987,"Entire home/apt",6,2,2,"$206.00",90,365,10,23,1,4.17,"t",2.19
13326,"11/12/2014","within a day","f",72,"t","Pittwater",-33.6362715,151.3066903,"Entire home/apt",6,NA,3,"",2,1125,0,0,0,NA,"f",NA
11810,"21/01/2024","within an hour","t",31,"t","Sydney",-33.8793,151.19038,"Entire home/apt",6,2.5,3,"$229.00",1,365,18,65,4,4.77,"f",4.52
9736,"29/11/2016","within an hour","t",5,"t","Hurstville",-33.97216712,151.0686826,"Private room",5,1,1,"$99.00",1,1125,18,133,7,4.88,"f",6.44
7853,"22/12/2016","within an hour","f",120,"t","North Sydney",-33.8361614,151.2049396,"Entire home/apt",2,1,1,"$230.00",4,365,1,3,0,5,"f",0.19
15943,"12/04/2017","within an hour","f",14,"t","Sydney",-33.8825769,151.1959472,"Private room",5,1,1,"$268.00",1,90,16,0,0,NA,"t",NA
14636,"25/11/2024","a few days or more","t",1,"t","Waverley",-33.89023,151.27706,"Entire home/apt",2,1,1,"$315.00",2,365,0,11,0,5,"f",1.98
1038,"15/05/2015","N/A","f",1,"t","North Sydney",-33.83812,151.22796,"Entire home/apt",6,2,3,"$760.00",90,90,22,0,0,NA,"f",NA
1266,"21/08/2016","within an hour","t",7,"t","Hornsby",-33.6912,151.09722,"Private room",1,3,1,"$56.00",7,365,1,17,0,4.88,"f",0.2
9355,"12/12/2020","within an hour","f",16,"t","Blacktown",-33.76561,150.87435,"Private room",3,1,1,"$69.00",1,365,11,11,1,4.45,"f",0.53
5214,"27/05/2013","N/A","f",1,"t","Randwick",-33.96172,151.22914,"Entire home/apt",5,1,3,"$367.00",90,365,22,2,0,5,"f",0.1
11719,"24/10/2016","within an hour","f",72,"t","Waverley",-33.8833378,151.2704843,"Entire home/apt",4,2,2,"$340.00",2,45,1,22,0,4.68,"f",1.58
17332,"15/09/2022","within a day","f",1,"t","Leichhardt",-33.86141,151.17045,"Entire home/apt",6,1.5,2,"$212.00",2,365,26,1,1,5,"f",1
12880,"20/05/2024","within a day","t",1,"t","Pittwater",-33.65439107,151.2833814,"Private room",2,1,1,"$72.00",2,120,0,12,0,4.92,"f",1.15
18041,"12/04/2019","within an hour","f",63,"t","Liverpool",-33.916413,150.9168358,"Private room",2,1,1,"$50.00",1,89,26,0,0,NA,"f",NA
3675,"17/02/2017","N/A","f",2,"t","Warringah",-33.72208,151.29616,"Private room",2,1,1,"$64.00",90,1125,29,6,0,4.83,"t",0.09
4652,"24/10/2016","within an hour","f",72,"t","North Sydney",-33.8486007,151.2054247,"Entire home/apt",4,1,2,"$277.00",2,180,11,122,2,4.84,"t",2.44
5448,"22/06/2016","N/A","f",1,"t","Sutherland Shire",-34.0453,151.113,"Entire home/apt",8,2.5,5,"$800.00",3,14,29,5,0,4.8,"f",0.12
8141,"9/01/2018","within an hour","t",2,"t","Liverpool",-33.91502,150.92835,"Private room",2,1,1,"$76.00",1,10,0,47,0,4.96,"f",1.8
10598,"1/12/2023","within an hour","f",2,"t","Auburn",-33.82563356,151.0803291,"Entire home/apt",2,1,1,"$118.00",1,365,5,16,4,4.56,"f",0.87
7232,"17/07/2017","within an hour","f",1,"t","Pittwater",-33.68824,151.28824,"Entire home/apt",8,2.5,4,"$650.00",4,365,26,14,0,4.86,"f",0.49
14895,"12/10/2011","within an hour","t",2,"t","Marrickville",-33.88974,151.15988,"Private room",2,NA,NA,"",3,28,0,18,1,4.89,"t",2.71
14253,"20/12/2018","within an hour","t",1,"f","Bankstown",-33.904237,151.0361512,"Entire home/apt",5,1,3,"$206.00",1,60,14,29,5,4.83,"f",4.75
16128,"26/06/2023","within an hour","f",7,"t","Liverpool",-33.94855,150.79991,"Entire home/apt",10,2.5,4,"$195.00",2,365,20,10,2,4.8,"f",3.23
6442,"17/12/2014","within a day","t",3,"t","Manly",-33.79155,151.28064,"Entire home/apt",12,3,5,"$1,900.00",10,1125,22,2,0,5,"f",0.07
14871,"20/09/2016","within an hour","t",6,"t","Campbelltown",-33.9772073,150.8602418,"Private room",2,1,1,"$115.00",1,365,29,4,0,5,"t",0.7
8143,"14/12/2020","a few days or more","f",1,"t","Sydney",-33.87883382,151.2209407,"Entire home/apt",2,1,1,"$257.00",1,365,28,18,0,4.83,"f",0.72
4849,"13/01/2018","N/A","t",2,"t","Pittwater",-33.65138,151.31842,"Entire home/apt",2,NA,1,"",90,1125,0,191,0,4.93,"f",3.9
15583,"5/01/2023","within an hour","f",50,"t","Holroyd",-33.8270491,151.0001973,"Private room",1,1,1,"$45.00",1,89,25,3,0,4.33,"f",0.74
13224,"27/06/2017","within an hour","f",46,"t","Waverley",-33.8807444,151.2832981,"Entire home/apt",6,2,3,"$993.00",2,45,24,14,1,4.57,"t",1.74
1795,"26/08/2016","N/A","f",8,"t","Manly",-33.79683,151.28586,"Entire home/apt",4,1,2,"$145.00",90,365,29,32,0,4.53,"f",0.34
12924,"25/08/2015","within an hour","t",2,"t","Botany Bay",-33.92378,151.18965,"Entire home/apt",4,1,2,"$178.00",2,180,17,20,2,4.75,"t",1.98
935,"29/06/2014","within an hour","f",1,"t","Canada Bay",-33.84385,151.15016,"Private room",2,1,1,"$135.00",1,730,16,128,1,4.88,"t",1.09
1246,"7/05/2015","within an hour","t",2,"t","Sydney",-33.88931,151.22868,"Private room",1,1,1,"$85.00",2,1125,1,94,0,4.8,"f",0.85
13499,"20/02/2018","within an hour","f",55,"t","Sydney",-33.88813,151.21551,"Entire home/apt",6,2.5,3,"$1,247.00",1,365,0,2,0,5,"f",0.59
14261,"4/04/2023","within an hour","f",23,"t","Rockdale",-33.93316212,151.14049,"Entire home/apt",7,1,3,"$176.00",1,365,15,17,3,4.71,"f",2.73
15460,"12/12/2015","within an hour","f",13,"t","Strathfield",-33.86458,151.0768,"Entire home/apt",4,2,2,"$128.00",3,365,16,15,0,4.67,"t",3.24
15086,"10/03/2014","N/A","f",1,"t","Warringah",-33.78419,151.27145,"Private room",3,1,1,"$190.00",1,3,0,6,0,4.83,"f",1.03
16131,"26/06/2024","within an hour","",9,"t","Ryde",-33.7893,151.12534,"Entire home/apt",4,2,2,"$478.00",3,365,20,4,0,4.75,"t",1.54
1716,"11/12/2014","within a day","f",72,"t","Pittwater",-33.59846605,151.3196198,"Entire home/apt",6,2,2,"$423.00",2,1125,20,36,0,4.67,"t",0.38
1008,"12/10/2015","within a day","f",1,"t","Pittwater",-33.64589,151.31776,"Entire home/apt",4,2,3,"$302.00",90,1125,22,4,0,4.75,"f",0.04
16463,"23/03/2019","within a few hours","f",3,"t","Blacktown",-33.737613,150.860211,"Private room",2,1,1,"$54.00",1,365,25,4,1,5,"f",1.29
6188,"30/05/2017","within an hour","t",3,"t","Sydney",-33.87241,151.20989,"Private room",2,1,1,"$127.00",1,365,0,58,3,4.83,"t",1.53
6510,"24/07/2012","within a few hours","t",126,"t","Waverley",-33.89094694,151.2741384,"Entire home/apt",6,3,3,"$905.00",1,1125,13,4,0,4.5,"f",0.19
10216,"25/12/2018","N/A","f",1,"t","Botany Bay",-33.9405,151.21189,"Entire home/apt",4,2,2,"$315.00",3,90,28,0,0,NA,"f",NA
12349,"9/03/2013","within an hour","",5,"t","Sydney",-33.88047337,151.2115611,"Private room",2,1,1,"$71.00",1,10,2,8,5,4.75,"t",5.33
5931,"10/07/2013","within an hour","f",244,"t","Woollahra",-33.86759803,151.2390081,"Entire home/apt",5,2,3,"$931.00",1,1125,8,7,0,5,"t",0.2
9581,"1/03/2017","N/A","f",1,"t","Waverley",-33.89084382,151.2618308,"Private room",2,NA,NA,"",2,365,0,6,0,4.67,"f",0.29
13225,"4/01/2016","within a day","f",1,"t","Randwick",-33.9182964,151.2501728,"Entire home/apt",4,NA,2,"",200,365,0,2,0,5,"f",0.3
13200,"15/12/2013","within an hour","t",1,"t","Sydney",-33.88539747,151.1782178,"Private room",3,1,1,"$113.00",4,90,23,19,1,5,"f",1.91
472,"30/04/2015","N/A","f",1,"t","North Sydney",-33.82847,151.22394,"Private room",3,1,2,"$141.00",90,1125,29,42,0,4.86,"f",0.35
5135,"24/11/2020","within an hour","f",1,"t","Campbelltown",-34.07542,150.79337,"Entire home/apt",4,2,2,"$180.00",1,730,14,14,3,4.43,"f",0.25
7465,"25/11/2014","N/A","f",3,"t","Sydney",-33.884062,151.211449,"Entire home/apt",2,NA,1,"",90,138,0,5,0,4.6,"f",0.18
1689,"12/03/2012","within an hour","t",1,"t","Waverley",-33.8891,151.27029,"Entire home/apt",2,1,1,"$160.00",2,1124,10,201,4,4.88,"f",2.01
18171,"9/08/2022","within a few hours","f",40,"t","Ku-Ring-Gai",-33.78625,151.17874,"Entire home/apt",6,2,2,"$205.00",1,365,29,0,0,NA,"f",NA
1025,"29/01/2013","N/A","f",1,"t","Waverley",-33.89796,151.26947,"Entire home/apt",2,1,1,"$234.00",90,1125,29,0,0,NA,"f",NA
12020,"14/03/2018","within an hour","f",44,"t","Marrickville",-33.91291,151.17538,"Entire home/apt",6,1,3,"$294.00",2,365,15,5,0,5,"f",0.39
2879,"29/07/2015","within an hour","t",1,"t","Marrickville",-33.8982832,151.1745202,"Entire home/apt",2,1,1,"$156.00",21,70,8,71,1,4.87,"f",0.88
17029,"23/11/2015","within an hour","t",12,"t","The Hills Shire",-33.73799995,150.9629297,"Private room",5,1,2,"$133.00",2,92,12,0,0,NA,"t",NA
1871,"13/05/2014","within an hour","f",55,"t","Sydney",-33.87011,151.20531,"Entire home/apt",2,1,1,"$227.00",90,1125,28,10,0,4.9,"f",0.11
7875,"22/05/2018","N/A","f",2,"t","Sydney",-33.87807749,151.1981408,"Private room",2,NA,NA,"",2,1125,0,15,0,5,"f",0.51
15947,"12/04/2017","within an hour","f",14,"t","Sydney",-33.8825769,151.1959472,"Private room",3,1,1,"$255.00",1,90,25,0,0,NA,"t",NA
5753,"31/10/2016","N/A","f",1,"t","Canterbury",-33.90578054,151.103946,"Entire home/apt",5,NA,2,"",3,90,0,1,0,5,"f",0.03
1418,"24/02/2015","within an hour","f",7,"t","Sydney",-33.87468719,151.2229919,"Entire home/apt",2,1,1,"$158.00",4,1124,17,254,1,4.69,"t",2.46
17463,"9/09/2014","within an hour","f",28,"t","Sydney",-33.87204,151.22521,"Entire home/apt",2,NA,1,"",2,1125,0,2,1,5,"t",1.67
2488,"30/07/2013","N/A","f",1,"t","Randwick",-33.95925,151.23218,"Private room",2,1,1,"$63.00",90,1125,29,0,0,NA,"t",NA
7940,"24/09/2019","N/A","f",2,"t","Canterbury",-33.9035738,151.1029346,"Private room",1,1,1,"$77.00",2,1125,28,12,0,4.83,"f",0.43
6545,"5/09/2011","within an hour","t",2,"t","Manly",-33.79819021,151.2822589,"Entire home/apt",7,2,3,"$900.00",3,730,9,39,0,4.97,"t",1.18
811,"19/11/2013","within an hour","f",2,"t","Sydney",-33.90001,151.18946,"Private room",2,1,1,"$106.00",2,730,0,89,0,4.76,"f",0.64
1704,"22/11/2015","within a day","f",1,"t","Randwick",-33.93962,151.2406,"Entire home/apt",4,2,2,"$175.00",8,1125,1,26,0,4.77,"f",0.28
5815,"26/08/2016","within an hour","f",78,"t","Ashfield",-33.89152,151.13348,"Entire home/apt",3,NA,NA,"",90,365,0,8,0,4.88,"f",0.21
10440,"25/05/2020","N/A","f",15,"t","Manly",-33.7917979,151.2829556,"Entire home/apt",4,1,2,"$231.00",2,90,0,19,0,4.58,"t",1.09
2475,"28/03/2018","within an hour","t",1,"t","Sutherland Shire",-34.08341,151.14582,"Entire home/apt",13,3.5,5,"$780.00",2,21,28,61,0,4.84,"f",0.73
15073,"23/03/2019","within an hour","t",17,"t","Leichhardt",-33.88152314,151.1701807,"Entire home/apt",2,1,0,"$100.00",1,14,7,34,4,4.62,"t",5.28
11382,"16/02/2024","within a day","f",1,"t","Sydney",-33.88918,151.20818,"Entire home/apt",4,NA,1,"",3,10,27,1,0,5,"f",0.19
2997,"5/05/2017","N/A","f",3,"t","Parramatta",-33.84252,150.99795,"Private room",1,1,1,"$114.00",90,1125,28,0,0,NA,"t",NA
14737,"14/07/2015","within an hour","f",32,"t","Waverley",-33.8870935,151.2750842,"Entire home/apt",2,1,1,"$158.00",1,365,20,6,2,4.67,"t",0.89
9965,"1/11/2023","within an hour","t",1,"t","Sutherland Shire",-34.0643341,151.1510385,"Entire home/apt",2,1,2,"$281.00",2,14,23,37,0,5,"f",1.9
4246,"20/04/2020","within an hour","f",2,"t","Sydney",-33.88038,151.19862,"Private room",5,1,0,"$250.00",1,1125,21,19,0,4.68,"f",0.31
9418,"2/07/2023","within a day","f",3,"t","Mosman",-33.81635871,151.2351322,"Entire home/apt",10,4,5,"$2,090.00",5,60,13,1,0,5,"f",0.18
4746,"3/03/2014","a few days or more","f",1,"t","Sydney",-33.88413,151.1796,"Private room",1,1,1,"$76.00",90,200,17,3,0,5,"f",0.08
2185,"2/10/2013","within an hour","t",4,"t","Sydney",-33.877213,151.224915,"Entire home/apt",2,1,1,"$146.00",5,60,9,189,1,4.85,"f",2.07
2436,"13/05/2014","within an hour","f",55,"t","Sydney",-33.8817,151.20233,"Entire home/apt",3,1,1,"$229.00",90,1124,28,8,0,4.63,"f",0.09
5419,"10/06/2021","N/A","f",1,"t","Auburn",-33.84752,151.07422,"Entire home/apt",2,NA,1,"",90,1125,29,0,0,NA,"f",NA
2195,"25/01/2018","N/A","f",3,"t","Lane Cove",-33.82769,151.14706,"Private room",2,1,1,"$100.00",1,1125,0,1,0,4,"t",0.01
11713,"6/06/2018","within an hour","",79,"t","Canterbury",-33.91546415,151.0987628,"Entire home/apt",7,2,2,"$161.00",5,365,7,13,1,4.92,"t",0.92
14889,"29/01/2016","N/A","f",15,"t","Sydney",-33.88508,151.1804,"Entire home/apt",2,NA,1,"",5,365,26,1,0,2,"f",0.23
6171,"7/04/2014","N/A","f",1,"t","Manly",-33.79216,151.26774,"Entire home/apt",4,1,2,"$300.00",90,365,26,1,0,5,"f",0.05
296,"8/08/2014","within a few hours","f",5,"t","Randwick",-33.92047119,151.2522888,"Entire home/apt",4,1,2,"$490.00",2,90,0,9,0,5,"f",0.07
3263,"20/01/2019","within an hour","t",5,"t","Randwick",-33.91872,151.242,"Hotel room",2,1,0,"$197.00",1,1125,18,47,0,4.6,"t",0.61
15781,"28/05/2018","within an hour","f",12,"t","Sydney",-33.8792112,151.2095423,"Private room",2,1,1,"$214.00",1,90,28,0,0,NA,"t",NA
16365,"3/01/2017","within an hour","t",37,"t","Sydney",-33.88037,151.20863,"Entire home/apt",3,1,1,"$127.00",1,365,9,7,3,5,"t",2.56
7826,"17/01/2023","within an hour","t",1,"t","Hornsby",-33.71734,151.06455,"Entire home/apt",4,1,2,"$124.00",1,730,8,153,2,4.81,"t",5.25
8941,"11/01/2018","within an hour","t",3,"t","Marrickville",-33.91160465,151.1595039,"Entire home/apt",2,1,1,"$143.00",2,25,24,51,1,4.84,"f",2.19
13825,"12/04/2019","within an hour","f",63,"t","Canada Bay",-33.8664224,151.0916837,"Entire home/apt",6,2,2,"$158.00",4,365,18,6,0,3.5,"f",0.8
4851,"11/05/2014","N/A","f",1,"t","Waverley",-33.89019,151.27382,"Entire home/apt",2,1,1,"$396.00",90,1125,29,0,0,NA,"f",NA
1933,"2/02/2016","within an hour","t",5,"t","Ku-Ring-Gai",-33.73428,151.15111,"Entire home/apt",3,1,0,"$176.00",2,730,16,157,0,4.83,"f",1.74
15651,"18/12/2019","within an hour","t",25,"t","North Sydney",-33.8506309,151.2167909,"Entire home/apt",6,1,2,"$152.00",1,365,12,14,2,4.86,"f",3.18
16434,"7/08/2013","N/A","f",1,"t","Warringah",-33.7549103,151.2859348,"Entire home/apt",4,1,1,"$65.00",3,20,28,0,0,NA,"f",NA
11500,"2/09/2017","within an hour","t",1,"f","Warringah",-33.7098712,151.3014035,"Entire home/apt",2,1,1,"$270.00",2,182,0,16,1,5,"f",1.07
1033,"25/02/2015","within an hour","f",1,"t","Woollahra",-33.88434,151.22507,"Entire home/apt",2,1,1,"$259.00",2,90,15,252,0,4.61,"f",2.15
11945,"25/08/2019","within an hour","f",169,"t","Ku-Ring-Gai",-33.74453,151.13211,"Private room",1,2,1,"$35.00",90,365,27,6,0,3.33,"f",0.45
6339,"31/08/2016","within an hour","",45,"t","North Sydney",-33.82241,151.20159,"Entire home/apt",4,2,2,"$889.00",2,365,29,5,0,5,"f",0.14
2635,"11/02/2015","within an hour","f",1,"t","Sydney",-33.87729,151.21329,"Private room",2,1,1,"$133.00",3,1125,21,26,1,4.96,"f",0.3
15056,"5/12/2024","within an hour","f",22,"t","Rockdale",-33.93053008,151.1498286,"Entire home/apt",4,NA,2,"",7,365,0,0,0,NA,"f",NA
16555,"29/04/2024","N/A","f",18,"t","Leichhardt",-33.85212,151.17769,"Entire home/apt",2,NA,1,"",2,365,0,0,0,NA,"f",NA
1524,"17/01/2017","within an hour","f",3,"t","Sydney",-33.91873,151.19701,"Private room",2,2,2,"$152.00",3,1125,26,19,0,4.89,"f",0.19
14059,"6/10/2019","within an hour","t",2,"t","Liverpool",-33.9466,150.88854,"Entire home/apt",4,1,2,"$129.00",1,365,24,22,2,4.86,"f",2.89
2919,"12/12/2016","N/A","f",1,"f","Blacktown",-33.71199,150.90123,"Private room",2,1,3,"$77.00",90,1125,29,0,0,NA,"f",NA
9991,"19/10/2023","N/A","f",1,"t","Waverley",-33.89311,151.24788,"Private room",2,1,1,"$507.00",1,30,29,1,0,4,"f",0.18
6445,"26/08/2016","within an hour","f",78,"t","Ashfield",-33.89236,151.13353,"Entire home/apt",3,1,0,"$143.00",90,180,6,119,2,4.85,"t",3.01
10923,"21/11/2018","within an hour","f",51,"t","Sydney",-33.88732,151.19926,"Entire home/apt",2,1,1,"$170.00",5,365,12,2,0,4,"t",0.16
4217,"23/04/2018","N/A","f",46,"t","Sydney",-33.87186,151.19533,"Entire home/apt",4,1,1,"$166.00",2,90,17,85,2,4.35,"f",1.36
16118,"20/09/2022","within an hour","f",39,"t","City Of Kogarah",-33.96938,151.09785,"Entire home/apt",5,2,2,"$194.00",3,365,10,3,0,5,"t",0.99
1495,"2/05/2016","N/A","f",2,"t","Sydney",-33.86949,151.20992,"Entire home/apt",6,3,3,"$680.00",90,1125,29,0,0,NA,"f",NA
1203,"22/05/2016","N/A","f",1,"t","North Sydney",-33.82323,151.20401,"Private room",2,1,1,"$100.00",90,1125,27,162,0,4.82,"f",1.52
15980,"26/08/2016","within an hour","f",78,"t","Warringah",-33.78403,151.26606,"Entire home/apt",4,1,1,"$150.00",90,365,19,7,1,4.57,"t",1.57
17322,"19/04/2018","within an hour","f",59,"t","Botany Bay",-33.9317244,151.1915764,"Entire home/apt",4,2,2,"$194.00",2,365,24,3,1,4.67,"t",1.55
9162,"11/08/2015","within an hour","f",34,"t","Sydney",-33.88642082,151.2287436,"Entire home/apt",2,1,1,"$162.00",2,365,24,51,0,4.75,"f",2.34
17512,"22/12/2024","within an hour","f",3,"t","Ryde",-33.7945,151.13533,"Entire home/apt",2,1,1,"$176.00",2,90,0,0,0,NA,"t",NA
18060,"8/11/2016","within an hour","f",3,"t","Sydney",-33.89690428,151.1985965,"Private room",3,1,1,"$106.00",1,1125,9,0,0,NA,"t",NA
343,"25/11/2014","within an hour","",38,"t","Pittwater",-33.64161,151.33109,"Entire home/apt",2,1,0,"$198.00",2,1125,0,141,0,4.82,"t",1.19
7075,"25/10/2018","within an hour","f",5,"t","Ku-Ring-Gai",-33.7692886,151.1546571,"Entire home/apt",6,3,3,"$227.00",1,365,21,48,0,4.56,"t",1.5
6731,"22/11/2016","N/A","f",3,"t","Ryde",-33.77973,151.13384,"Entire home/apt",4,2,3,"$251.00",14,365,29,1,0,5,"f",0.03
14637,"25/08/2019","within an hour","f",169,"t","Botany Bay",-33.956705,151.2049737,"Private room",2,1,1,"$81.00",1,89,0,5,0,3.2,"f",0.86
4649,"10/08/2020","N/A","f",1,"t","Sydney",-33.87576,151.22264,"Entire home/apt",4,NA,2,"",120,1125,0,2,0,5,"f",0.04
13162,"25/07/2024","within an hour","f",1,"t","Canada Bay",-33.872873,151.126224,"Entire home/apt",7,2,3,"$283.00",1,365,9,13,0,4.38,"t",1.42
5916,"1/02/2022","within an hour","t",1,"t","Ryde",-33.77479,151.12752,"Entire home/apt",2,1,1,"$103.00",2,1125,6,92,1,4.98,"f",2.29
2134,"17/04/2017","within an hour","f",3,"t","Botany Bay",-33.93189,151.20042,"Private room",1,1.5,1,"$80.00",90,1125,22,95,0,4.49,"f",1.06
1065,"29/12/2013","within a day","f",1,"t","Randwick",-33.94623,151.23199,"Entire home/apt",2,2,1,"$160.00",2,5,17,2,0,4.5,"f",0.42
8768,"30/10/2018","N/A","f",3,"t","Rockdale",-33.98409,151.14127,"Entire home/apt",4,NA,2,"",2,1125,0,24,0,4.5,"t",1.01
12336,"23/12/2020","within an hour","f",44,"t","Sydney",-33.86851715,151.1926895,"Private room",2,1,1,"$98.00",7,365,28,4,0,4.5,"f",0.44
6962,"26/07/2015","within a few hours","t",2,"t","Hornsby",-33.60371,151.05038,"Entire home/apt",3,1,2,"$271.00",1,365,28,15,0,4.67,"f",0.5
2691,"6/07/2018","within an hour","f",3,"t","Sydney",-33.88579,151.2017,"Hotel room",2,1,1,"$185.00",1,1125,24,128,0,4.59,"t",1.57
15224,"16/12/2024","within an hour","f",27,"t","Auburn",-33.82482867,151.0819583,"Entire home/apt",4,NA,2,"",2,365,27,0,0,NA,"f",NA
4766,"23/05/2012","within a few hours","t",117,"t","Randwick",-33.917793,151.257706,"Entire home/apt",2,1,1,"$213.00",5,1125,22,25,0,4.84,"f",0.51
9378,"21/12/2017","N/A","f",1,"t","Warringah",-33.7760306,151.2801069,"Entire home/apt",2,1,1,"$279.00",2,14,27,5,0,5,"f",0.25
9938,"30/05/2012","within a few hours","f",1,"t","Randwick",-33.90982243,151.2543826,"Entire home/apt",6,2,3,"$1,080.00",2,365,7,2,0,5,"f",0.16
14249,"17/01/2018","within an hour","t",2,"t","Ryde",-33.81909537,151.0899182,"Private room",1,1.5,1,"$78.00",3,730,28,3,0,5,"f",0.41
4019,"1/10/2019","N/A","f",1,"t","Randwick",-33.96728,151.24573,"Private room",2,1.5,1,"$342.00",90,1125,29,1,0,5,"f",0.01
7305,"8/07/2016","within an hour","f",7,"t","Sydney",-33.87485,151.22633,"Private room",2,1,1,"$254.00",1,999,28,32,0,4.72,"t",1.17
6058,"1/08/2016","within a day","f",39,"t","Auburn",-33.8258,151.0772,"Entire home/apt",3,1,1,"$196.00",2,365,29,11,0,4.82,"f",0.29
10500,"18/06/2023","within an hour","f",2,"t","Sutherland Shire",-34.02771,151.06219,"Private room",4,1,1,"$129.00",2,365,0,13,0,4.92,"f",0.72
9856,"2/10/2023","N/A","f",5,"f","Liverpool",-33.91688172,150.9281743,"Entire home/apt",4,NA,2,"",90,365,0,0,0,NA,"f",NA
9606,"29/11/2016","within an hour","t",5,"t","Hurstville",-33.96991,151.0687,"Private room",5,2,1,"$81.00",1,1125,24,54,1,4.87,"f",2.63
5163,"31/05/2016","within an hour","t",4,"t","Sydney",-33.87513,151.22647,"Entire home/apt",2,NA,1,"",3,1125,0,46,0,4.98,"t",0.87
6370,"22/02/2013","within an hour","t",2,"t","Sydney",-33.90139,151.21207,"Entire home/apt",6,NA,2,"",4,8,0,2,0,5,"f",0.06
10983,"26/07/2015","within a day","t",2,"t","Leichhardt",-33.87417,151.15431,"Entire home/apt",2,1,0,"$105.00",7,90,12,10,0,4.9,"f",0.63
8510,"30/08/2018","within an hour","f",1,"t","Sydney",-33.870312,151.1979233,"Entire home/apt",6,2.5,3,"$1,009.00",3,30,6,17,2,5,"f",0.69
573,"12/04/2013","within a few hours","f",1,"t","Sydney",-33.88308,151.19187,"Entire home/apt",2,1,0,"$200.00",90,365,0,111,0,4.75,"f",0.78
17888,"20/06/2022","within a few hours","f",32,"t","Sydney",-33.91294889,151.2105766,"Entire home/apt",4,2,2,"$266.00",7,365,0,0,0,NA,"f",NA
3934,"29/09/2016","N/A","f",1,"t","Pittwater",-33.59017,151.29851,"Entire home/apt",8,2,3,"$2,500.00",90,1125,28,5,0,4.8,"f",0.08
2221,"9/04/2016","within an hour","t",2,"t","Leichhardt",-33.87988,151.17454,"Private room",2,1,1,"$119.00",3,45,16,274,2,4.96,"f",2.98
11224,"10/07/2017","within an hour","t",2,"t","Penrith",-33.7272439,150.731127,"Entire home/apt",6,2,3,"$201.00",3,70,8,31,2,4.94,"f",1.95
11290,"10/03/2017","within an hour","f",1,"t","Waverley",-33.8964,151.27227,"Entire home/apt",2,1,1,"$324.00",1,35,6,19,1,4.37,"f",1.24
16590,"18/03/2017","within an hour","t",2,"t","Blacktown",-33.69463,150.88259,"Entire home/apt",6,1,2,"$164.00",2,365,10,12,4,4.5,"t",4.5
10839,"7/05/2022","within an hour","f",1,"t","Canterbury",-33.90505,151.08686,"Entire home/apt",7,1,4,"$315.00",3,365,28,8,0,4.38,"f",0.45
15937,"19/05/2019","within an hour","f",10,"t","Willoughby",-33.7950655,151.1846107,"Entire home/apt",2,1,1,"$167.00",1,90,12,4,1,4.75,"f",1.35
14459,"13/04/2015","within a few hours","f",1,"t","Waverley",-33.8896863,151.2750521,"Entire home/apt",4,2,2,"$500.00",10,50,26,0,0,NA,"f",NA
2160,"10/10/2013","within a few hours","f",3,"t","Warringah",-33.77846,151.27879,"Entire home/apt",7,2,4,"$570.00",14,1125,16,7,0,5,"f",0.08
10665,"25/08/2019","within an hour","f",169,"t","Hurstville",-33.96558,151.10275,"Entire home/apt",8,2,2,"$175.00",4,365,15,27,0,4.56,"f",1.63
13869,"13/04/2019","within an hour","f",1,"t","Sydney",-33.8577115,151.2023095,"Entire home/apt",8,1.5,4,"$830.00",2,365,20,7,0,5,"f",1.17
13745,"18/12/2015","within a few hours","f",1,"t","Sydney",-33.90313983,151.1990134,"Entire home/apt",2,1,1,"$190.00",7,179,0,1,0,5,"f",0.38
2055,"6/10/2014","within a few hours","t",2,"t","Waverley",-33.88947,151.26622,"Entire home/apt",4,1,2,"$445.00",4,50,22,14,0,4.93,"f",0.15
17562,"27/09/2022","within a few hours","f",2,"t","Parramatta",-33.79075169,151.0470568,"Entire home/apt",2,1,1,"$81.00",1,365,29,0,0,NA,"f",NA
15334,"25/08/2019","within an hour","f",169,"t","Ku-Ring-Gai",-33.7783412,151.1654329,"Private room",1,2,1,"$70.00",1,89,0,6,0,4.5,"f",1.07
3773,"16/11/2017","within a few hours","t",3,"t","Manly",-33.79991,151.29281,"Entire home/apt",4,2,2,"$500.00",3,1125,9,106,1,4.92,"f",1.48
7648,"30/08/2022","within an hour","t",7,"t","Canterbury",-33.90985897,151.0970648,"Entire home/apt",8,1.5,4,"$276.00",6,90,29,15,1,4.8,"f",0.52
382,"18/10/2014","N/A","f",2,"t","Warringah",-33.75881,151.24884,"Private room",3,1,2,"$314.00",90,1125,29,0,0,NA,"f",NA
4489,"20/11/2013","a few days or more","f",5,"t","Willoughby",-33.80074,151.18541,"Private room",3,1,1,"$41.00",90,1125,0,14,0,4.57,"f",0.24
12267,"22/01/2016","within a day","f",1,"t","Warringah",-33.7773914,151.2755304,"Entire home/apt",6,1,3,"$306.00",5,365,16,2,0,5,"f",0.38
15664,"11/10/2019","within an hour","f",138,"t","Auburn",-33.84933072,151.0753176,"Entire home/apt",4,1,2,"$238.00",2,365,18,3,0,5,"f",0.72
9764,"20/11/2014","within an hour","t",1,"t","Sydney",-33.87272111,151.224051,"Entire home/apt",2,1,1,"$180.00",2,365,7,62,1,4.94,"f",3.25
11320,"23/03/2013","within a few hours","t",1,"t","Sydney",-33.89311356,151.2152191,"Entire home/apt",4,NA,2,"",3,68,0,17,1,4.82,"f",1.25
11081,"6/08/2013","N/A","f",3,"f","Sydney",-33.91534785,151.2062579,"Private room",2,1,1,"$256.00",2,21,11,7,0,4.86,"f",0.87
14415,"15/10/2024","within an hour","f",1,"t","Randwick",-33.96896,151.2513,"Entire home/apt",9,4,4,"$585.00",5,365,29,7,1,5,"t",0.99
6340,"21/06/2022","within an hour","t",1,"t","North Sydney",-33.84086,151.214,"Entire home/apt",2,1,0,"$132.00",2,1125,16,91,2,4.79,"f",2.54
7596,"8/10/2013","within an hour","f",3,"t","Pittwater",-33.63742,151.3232,"Entire home/apt",4,1,2,"$236.00",5,80,29,9,0,4.89,"f",0.32
16923,"18/03/2025","within an hour","f",23,"t","Hornsby",-33.7679234,151.0768281,"Private room",2,1,1,"$53.00",1,365,0,1,0,5,"t",0.38
9084,"21/11/2018","within an hour","f",51,"t","Sydney",-33.86933532,151.1974517,"Entire home/apt",4,NA,2,"",90,365,0,1,0,1,"t",0.07
11024,"8/07/2017","within an hour","",83,"t","Burwood",-33.87068,151.10362,"Entire home/apt",10,0,4,"$330.00",5,365,18,39,0,4.72,"t",2.2
11527,"17/10/2018","N/A","f",2,"f","The Hills Shire",-33.70330873,150.9732719,"Private room",2,1,1,"$54.00",90,365,28,0,0,NA,"f",NA
11151,"6/01/2016","within an hour","t",4,"t","Randwick",-33.94414,151.25921,"Entire home/apt",4,1,2,"$360.00",2,1125,0,17,0,5,"f",0.97
16326,"31/08/2017","within an hour","f",54,"t","Sydney",-33.86422,151.20882,"Entire home/apt",2,NA,NA,"",1,365,28,2,1,5,"t",0.58
12015,"20/12/2018","within a few hours","t",2,"t","Sydney",-33.87152571,151.2062344,"Entire home/apt",3,1,1,"$210.00",90,365,21,21,1,4.76,"f",1.82
17470,"7/04/2023","within an hour","f",67,"t","The Hills Shire",-33.70979,150.96018,"Private room",1,2,1,"$28.00",1,365,29,0,0,NA,"t",NA
5730,"5/07/2018","within an hour","f",1,"t","Ku-Ring-Gai",-33.7509,151.1569,"Entire home/apt",3,1,1,"$105.00",90,365,17,0,0,NA,"f",NA
5576,"12/02/2016","within an hour","t",21,"t","Manly",-33.79026,151.28725,"Entire home/apt",5,2,2,"$551.00",3,90,18,57,0,4.91,"f",1.3
13846,"8/08/2016","within an hour","t",16,"t","Sydney",-33.85867,151.20763,"Entire home/apt",6,1,3,"$331.00",5,60,7,12,0,4.58,"t",1.66
12379,"7/06/2015","within an hour","t",5,"t","Sydney",-33.8648826,151.2013991,"Entire home/apt",4,2,2,"$504.00",14,365,28,4,0,5,"f",0.37
2645,"18/04/2017","a few days or more","f",1,"f","Waverley",-33.88908,151.27337,"Private room",2,1,1,"$80.00",90,1125,29,16,0,5,"f",0.19
11029,"28/11/2023","N/A","f",5,"t","Parramatta",-33.79716,151.06479,"Private room",2,1,1,"$77.00",90,365,28,1,0,4,"f",0.06
17350,"30/12/2024","within an hour","f",1,"t","Sutherland Shire",-34.06011252,151.0792036,"Private room",2,1,1,"$135.00",1,365,29,2,0,5,"f",1.05
17249,"28/06/2019","within an hour","f",70,"t","Sydney",-33.8744253,151.2275354,"Entire home/apt",2,1,1,"$375.00",2,365,18,3,1,5,"f",1.48
14659,"23/11/2024","within an hour","t",10,"t","Ryde",-33.81809,151.09436,"Entire home/apt",6,2,3,"$224.00",4,365,25,1,0,5,"f",0.45
5865,"5/05/2016","within an hour","f",26,"t","Marrickville",-33.90719,151.18048,"Entire home/apt",2,1,0,"$101.00",3,365,28,73,0,4.66,"t",2
16397,"5/02/2015","within an hour","t",19,"t","Sydney",-33.88926,151.19591,"Entire home/apt",11,3,4,"$319.00",4,365,9,2,1,5,"f",1.03
5369,"20/10/2016","within a day","f",28,"t","Pittwater",-33.65678,151.32221,"Entire home/apt",8,2.5,3,"$1,099.00",1,1125,28,17,0,4.94,"f",0.4
8033,"9/09/2014","within an hour","f",28,"t","Sydney",-33.87285046,151.2239364,"Entire home/apt",2,1,1,"$1,400.00",1,1125,0,20,0,4.35,"f",0.85
2672,"5/02/2017","within an hour","t",2,"t","Ku-Ring-Gai",-33.7162496,151.1706721,"Private room",2,1,1,"$76.00",2,90,22,12,1,5,"f",1.41
9946,"5/12/2015","within an hour","f",1,"t","Waverley",-33.8910199,151.2471535,"Private room",2,1,1,"$60.00",4,365,2,15,1,5,"f",0.83
13598,"15/07/2014","within a few hours","f",1,"t","The Hills Shire",-33.673285,150.9348475,"Entire home/apt",12,3.5,5,"$378.00",1,730,10,5,0,5,"f",0.86
12343,"7/08/2018","within an hour","t",4,"t","Sydney",-33.8764028,151.2067194,"Entire home/apt",4,2,2,"$302.00",1,365,11,54,3,4.94,"t",4.45
14511,"2/05/2016","within a few hours","t",2,"t","Waverley",-33.8894736,151.2806937,"Entire home/apt",5,1,2,"$218.00",2,365,7,22,4,4.91,"f",3.86
5129,"16/07/2023","N/A","f",100,"t","Sydney",-33.88843,151.19664,"Entire home/apt",2,1,1,"$207.00",1,1125,25,72,0,4.38,"t",1.37
5441,"27/10/2017","within a day","f",289,"t","Sydney",-33.8768,151.21341,"Entire home/apt",4,1,2,"$621.00",3,1125,27,0,0,NA,"f",NA
10604,"8/09/2017","within an hour","t",1,"t","Sydney",-33.8698485,151.2255663,"Entire home/apt",2,1,1,"$138.00",2,1125,21,45,5,4.82,"f",3.29
13756,"14/09/2024","within a day","f",27,"t","Sydney",-33.91199,151.20513,"Entire home/apt",6,2,3,"$263.00",3,365,11,4,0,4.5,"f",0.51
6103,"6/11/2016","within an hour","f",35,"t","Penrith",-33.75026,150.6993,"Entire home/apt",4,2,2,"$206.00",2,365,15,107,3,4.88,"f",2.86
3336,"4/11/2012","within an hour","f",1,"t","Lane Cove",-33.81241,151.15774,"Entire home/apt",8,2,4,"$456.00",10,365,16,15,0,4.93,"f",0.23
14323,"10/10/2016","within an hour","f",1,"t","Pittwater",-33.62532,151.33783,"Entire home/apt",10,3,6,"$1,620.00",5,365,0,1,0,5,"t",0.19
14684,"23/03/2011","within a few hours","t",8,"t","Randwick",-33.92580209,151.2465589,"Entire home/apt",7,5,4,"$1,000.00",5,365,0,4,0,5,"f",0.68
3689,"23/06/2019","within an hour","t",7,"t","Bankstown",-33.96318,151.03224,"Private room",2,NA,NA,"",2,365,0,58,0,4.84,"f",0.8
9741,"30/07/2023","N/A","f",2,"t","Sydney",-33.8656306,151.2253485,"Entire home/apt",2,1,1,"$150.00",90,180,16,1,0,5,"f",0.15
2908,"6/05/2014","within an hour","t",1,"t","Pittwater",-33.68677139,151.3081512,"Entire home/apt",2,1,1,"$210.00",2,730,24,100,2,5,"f",1.24
7111,"16/02/2019","within an hour","f",5,"t","Ryde",-33.83615574,151.1153642,"Entire home/apt",11,3.5,5,"$699.00",1,60,29,39,1,4.72,"t",1.3
9363,"15/09/2016","within a few hours","f",39,"t","Warringah",-33.70779285,151.2992376,"Entire home/apt",7,3,3,"$1,200.00",90,365,0,0,0,NA,"f",NA
2115,"24/11/2015","within an hour","f",1,"t","Randwick",-33.94116,151.25789,"Entire home/apt",2,1,1,"$136.00",2,1125,6,152,1,4.87,"f",1.64
14056,"1/08/2016","within a day","f",39,"t","Sydney",-33.8747177,151.2087609,"Entire home/apt",4,2,2,"$400.00",2,365,29,19,1,4.74,"f",2.48
665,"5/01/2015","N/A","f",1,"t","Manly",-33.79311,151.26578,"Entire home/apt",6,2,3,"$446.00",2,1125,0,10,0,4.3,"f",0.11
13936,"5/02/2015","within an hour","t",19,"t","Sydney",-33.87278182,151.1956239,"Entire home/apt",2,1,1,"$151.00",90,365,0,0,0,NA,"f",NA
15216,"12/07/2023","within an hour","f",3,"t","Penrith",-33.72119578,150.7294372,"Private room",2,1,1,"$81.00",1,365,0,0,0,NA,"f",NA
16036,"21/12/2024","N/A","f",1,"f","Liverpool",-33.9236882,150.8435447,"Entire home/apt",10,2,4,"$240.00",5,365,29,1,0,5,"f",0.51
7742,"21/07/2019","within an hour","t",1,"t","Manly",-33.7974926,151.28332,"Entire home/apt",4,1,2,"$367.00",2,60,2,68,1,4.97,"f",4.09
11221,"26/01/2013","N/A","f",1,"t","Warringah",-33.73106,151.26089,"Private room",2,1,1,"$114.00",1,14,27,4,0,5,"f",0.46
17351,"26/11/2023","within an hour","t",43,"t","Sydney",-33.8591388,151.2037825,"Entire home/apt",8,2.5,3,"$308.00",1,365,14,8,3,4.86,"t",2.96
11472,"2/04/2018","within an hour","t",2,"t","Hornsby",-33.77514124,151.0571596,"Entire home/apt",5,1,2,"$157.00",2,60,9,70,3,4.89,"f",4.98
15119,"11/02/2022","within an hour","t",2,"t","Holroyd",-33.81114,150.96393,"Entire home/apt",2,1,1,"$126.00",1,365,25,14,2,4.93,"t",2.5
3223,"15/11/2017","within an hour","f",3,"t","Fairfield",-33.89656,150.9412,"Entire home/apt",7,1,2,"$111.00",1,1125,19,248,2,4.61,"f",3.29
9383,"1/12/2012","within an hour","t",2,"t","Sydney",-33.87479,151.2171,"Entire home/apt",3,1,1,"$221.00",2,120,5,86,4,4.88,"t",4.04
7241,"27/05/2014","within an hour","t",61,"t","Woollahra",-33.88868933,151.234357,"Entire home/apt",4,1,2,"$270.00",5,365,0,10,0,5,"f",0.43
13989,"5/12/2013","within an hour","t",64,"t","Canada Bay",-33.8440807,151.1453517,"Entire home/apt",12,4,6,"$1,130.00",21,365,0,1,0,5,"t",0.21
15529,"12/10/2023","within an hour","f",11,"t","Sydney",-33.87758,151.20179,"Private room",2,2,2,"$75.00",60,365,29,0,0,NA,"f",NA
12537,"8/09/2015","within an hour","t",4,"t","Sydney",-33.88035814,151.2120471,"Private room",2,1,1,"$100.00",1,365,5,95,7,4.91,"t",8.28
6407,"15/08/2018","within an hour","t",7,"t","Willoughby",-33.7944,151.18574,"Entire home/apt",6,2,2,"$223.00",180,730,0,74,0,4.88,"f",2.49
6852,"18/08/2022","within an hour","f",10,"t","The Hills Shire",-33.73396,150.96776,"Private room",2,1,1,"$212.00",1,13,22,29,0,4.48,"t",0.85
277,"18/06/2012","within an hour","t",1,"t","Sydney",-33.89202,151.19521,"Entire home/apt",4,2,2,"$320.00",3,100,12,109,0,4.94,"f",0.77
12245,"24/06/2023","within an hour","f",2,"t","Auburn",-33.83079,151.07137,"Entire home/apt",4,1,2,"$185.00",2,1125,7,21,0,4.76,"f",2.22
239,"23/12/2014","within an hour","t",5,"t","Sydney",-33.87774712,151.2111775,"Entire home/apt",2,1,1,"$195.00",5,730,12,163,1,4.74,"t",1.29
3499,"29/01/2017","within a day","f",3,"t","Randwick",-33.95238,151.25305,"Private room",4,1,2,"$170.00",90,1125,29,2,0,4.5,"f",0.03
9537,"12/05/2018","within an hour","f",3,"t","Sydney",-33.8793467,151.208123,"Entire home/apt",3,1,1,"$187.00",2,9,15,36,0,4.72,"t",1.71
4394,"28/05/2018","N/A","f",1,"t","Marrickville",-33.90005,151.17353,"Private room",2,1.5,1,"$62.00",90,90,28,0,0,NA,"f",NA
1884,"7/01/2016","within an hour","t",2,"t","Randwick",-33.91029,151.23743,"Entire home/apt",4,NA,2,"",90,90,27,10,0,4.7,"f",0.11
11195,"30/06/2020","within an hour","t",24,"t","Blacktown",-33.77178866,150.9362821,"Private room",1,NA,NA,"",4,365,0,4,0,5,"f",0.26
13548,"21/08/2014","within an hour","t",2,"t","Pittwater",-33.64335139,151.3161963,"Entire home/apt",6,2,3,"$446.00",3,365,28,2,0,5,"f",0.38
17957,"7/06/2025","N/A","f",1,"t","Ryde",-33.77454,151.11857,"Private room",2,1,1,"$95.00",2,90,16,0,0,NA,"f",NA
14810,"26/11/2024","within a few hours","f",1,"t","Randwick",-33.91399026,151.2454697,"Private room",2,1,1,"$156.00",2,10,29,8,0,4.88,"f",1.24
7671,"13/07/2018","within an hour","f",31,"t","Canada Bay",-33.85362,151.08793,"Private room",1,1,1,"$81.00",1,365,29,18,0,4.22,"f",0.62
9467,"24/10/2016","within an hour","f",72,"t","Waverley",-33.8887847,151.2763999,"Entire home/apt",4,1,1,"$206.00",2,180,15,48,3,4.73,"t",2.22
9547,"26/07/2016","N/A","f",1,"f","Woollahra",-33.8854816,151.2552563,"Entire home/apt",2,1,1,"$432.00",2,365,29,4,0,5,"f",0.21
847,"7/05/2015","a few days or more","f",3,"t","Lane Cove",-33.82077,151.178,"Private room",2,1.5,1,"$66.00",90,1125,29,0,0,NA,"f",NA
4096,"14/10/2016","a few days or more","f",2,"t","Botany Bay",-33.92333,151.18457,"Private room",2,1,2,"$59.00",90,1125,16,2,0,5,"f",0.03
9126,"18/07/2023","within a day","f",1,"t","Warringah",-33.74306586,151.2854563,"Entire home/apt",6,3,3,"$321.00",90,360,12,0,0,NA,"f",NA
1267,"13/05/2015","within an hour","f",14,"t","Sydney",-33.87543,151.21286,"Entire home/apt",4,1,0,"$297.00",2,30,22,11,0,3.55,"t",0.11
776,"23/02/2015","within an hour","f",6,"t","City Of Kogarah",-33.97101936,151.1037733,"Private room",2,1,1,"$69.00",2,1125,26,164,1,4.54,"t",1.39
4298,"5/05/2016","within an hour","f",2,"t","City Of Kogarah",-33.96873,151.10166,"Entire home/apt",8,2,3,"$169.00",1,180,15,52,1,4.62,"f",1.22
7361,"26/03/2017","within an hour","f",1,"t","North Sydney",-33.82610606,151.2100189,"Entire home/apt",4,1,2,"$161.00",2,35,8,106,1,4.75,"t",3.53
17988,"1/10/2012","within an hour","f",45,"t","Waverley",-33.8902834,151.2850511,"Entire home/apt",4,1,2,"$593.00",3,45,15,0,0,NA,"t",NA
18187,"17/11/2023","within a few hours","f",40,"t","Sydney",-33.88566,151.17683,"Entire home/apt",2,1,1,"$121.00",5,365,13,0,0,NA,"f",NA
17130,"5/04/2025","within a few hours","f",7,"t","Sydney",-33.89522206,151.2008807,"Private room",2,1.5,1,"$71.00",1,90,15,3,1,4.33,"f",1.76
6629,"2/03/2016","within an hour","t",4,"t","Marrickville",-33.8950104,151.1552556,"Entire home/apt",2,1,1,"$204.00",3,1125,20,36,1,4.81,"t",1.09
15545,"25/07/2011","within an hour","f",1,"t","Waverley",-33.8836919,151.2808118,"Entire home/apt",5,2,2,"$360.00",7,365,6,5,0,5,"f",0.95
9236,"9/09/2019","within an hour","f",19,"f","Sydney",-33.87093,151.22908,"Entire home/apt",2,1,1,"$208.00",2,99,23,28,0,4.68,"f",1.26
10058,"4/01/2019","within an hour","f",3,"t","Waverley",-33.88983211,151.2769803,"Entire home/apt",5,2,2,"$811.00",2,1125,14,69,2,5,"t",3.83
11175,"9/09/2023","within an hour","t",3,"t","Hornsby",-33.77079,151.08392,"Private room",2,1,1,"$94.00",1,90,0,21,1,4.76,"f",2.47
813,"20/11/2013","a few days or more","f",5,"t","Burwood",-33.87819,151.10297,"Entire home/apt",3,1,1,"$113.00",90,1125,0,209,0,4.67,"f",1.51
14121,"12/04/2019","within an hour","f",63,"t","Bankstown",-33.9412469,150.9781479,"Private room",1,1,1,"$43.00",1,89,24,7,0,4.14,"f",0.96
4098,"3/07/2015","N/A","f",3,"t","Randwick",-33.95238,151.25277,"Private room",2,1,1,"$93.00",90,365,0,11,0,4.82,"t",0.16
12879,"23/10/2022","within an hour","t",6,"t","Auburn",-33.8310187,151.0761662,"Entire home/apt",5,2,2,"$257.00",3,365,9,50,3,4.88,"t",4.72
5350,"16/06/2021","within an hour","f",57,"t","Sydney",-33.88424,151.21595,"Entire home/apt",2,1,1,"$233.00",90,180,28,5,0,4.4,"f",0.12
17755,"7/03/2013","within a few hours","f",4,"t","Canada Bay",-33.84926071,151.1343485,"Private room",2,1,1,"$79.00",21,365,4,0,0,NA,"f",NA
9379,"6/07/2014","within an hour","t",19,"t","Sydney",-33.90138,151.2106526,"Entire home/apt",2,1,1,"$162.00",2,365,13,33,2,4.91,"f",1.6
14468,"14/06/2016","within a day","t",1,"t","Warringah",-33.78325,151.2864,"Entire home/apt",3,1,2,"$216.00",3,365,19,5,0,4.8,"f",1.01
17719,"1/09/2024","N/A","f",44,"t","North Sydney",-33.82784,151.22315,"Entire home/apt",4,2,2,"$311.00",5,1125,0,0,0,NA,"t",NA
1338,"31/10/2016","N/A","f",2,"t","Liverpool",-33.93878,150.95892,"Entire home/apt",3,NA,2,"",50,1125,28,32,0,4.16,"f",0.31
6975,"24/04/2018","within an hour","t",1,"t","Randwick",-33.91984,151.23506,"Entire home/apt",3,1,0,"$167.00",2,16,7,50,2,4.96,"f",1.85
6886,"31/10/2014","N/A","f",1,"t","Sydney",-33.87812,151.19121,"Entire home/apt",4,NA,2,"",90,365,0,62,0,4.68,"f",1.81
5513,"22/09/2015","within a few hours","f",37,"t","Auburn",-33.82722,151.07657,"Entire home/apt",2,NA,1,"",2,1125,6,10,0,4.7,"f",0.21
10781,"14/04/2023","within an hour","f",81,"t","Sydney",-33.87589444,151.2029098,"Entire home/apt",5,1,2,"$115.00",1,365,11,55,1,4.33,"t",3.29
7477,"28/04/2014","within a few hours","f",2,"t","Randwick",-33.9711069,151.2401855,"Entire home/apt",8,2.5,4,"$1,000.00",7,14,28,4,0,5,"f",0.22
6438,"3/12/2014","N/A","f",1,"t","Penrith",-33.79144,150.80753,"Entire home/apt",7,2,5,"$405.00",90,1125,29,1,0,4,"f",0.03
16850,"2/09/2016","within a day","f",1,"t","Waverley",-33.88797,151.26879,"Entire home/apt",2,NA,1,"",4,365,0,1,0,5,"f",0.52
4199,"25/02/2017","within an hour","f",5,"t","Sydney",-33.87496,151.22053,"Entire home/apt",2,1,1,"$212.00",14,180,0,40,1,4.83,"t",0.6
12259,"4/12/2014","within an hour","f",1,"t","Waverley",-33.89236056,151.2715358,"Entire home/apt",4,1,2,"$270.00",3,30,12,3,0,4.33,"f",0.55
5843,"24/07/2019","N/A","f",912,"t","Warringah",-33.77703,151.28806,"Entire home/apt",4,1,2,"$372.00",3,365,25,48,0,4.81,"f",1.23
7162,"23/06/2017","within an hour","",26,"t","Botany Bay",-33.92207169,151.1913488,"Entire home/apt",6,1,2,"$161.00",2,365,12,46,1,4.61,"t",1.51
6075,"2/06/2022","within an hour","f",1,"t","Auburn",-33.82382,151.07838,"Entire home/apt",3,1,1,"$148.00",1,365,12,171,2,4.82,"t",4.93
10715,"11/07/2017","within an hour","t",6,"f","Leichhardt",-33.88041724,151.1503189,"Entire home/apt",5,2,2,"$262.00",3,365,16,50,1,5,"t",2.8
15908,"4/12/2024","within a few hours","f",53,"t","Sydney",-33.91468121,151.2047045,"Entire home/apt",4,2,2,"$226.00",7,365,0,1,0,5,"f",0.22
16032,"6/06/2016","within an hour","f",37,"t","Sydney",-33.8747565,151.1945362,"Entire home/apt",4,2,2,"$117.00",1,1125,24,8,1,4.25,"t",2.16
1485,"18/01/2021","N/A","f",1,"f","Pittwater",-33.65172,151.32018,"Entire home/apt",2,1,1,"$90.00",2,1125,0,6,1,4.67,"f",0.06
8674,"4/06/2014","within a day","f",0,"t","Manly",-33.80211,151.29108,"Entire home/apt",7,2,4,"$977.00",7,365,11,9,0,4.67,"f",0.55
13735,"17/04/2024","within an hour","f",13,"t","Burwood",-33.871075,151.1046253,"Entire home/apt",4,2,2,"$154.00",4,365,7,12,0,4.08,"t",1.67
255,"26/11/2012","within a few hours","f",1,"t","Woollahra",-33.88548,151.24899,"Entire home/apt",5,1.5,3,"$299.00",10,35,0,63,0,4.68,"f",0.48
7272,"22/11/2022","within an hour","t",2,"t","Parramatta",-33.81924208,151.0061822,"Entire home/apt",2,1,0,"$145.00",3,365,8,110,0,4.87,"f",3.86
9212,"10/03/2016","within an hour","t",3,"t","Pittwater",-33.6372414,151.3306482,"Entire home/apt",4,1,2,"$277.00",2,90,10,55,3,4.93,"t",2.46
11616,"8/07/2017","within an hour","",83,"t","Auburn",-33.8493594,151.021506,"Entire home/apt",9,4,4,"$338.00",5,365,11,21,2,4.57,"t",1.52
4535,"16/01/2020","N/A","f",1,"t","Manly",-33.79742,151.28609,"Entire home/apt",3,1,1,"$269.00",90,90,28,0,0,NA,"f",NA
9377,"27/02/2015","N/A","f",1,"t","Warringah",-33.753841,151.2909734,"Entire home/apt",2,NA,1,"",90,1125,0,1,0,5,"f",0.07
10466,"24/07/2012","within a few hours","t",126,"t","Pittwater",-33.59594,151.32007,"Entire home/apt",4,1.5,2,"$795.00",1,1125,22,7,1,5,"f",0.43
5538,"17/12/2018","within an hour","t",18,"t","Waverley",-33.88939,151.27484,"Entire home/apt",2,1,1,"$167.00",2,1125,13,171,1,4.94,"f",4.04
15992,"14/03/2018","within an hour","f",44,"t","Canada Bay",-33.8293,151.0848,"Entire home/apt",5,2,2,"$234.00",2,365,9,8,1,4.63,"f",2.12
965,"17/03/2016","within an hour","t",2,"t","Canada Bay",-33.82525,151.08949,"Private room",2,1,1,"$100.00",2,730,5,30,2,4.93,"f",0.27
11537,"5/09/2018","within an hour","f",7,"t","Sydney",-33.86951,151.19089,"Entire home/apt",4,NA,2,"",90,365,0,0,0,NA,"f",NA
11190,"7/02/2024","N/A","f",1,"f","North Sydney",-33.8187407,151.2290735,"Entire home/apt",2,1,1,"$190.00",3,365,28,0,0,NA,"f",NA
10875,"25/08/2019","within an hour","f",169,"t","Fairfield",-33.8821644,150.9595761,"Private room",2,NA,NA,"",1,89,25,3,0,3,"f",0.57
6576,"5/02/2015","within an hour","t",19,"t","Sydney",-33.88876,151.19419,"Entire home/apt",2,1,0,"$159.00",28,365,26,16,0,4.81,"t",0.48
11986,"11/10/2019","within an hour","f",138,"t","Ku-Ring-Gai",-33.74378693,151.1380815,"Entire home/apt",6,2.5,3,"$511.00",3,365,11,2,0,4.5,"f",0.18
15833,"15/08/2024","within an hour","t",4,"t","North Sydney",-33.83070131,151.2078545,"Entire home/apt",7,3,3,"$573.00",2,365,15,7,1,4.86,"t",1.59
5911,"18/12/2013","N/A","f",1,"t","Manly",-33.79208,151.2809,"Entire home/apt",4,NA,2,"",2,365,0,8,0,4.88,"t",0.22
7358,"24/07/2019","N/A","f",912,"t","Marrickville",-33.90275,151.17087,"Entire home/apt",4,NA,2,"",90,365,0,33,0,4.61,"t",1.1
2025,"7/07/2012","within an hour","t",6,"t","Sydney",-33.88084,151.21266,"Entire home/apt",8,2.5,2,"$231.00",90,730,2,8,0,4.75,"f",0.08
280,"11/02/2015","N/A","f",2,"t","Sydney",-33.89189,151.20712,"Entire home/apt",6,1.5,3,"$450.00",7,1125,22,5,0,4.8,"f",0.04
7243,"24/10/2011","within an hour","t",75,"t","Manly",-33.80724,151.26302,"Entire home/apt",8,NA,4,"",4,365,0,2,0,5,"f",0.34
16567,"13/03/2025","within an hour","f",1,"t","Rockdale",-33.96526,151.14979,"Entire home/apt",6,2.5,3,"$385.00",4,365,0,0,0,NA,"t",NA
13357,"21/03/2024","within an hour","f",3,"t","Rockdale",-33.9577491,151.1374202,"Entire home/apt",6,1,2,"$203.00",2,365,12,8,0,4.13,"t",0.88
5382,"13/11/2014","within a day","t",82,"t","Pittwater",-33.63452,151.31235,"Entire home/apt",8,2,4,"$965.00",1,1125,28,2,0,4.5,"f",0.05
9171,"21/07/2023","within an hour","f",1,"t","Randwick",-33.98119112,151.2449109,"Entire home/apt",6,2.5,3,"$268.00",3,365,6,58,3,4.67,"t",2.58
2070,"1/07/2013","within an hour","f",3,"t","Warringah",-33.77984,151.28737,"Entire home/apt",4,1,2,"$262.00",2,280,18,109,0,4.83,"f",1.22
14306,"30/10/2024","N/A","t",1,"t","Sydney",-33.9069136,151.2122932,"Entire home/apt",4,NA,2,"",1,365,0,8,0,4.88,"f",1.2
14634,"23/11/2024","within an hour","t",10,"t","Willoughby",-33.78860906,151.1761966,"Entire home/apt",6,NA,3,"",48,365,0,0,0,NA,"f",NA
15294,"29/01/2016","N/A","f",15,"t","Botany Bay",-33.92873306,151.1879756,"Entire home/apt",3,NA,2,"",5,365,0,2,0,3,"f",0.44
12285,"22/07/2016","N/A","f",4,"t","Hornsby",-33.6309625,151.0435168,"Private room",2,0,1,"$770.00",1,365,18,0,0,NA,"f",NA
12945,"18/04/2017","within an hour","f",3,"t","Blacktown",-33.68861247,150.8858171,"Private room",2,1,1,"$75.00",1,365,0,5,0,4.4,"f",0.59
14138,"16/05/2017","within an hour","t",3,"f","Camden",-34.01662109,150.7858312,"Entire home/apt",10,2,4,"$400.00",1,365,16,2,0,5,"f",0.65
8354,"30/03/2023","within an hour","f",1,"t","Sutherland Shire",-34.03951,151.11057,"Entire home/apt",10,2.5,4,"$333.00",2,90,10,120,4,4.68,"t",4.5
1462,"9/07/2016","within an hour","t",1,"t","Hornsby",-33.62512228,151.1479421,"Entire home/apt",2,1,1,"$254.00",2,90,28,116,0,4.99,"f",1.11
6443,"26/08/2016","within an hour","f",78,"t","Ashfield",-33.89125,151.13335,"Entire home/apt",3,1,0,"$148.00",90,365,15,47,3,4.85,"t",1.19
6368,"4/01/2019","within an hour","f",17,"t","Sydney",-33.87903,151.2053,"Entire home/apt",5,2,2,"$223.00",1,365,7,78,0,4.63,"t",2.16
16911,"24/07/2012","within a few hours","t",126,"t","Pittwater",-33.60666,151.33236,"Entire home/apt",6,3,3,"$1,922.00",1,1125,27,0,0,NA,"f",NA
11429,"15/09/2014","N/A","f",1,"t","Manly",-33.80445244,151.2872298,"Private room",1,1,1,"$190.00",3,14,0,5,0,4.4,"f",0.56
632,"1/06/2013","within an hour","t",1,"t","Manly",-33.79653,151.28651,"Entire home/apt",2,1,1,"$192.00",2,1125,1,149,1,4.84,"f",1.07
16064,"3/12/2012","within an hour","f",1,"t","Sydney",-33.91024,151.20916,"Entire home/apt",2,1,1,"$198.00",2,1125,29,5,1,5,"t",1.49
6738,"13/08/2018","within an hour","f",57,"t","Sydney",-33.87927,151.20636,"Entire home/apt",4,1,0,"$171.00",1,365,15,160,3,4.58,"f",4.74
8187,"22/03/2023","within an hour","t",4,"t","Sydney",-33.8683247,151.2271722,"Entire home/apt",5,2,3,"$473.00",2,90,11,54,1,4.8,"t",2.17
14687,"8/07/2017","within an hour","",83,"t","Strathfield",-33.86173,151.08115,"Entire home/apt",2,1,1,"$94.00",1,365,28,4,0,4.5,"t",0.7
2731,"2/03/2016","N/A","f",1,"f","Warringah",-33.77446,151.28964,"Entire home/apt",6,2,3,"$895.00",90,1125,29,0,0,NA,"t",NA
4452,"24/07/2019","N/A","f",912,"t","Marrickville",-33.89859772,151.1447601,"Entire home/apt",2,1,0,"$144.00",3,365,8,81,0,4.62,"t",1.21
14321,"31/01/2016","within an hour","t",48,"t","Randwick",-33.9374332,151.258774,"Entire home/apt",8,4,4,"$741.00",1,365,11,4,2,5,"f",0.61
12158,"23/01/2015","N/A","f",1,"t","Ashfield",-33.88883,151.11599,"Private room",2,1,1,"$117.00",1,200,5,27,3,4.93,"f",2.2
620,"17/08/2013","a few days or more","f",2,"t","Mosman",-33.81847,151.23586,"Entire home/apt",8,2,4,"$716.00",90,1125,29,2,0,5,"f",0.01
15162,"1/12/2012","N/A","t",1,"t","Sydney",-33.86913257,151.2251628,"Private room",1,NA,NA,"",7,14,0,2,0,5,"f",0.31
12360,"10/11/2023","within a day","f",3,"t","Marrickville",-33.8981,151.17701,"Entire home/apt",2,NA,1,"",1,365,0,3,0,4.67,"t",0.61
6468,"3/07/2022","within an hour","t",1,"t","The Hills Shire",-33.71649,151.00759,"Entire home/apt",4,1,1,"$161.00",2,30,10,116,3,4.97,"f",3.23
12480,"27/12/2018","within an hour","t",5,"t","Auburn",-33.8475,151.07447,"Entire home/apt",5,1,2,"$163.00",1,60,14,92,4,4.83,"f",7.86
18100,"25/04/2019","within an hour","t",68,"t","North Sydney",-33.828005,151.2153774,"Entire home/apt",2,1,1,"$130.00",1,365,3,0,0,NA,"f",NA
14614,"8/07/2017","within an hour","",83,"t","Strathfield",-33.86309398,151.0810689,"Private room",2,1,1,"$65.00",1,365,27,7,0,4.14,"t",1.28
18181,"21/07/2015","N/A","f",1,"f","Blacktown",-33.76893274,150.9434292,"Private room",2,0.5,1,"$55.00",1,30,14,0,0,NA,"f",NA
11819,"17/01/2016","within an hour","t",4,"t","Ryde",-33.7859,151.0921,"Private room",2,1,1,"$113.00",2,365,22,3,0,5,"f",0.26
9724,"20/04/2020","within an hour","f",47,"t","Sutherland Shire",-34.08066855,151.1566215,"Entire home/apt",10,3,4,"$571.00",1,1125,25,18,0,4.06,"t",0.95
14843,"5/02/2017","within an hour","t",2,"t","Ku-Ring-Gai",-33.71725345,151.1695493,"Private room",2,1,1,"$86.00",2,90,0,9,3,5,"f",1.52
492,"18/05/2014","within an hour","f",1,"t","Sydney",-33.89594,151.19928,"Entire home/apt",3,1,1,"$94.00",2,1125,6,175,0,4.71,"f",1.36
18165,"24/05/2023","within an hour","f",12,"t","Sydney",-33.90903,151.20965,"Entire home/apt",4,2,2,"$200.00",5,365,28,0,0,NA,"f",NA
7899,"15/05/2018","N/A","f",1,"t","Parramatta",-33.79819,151.00311,"Entire home/apt",4,2,2,"$220.00",90,365,27,0,0,NA,"f",NA
485,"7/05/2015","a few days or more","f",3,"t","Lane Cove",-33.82097,151.17968,"Private room",2,1.5,1,"$55.00",90,1125,29,0,0,NA,"f",NA
10123,"8/03/2015","within an hour","t",1,"t","Leichhardt",-33.87726145,151.1755026,"Entire home/apt",2,1,1,"$117.00",2,29,16,74,1,4.91,"f",3.91
43,"19/12/2013","within an hour","t",3,"t","Pittwater",-33.66284,151.3233,"Entire home/apt",2,1,1,"$266.00",3,365,17,227,0,4.92,"f",1.64
8468,"11/03/2017","within an hour","t",2,"t","Liverpool",-33.9413,150.76563,"Entire home/apt",4,NA,1,"",90,365,28,2,0,3,"f",0.13
10891,"8/03/2023","within a day","f",12,"f","Sydney",-33.8692339,151.2080704,"Entire home/apt",5,1,2,"$830.00",3,365,28,0,0,NA,"f",NA
8879,"8/08/2011","N/A","f",1,"t","Manly",-33.80219985,151.2903191,"Shared room",2,1,2,"$220.00",3,60,29,6,0,5,"f",0.27
5881,"4/07/2016","within an hour","f",1,"t","Ryde",-33.77826,151.11613,"Entire home/apt",5,1,2,"$196.00",1,60,23,11,0,4.27,"f",0.3
5012,"24/10/2016","within an hour","f",72,"t","Sydney",-33.87453461,151.2244873,"Entire home/apt",2,1,1,"$198.00",90,90,29,30,0,4.63,"t",0.6
9060,"22/08/2018","N/A","t",1,"t","Sydney",-33.90242906,151.1869058,"Private room",2,1,1,"$108.00",2,14,0,38,0,4.97,"f",1.64
3028,"9/01/2018","N/A","f",1,"f","Auburn",-33.85065,151.0321,"Private room",1,1,1,"$120.00",90,1125,28,0,0,NA,"t",NA
4695,"12/01/2015","N/A","f",1,"t","Manly",-33.79603,151.25993,"Entire home/apt",8,3.5,4,"$600.00",7,365,13,13,0,4.92,"f",0.24
1624,"9/10/2013","within an hour","f",2,"t","Willoughby",-33.81299,151.21672,"Entire home/apt",6,2.5,4,"$1,084.00",7,12,16,3,0,5,"t",0.1
8793,"3/07/2023","within an hour","f",11,"t","Auburn",-33.84515,151.03966,"Entire home/apt",2,1,1,"$120.00",1,730,22,56,1,4.71,"f",2.52
7170,"13/09/2014","within a few hours","f",1,"t","Randwick",-33.91362668,151.2444459,"Entire home/apt",5,2,2,"$383.00",5,365,0,3,0,4.67,"f",0.1
9544,"4/06/2014","within a day","f",0,"t","Warringah",-33.77088586,151.2910219,"Entire home/apt",8,3,5,"$947.00",7,365,0,0,0,NA,"f",NA
3780,"11/04/2017","a few days or more","f",1,"t","Sydney",-33.89163,151.2081,"Private room",2,NA,NA,"",90,180,0,2,0,5,"f",0.03
4479,"17/06/2020","N/A","f",9,"t","The Hills Shire",-33.74759,150.95508,"Entire home/apt",2,1,0,"$367.00",1,1125,26,17,0,4.59,"t",0.28
11504,"6/03/2024","a few days or more","f",1,"t","Warringah",-33.756458,151.294228,"Entire home/apt",2,1,1,"$150.00",90,365,29,7,0,5,"f",0.47
11824,"14/04/2024","N/A","f",1,"t","Canada Bay",-33.85909771,151.1433032,"Entire home/apt",1,1,1,"$350.00",90,365,28,0,0,NA,"f",NA
793,"27/09/2014","a few days or more","f",2,"t","Pittwater",-33.63817328,151.327084,"Entire home/apt",5,NA,2,"",90,90,26,51,0,4.94,"f",0.44
12411,"11/12/2014","within a day","f",72,"t","Pittwater",-33.65809,151.32181,"Entire home/apt",6,NA,3,"",90,1125,0,1,0,5,"f",0.18
15107,"20/09/2020","within a day","f",1,"t","Randwick",-33.91995,151.25324,"Private room",2,1.5,2,"$194.00",2,365,23,0,0,NA,"f",NA
17767,"15/12/2023","within an hour","f",14,"t","Sydney",-33.9037439,151.2089047,"Entire home/apt",4,2,2,"$163.00",3,365,8,0,0,NA,"f",NA
2703,"17/10/2018","N/A","f",1,"f","Burwood",-33.88268,151.09488,"Private room",2,1,1,"$225.00",90,1125,29,0,0,NA,"f",NA
6409,"13/05/2013","within a few hours","t",1,"t","Randwick",-33.9186331,151.2570802,"Entire home/apt",2,1,1,"$383.00",3,150,28,25,0,4.92,"f",0.78
14360,"20/09/2022","within an hour","f",39,"t","Canterbury",-33.912393,151.1189233,"Entire home/apt",5,2,2,"$156.00",3,365,24,3,0,4.67,"t",0.44
11220,"20/01/2019","N/A","f",4,"t","Ryde",-33.81843157,151.0929085,"Private room",2,NA,NA,"",90,365,0,0,0,NA,"f",NA
15510,"14/02/2017","within an hour","t",11,"t","Ryde",-33.77969,151.10005,"Private room",2,1,1,"$100.00",1,365,29,2,0,5,"f",0.35
16939,"16/12/2024","within an hour","f",27,"t","Ryde",-33.77922263,151.1118765,"Entire home/apt",3,1,1,"$214.00",2,365,29,1,1,5,"f",1
4629,"8/05/2013","N/A","f",1,"t","Hornsby",-33.70092,151.10219,"Entire home/apt",2,1,1,"$125.00",2,56,13,108,1,4.64,"f",2.04
6494,"11/10/2019","within an hour","f",138,"t","Canada Bay",-33.82707,151.08456,"Entire home/apt",4,2,2,"$229.00",2,730,22,28,0,4.89,"f",0.83
9439,"10/05/2023","within an hour","f",21,"t","Fairfield",-33.89068966,150.9348356,"Entire home/apt",4,1,1,"$104.00",2,365,2,34,1,4.41,"f",1.65
15286,"28/03/2023","within an hour","f",4,"t","Auburn",-33.85069814,151.0594225,"Entire home/apt",2,1,1,"$206.00",1,365,22,7,1,4.43,"t",1.54
8149,"19/02/2020","within an hour","f",22,"t","Willoughby",-33.78677,151.18304,"Entire home/apt",4,2,2,"$256.00",2,1125,29,3,0,4.67,"f",0.12
17556,"25/12/2024","within an hour","f",2,"t","Bankstown",-33.92789292,151.0317071,"Entire home/apt",4,2,2,"$112.00",1,365,4,1,0,5,"f",0.88
10911,"23/05/2012","within a few hours","t",117,"t","Waverley",-33.8890902,151.2831834,"Entire home/apt",2,1,0,"$163.00",5,365,28,2,1,5,"f",0.13
14955,"8/03/2017","within a day","f",18,"t","Sydney",-33.914661,151.209719,"Entire home/apt",3,NA,1,"",1,365,29,1,0,1,"f",0.31
17688,"18/09/2019","within an hour","f",11,"t","Manly",-33.78822,151.28499,"Entire home/apt",4,1.5,2,"$235.00",2,90,24,0,0,NA,"f",NA
16213,"14/03/2018","within an hour","f",44,"t","Woollahra",-33.87275316,151.2720086,"Entire home/apt",6,2,3,"$360.00",2,90,23,4,0,4.5,"f",1.25
7085,"29/04/2018","within a day","f",1,"t","Waverley",-33.88831,151.27625,"Entire home/apt",2,1,0,"$140.00",2,25,15,28,0,4.46,"f",0.91
6049,"23/05/2012","within a few hours","t",117,"t","Waverley",-33.88915253,151.2757111,"Entire home/apt",2,1,0,"$221.00",7,89,0,8,0,5,"f",0.21
544,"14/08/2012","within a few hours","t",1,"t","North Sydney",-33.84123,151.21444,"Entire home/apt",2,NA,NA,"",3,1125,7,203,1,4.76,"f",1.57
4376,"24/07/2019","N/A","f",912,"t","Manly",-33.8001,151.28941,"Entire home/apt",2,1,2,"$162.00",3,365,0,80,0,4.43,"t",1.27
9771,"14/03/2018","within an hour","f",44,"t","Sydney",-33.87871,151.18943,"Entire home/apt",5,2,2,"$248.00",2,365,18,82,1,4.57,"f",4.04
16478,"29/04/2024","N/A","f",18,"t","Sydney",-33.87727959,151.1884116,"Entire home/apt",5,1,2,"$234.00",2,365,10,3,1,5,"t",0.89
13931,"29/09/2020","within an hour","f",18,"t","Blacktown",-33.68275924,150.8969427,"Entire home/apt",10,3,5,"$238.00",3,365,11,5,1,5,"t",1.2
767,"13/04/2015","within a few hours","t",1,"t","Waverley",-33.89194,151.26965,"Private room",1,1,1,"$93.00",3,30,18,128,1,4.65,"t",1.11
14308,"19/09/2021","within an hour","t",2,"t","The Hills Shire",-33.43152278,150.9315805,"Entire home/apt",2,1,1,"$421.00",2,14,27,7,0,4.86,"t",0.96
3529,"6/05/2016","within an hour","f",6,"t","Randwick",-33.91539,151.23748,"Hotel room",2,1,1,"$152.00",1,365,29,297,0,4.53,"t",4.11
4218,"15/02/2015","within an hour","f",4,"t","Waverley",-33.90436,151.26555,"Entire home/apt",4,1,2,"$295.00",2,1125,11,149,0,4.83,"t",2.86
3652,"5/08/2019","within an hour","t",3,"t","Penrith",-33.74949,150.69725,"Private room",2,1,1,"$201.00",1,1125,28,46,0,4.76,"t",0.66
11068,"2/02/2016","within an hour","t",5,"t","Ku-Ring-Gai",-33.73332793,151.1504065,"Private room",2,NA,NA,"",14,365,0,3,0,5,"f",0.18
7064,"3/06/2019","within an hour","t",1,"t","Hornsby",-33.57745581,151.1301284,"Entire home/apt",2,1,1,"$270.00",2,365,21,72,1,4.96,"f",2.23
172,"16/12/2014","within an hour","t",1,"t","Waverley",-33.88786316,151.2711029,"Entire home/apt",4,1,2,"$190.00",1,1125,0,202,4,4.87,"t",1.96
12534,"26/11/2020","within an hour","",11,"t","Sydney",-33.89303,151.19145,"Entire home/apt",4,1,2,"$216.00",2,100,10,67,5,4.9,"f",6.04
11071,"14/05/2020","within an hour","t",13,"t","Sydney",-33.878525,151.2198204,"Entire home/apt",2,1,1,"$177.00",2,365,0,48,0,4.81,"f",2.9
2682,"29/06/2016","N/A","f",1,"t","Waverley",-33.89135,151.25598,"Entire home/apt",4,1,2,"$199.00",90,1125,22,23,0,4.74,"f",0.27
17542,"8/04/2023","within an hour","t",2,"t","Sutherland Shire",-34.0535172,151.1541686,"Entire home/apt",6,2,2,"$270.00",3,365,3,2,2,5,"f",2
4593,"15/03/2020","within an hour","f",2,"f","Blacktown",-33.77492,150.89937,"Entire home/apt",2,1,1,"$126.00",2,60,12,113,0,4.96,"f",1.78
7841,"13/05/2022","within an hour","f",16,"t","Auburn",-33.82699,151.078,"Entire home/apt",3,1,1,"$214.00",2,365,20,49,1,4.76,"f",1.75
18059,"16/12/2024","within an hour","f",27,"t","Sydney",-33.87796962,151.2122924,"Entire home/apt",3,1,1,"$174.00",1,365,8,1,1,5,"f",1
16678,"11/10/2024","within an hour","f",2,"t","Willoughby",-33.80209322,151.1860104,"Private room",1,1,1,"$87.00",1,365,29,4,1,5,"f",1.64
12717,"12/10/2021","within an hour","",10,"t","North Sydney",-33.8376319,151.2127931,"Entire home/apt",4,1,2,"$251.00",3,365,18,13,0,5,"t",1.15
9096,"22/11/2017","within an hour","f",1,"t","Botany Bay",-33.94325066,151.206174,"Entire home/apt",2,1,1,"$119.00",2,365,24,69,0,4.78,"f",3.1
8049,"8/06/2015","N/A","f",1,"t","Randwick",-33.9219769,151.2557186,"Entire home/apt",4,1,2,"$339.00",90,365,28,0,0,NA,"f",NA
4366,"9/09/2014","within an hour","f",28,"t","Sydney",-33.87378,151.22492,"Private room",2,NA,NA,"",1,1125,11,57,3,4.6,"f",0.99
11154,"28/08/2023","N/A","f",1,"t","Botany Bay",-33.93416346,151.225258,"Entire home/apt",10,NA,5,"",1,365,0,22,1,4.91,"t",1.44
16404,"14/02/2025","within an hour","f",1,"t","Sydney",-33.8747228,151.2037635,"Entire home/apt",6,2,3,"$441.00",2,365,13,19,3,4.89,"f",5.28
3290,"5/05/2019","N/A","f",1,"t","Randwick",-33.934422,151.242722,"Entire home/apt",6,2,3,"$783.00",90,1125,29,5,0,5,"f",0.07
15984,"13/12/2024","within an hour","f",3,"t","Bankstown",-33.9205315,151.0351839,"Entire home/apt",5,2,2,"$203.00",2,365,10,6,2,4.17,"t",2.4
15173,"18/09/2014","N/A","f",1,"t","Sydney",-33.8785032,151.1773536,"Private room",1,1,1,"$104.00",1,31,28,0,0,NA,"f",NA
14256,"7/03/2024","within an hour","t",31,"t","Sydney",-33.87299069,151.1966999,"Entire home/apt",10,3,4,"$333.00",1,365,5,48,5,4.79,"f",6.73
1807,"13/08/2017","within an hour","t",1,"t","Hornsby",-33.61808,151.1451,"Private room",2,1,0,"$97.00",1,1125,15,243,3,5,"f",2.65
6610,"25/07/2021","within an hour","t",5,"t","Camden",-34.0061361,150.7557778,"Entire home/apt",2,1,1,"$165.00",2,365,17,69,0,4.93,"t",2.3
10652,"24/07/2012","within a few hours","t",126,"t","Pittwater",-33.61240169,151.3305739,"Entire home/apt",8,3.5,4,"$1,801.00",1,1125,25,2,0,5,"f",0.13
10295,"31/03/2022","within an hour","f",10,"t","Willoughby",-33.7989425,151.1857033,"Entire home/apt",4,2,2,"$149.00",2,365,3,29,1,4.59,"t",1.61
2198,"8/03/2016","within a day","f",2,"f","Canada Bay",-33.85467,151.14912,"Entire home/apt",4,1.5,2,"$140.00",90,365,16,0,0,NA,"f",NA
8544,"6/04/2016","N/A","f",1,"t","Canada Bay",-33.8293,151.08642,"Private room",1,NA,NA,"",90,365,0,1,0,5,"f",0.08
11701,"16/04/2014","within an hour","t",1,"t","Canterbury",-33.9122608,151.1183368,"Entire home/apt",6,2,2,"$153.00",2,365,4,32,5,4.94,"f",2.55
10609,"11/03/2015","N/A","f",1,"f","Woollahra",-33.88106883,151.2285913,"Entire home/apt",4,NA,2,"",90,365,28,0,0,NA,"f",NA
5770,"8/04/2011","within a day","f",1,"t","Waverley",-33.88645,151.2684,"Entire home/apt",6,2,3,"$410.00",2,1125,12,4,0,4.5,"f",0.1
15910,"4/12/2024","within a few hours","f",53,"t","Botany Bay",-33.92488,151.18762,"Entire home/apt",4,1,2,"$226.00",7,40,0,0,0,NA,"f",NA
8837,"14/07/2015","within an hour","f",32,"t","Leichhardt",-33.86707,151.16653,"Entire home/apt",5,1,3,"$265.00",1,365,0,20,0,5,"f",0.83
17647,"29/11/2023","within an hour","f",46,"t","Canterbury",-33.9240372,151.09574,"Private room",2,2,1,"$64.00",1,89,20,2,1,5,"f",1.82
2606,"31/08/2017","within an hour","f",54,"t","Willoughby",-33.82249,151.1947,"Entire home/apt",5,2,3,"$400.00",28,1125,0,9,0,4.33,"t",0.12
2181,"28/11/2015","within an hour","t",4,"t","North Sydney",-33.85017,151.21633,"Entire home/apt",2,1,1,"$338.00",2,1125,6,107,0,4.91,"f",1.16
12473,"5/06/2013","within an hour","f",28,"t","Waverley",-33.8884,151.27108,"Entire home/apt",6,1.5,3,"$397.00",7,365,0,6,0,3.5,"t",0.54
16025,"3/02/2025","within an hour","f",18,"t","Parramatta",-33.7726898,150.9856933,"Private room",2,1,1,"$53.00",1,365,29,1,0,5,"t",0.25
1440,"4/01/2015","within an hour","f",1,"t","North Sydney",-33.84952255,151.2179665,"Entire home/apt",2,1,1,"$200.00",3,8,29,187,0,4.9,"f",1.83
7220,"30/10/2015","N/A","f",1,"t","Waverley",-33.88996369,151.2732565,"Entire home/apt",2,NA,1,"",90,365,29,0,0,NA,"f",NA
4846,"25/08/2019","within an hour","f",169,"t","Sydney",-33.8839607,151.2084766,"Private room",1,1,1,"$95.00",2,365,26,144,1,4.2,"f",2.56
8295,"7/06/2014","within an hour","f",1,"t","Manly",-33.79699,151.28355,"Entire home/apt",4,1,2,"$274.00",2,80,28,10,1,4.8,"f",0.57
15377,"13/07/2021","within an hour","t",2,"t","North Sydney",-33.84925,151.2157,"Entire home/apt",4,1,1,"$374.00",2,365,29,8,1,4.75,"f",1.68
10276,"19/10/2015","within an hour","t",13,"t","Auburn",-33.84890369,151.0748673,"Entire home/apt",6,2,3,"$226.00",1,50,3,28,1,4.93,"t",1.51
957,"2/02/2014","within an hour","t",1,"t","Rockdale",-33.93239,151.14745,"Private room",1,1,1,"$61.00",3,20,0,158,1,4.91,"f",1.38
589,"25/10/2014","N/A","f",1,"t","North Sydney",-33.82768,151.20569,"Entire home/apt",6,3.5,3,"$595.00",90,90,22,0,0,NA,"f",NA
10360,"28/05/2017","within an hour","f",1,"t","Sydney",-33.8685,151.20691,"Entire home/apt",3,1,1,"$312.00",1,1125,13,37,0,4.68,"t",2.07
1855,"28/01/2017","N/A","t",3,"t","Hornsby",-33.76052,151.10011,"Private room",1,1,1,"$58.00",90,1125,0,29,0,4.93,"f",0.32
16072,"4/12/2024","within a few hours","f",53,"t","Sydney",-33.91246642,151.2107954,"Entire home/apt",4,2,2,"$226.00",7,365,0,0,0,NA,"f",NA
8240,"19/12/2014","within an hour","t",47,"t","Waverley",-33.89297018,151.2727287,"Entire home/apt",7,2,4,"$875.00",7,365,0,3,0,4.67,"f",0.17
3371,"21/02/2012","within a day","f",1,"t","Warringah",-33.74858,151.2168,"Entire home/apt",8,4.5,4,"$309.00",90,1125,19,3,0,5,"f",0.05
4018,"3/12/2013","within a few hours","t",3,"t","Sydney",-33.88138,151.21619,"Entire home/apt",2,NA,1,"",3,40,8,16,1,4.81,"f",0.23
5827,"25/11/2020","within an hour","f",45,"t","Woollahra",-33.87837,151.24036,"Entire home/apt",5,2,3,"$286.00",3,365,11,58,0,4.86,"f",1.37
7380,"27/07/2014","N/A","f",1,"t","Pittwater",-33.64715351,151.3141048,"Entire home/apt",5,2,3,"$911.00",90,1125,22,1,0,5,"f",0.03
16780,"4/01/2019","within an hour","f",17,"t","Sydney",-33.8765704,151.2040317,"Entire home/apt",3,1,1,"$182.00",1,45,10,2,0,4,"t",1.05
3887,"30/10/2016","N/A","f",1,"t","Sutherland Shire",-34.00755,151.11003,"Private room",2,1,2,"$160.00",90,1125,29,2,0,4.5,"t",0.03
10228,"24/11/2023","within an hour","f",1,"t","Mosman",-33.82814,151.2524,"Entire home/apt",3,1,2,"$315.00",3,90,23,25,1,5,"t",1.45
16403,"16/11/2018","within an hour","f",2,"t","Sydney",-33.87066,151.19796,"Entire home/apt",4,2,2,"$318.00",1,90,8,2,1,5,"t",0.82
8969,"30/06/2016","within an hour","",6,"t","Woollahra",-33.8813108,151.2600338,"Entire home/apt",2,NA,1,"",3,16,0,2,0,5,"f",0.12
6858,"28/05/2015","within a day","f",19,"t","Marrickville",-33.89612606,151.1674606,"Entire home/apt",1,1,1,"$140.00",2,21,17,13,0,4.62,"f",0.58
8069,"7/02/2013","within a day","f",1,"t","Warringah",-33.78364,151.27309,"Entire home/apt",2,1,1,"$140.00",2,365,0,6,0,5,"f",0.25
1973,"27/07/2016","within an hour","t",1,"t","Waverley",-33.8923188,151.2831556,"Entire home/apt",4,1,1,"$304.00",2,1125,25,9,1,4.78,"f",1.4
8519,"29/04/2023","within an hour","t",2,"t","Bankstown",-33.95213413,151.0225006,"Entire home/apt",7,2,3,"$270.00",1,60,15,63,2,4.9,"f",2.47
13284,"19/03/2018","within a day","t",1,"f","Canterbury",-33.9296277,151.0852877,"Private room",2,1,1,"$50.00",3,365,13,17,0,4.88,"f",1.82
3487,"27/10/2017","within a day","f",289,"t","Sydney",-33.86955,151.20533,"Entire home/apt",4,2,2,"$668.00",90,1125,28,1,0,5,"f",0.02
5892,"12/05/2016","within a few hours","f",1,"t","Sutherland Shire",-34.071766,151.11412,"Entire home/apt",8,4,4,"$1,250.00",2,365,22,4,0,4.75,"f",0.1
9840,"8/07/2016","within an hour","f",1,"t","Waverley",-33.89606009,151.2540588,"Entire home/apt",2,1,1,"$225.00",2,28,27,29,0,4.86,"f",1.42
4291,"17/06/2018","N/A","f",2,"t","Marrickville",-33.90957,151.15416,"Private room",2,1,1,"$200.00",90,1125,29,0,0,NA,"t",NA
6046,"20/05/2019","within an hour","t",2,"t","Bankstown",-33.91359,151.04109,"Entire home/apt",4,1,2,"$97.00",2,1125,3,166,2,4.83,"t",4.35
13374,"1/07/2015","within an hour","t",40,"t","Ryde",-33.8187351,151.0935005,"Entire home/apt",6,2,3,"$216.00",4,365,25,6,1,5,"t",0.67
16826,"3/01/2017","within an hour","t",37,"t","Sydney",-33.87879924,151.2090865,"Entire home/apt",6,2,2,"$212.00",1,365,6,11,4,4.73,"f",3.79
9092,"18/07/2017","within a few hours","f",1,"f","Warringah",-33.7413,151.29547,"Entire home/apt",5,NA,4,"",3,14,0,4,0,5,"t",0.22
13722,"21/02/2019","within an hour","f",105,"t","Hornsby",-33.68152,151.11116,"Entire home/apt",8,2.5,4,"$330.00",2,365,0,3,0,4.33,"t",0.36
17687,"14/07/2016","within an hour","f",1,"t","Hornsby",-33.74667,151.05108,"Private room",2,1,1,"$78.00",1,730,15,3,3,5,"t",3
11952,"7/10/2021","within an hour","f",2,"t","Hornsby",-33.51909062,151.1771219,"Entire home/apt",10,2,4,"$627.00",1,365,29,0,0,NA,"t",NA
5743,"26/12/2020","N/A","f",1,"t","Waverley",-33.88999,151.27919,"Entire home/apt",2,NA,1,"",3,60,0,34,0,4.76,"f",0.81
12141,"14/03/2018","within an hour","f",44,"t","City Of Kogarah",-33.9700481,151.1153529,"Entire home/apt",4,2,2,"$209.00",2,365,21,11,0,4.18,"f",0.89
1745,"28/01/2015","within a few hours","t",1,"t","Fairfield",-33.88383,150.96432,"Private room",2,1,1,"$94.00",2,1125,0,90,0,4.87,"t",0.92
17915,"18/02/2022","within an hour","f",2,"t","Woollahra",-33.87956979,151.2259453,"Entire home/apt",9,4,5,"$749.00",2,365,4,0,0,NA,"t",NA
12011,"24/12/2016","within an hour","",14,"t","Sydney",-33.877151,151.2167094,"Entire home/apt",5,1,2,"$320.00",2,365,20,28,1,4.93,"f",2.43
5210,"10/08/2014","N/A","f",1,"t","Ku-Ring-Gai",-33.75467,151.15564,"Private room",2,1,1,"$90.00",90,365,29,0,0,NA,"t",NA
1964,"6/12/2013","within an hour","t",7,"f","Waverley",-33.90746,151.26315,"Entire home/apt",2,1,0,"$132.00",5,180,12,159,2,4.71,"f",1.64
7257,"15/12/2016","within an hour","f",4,"t","Botany Bay",-33.9337,151.19595,"Private room",2,1,1,"$67.00",1,90,29,50,1,4.7,"f",1.95
12155,"20/04/2020","within an hour","f",47,"t","Sutherland Shire",-34.07739,151.13223,"Entire home/apt",6,1,2,"$213.00",1,1125,29,8,1,4.13,"t",1.03
15885,"30/09/2020","N/A","f",1,"f","Sydney",-33.87569553,151.2086738,"Entire home/apt",4,1,2,"$329.00",30,90,0,0,0,NA,"f",NA
7002,"27/04/2015","within an hour","",4,"t","North Sydney",-33.82314,151.19798,"Entire home/apt",4,2,2,"$257.00",21,365,8,97,2,4.78,"t",3.04
9634,"9/03/2016","within a few hours","f",1,"t","Warringah",-33.74297032,151.289883,"Entire home/apt",6,1,3,"$342.00",5,14,5,3,0,5,"f",0.17
2944,"6/08/2013","N/A","f",1,"t","Waverley",-33.90371,151.2542,"Entire home/apt",4,NA,1,"",90,1125,0,17,0,4.76,"t",0.22
17222,"7/10/2015","within a few hours","f",1,"t","Waverley",-33.8893648,151.2698333,"Private room",2,1,0,"$140.00",5,14,0,1,0,5,"f",0.49
8819,"8/08/2016","within an hour","t",16,"t","Sydney",-33.86030055,151.2019282,"Entire home/apt",4,1.5,2,"$285.00",5,60,7,49,2,4.78,"t",2.4
8731,"31/01/2016","within an hour","t",48,"t","Waverley",-33.8577487,151.2840997,"Entire home/apt",4,NA,2,"",90,1124,0,16,0,4.88,"f",0.75
9988,"15/10/2023","within a day","f",18,"f","Sydney",-33.89187421,151.1952213,"Private room",1,2,1,"$86.00",1,365,22,12,0,4.42,"f",0.61
8847,"29/08/2024","N/A","f",39,"t","North Sydney",-33.8322967,151.2187592,"Entire home/apt",2,1,1,"$200.00",5,1125,1,18,0,4.67,"t",0.79
9349,"16/08/2023","within an hour","t",1,"t","Rockdale",-33.9331268,151.1463045,"Private room",2,1,1,"$84.00",1,7,17,77,6,4.92,"f",3.47
16987,"23/05/2012","within a few hours","t",117,"t","Waverley",-33.89016,151.27328,"Entire home/apt",6,3,3,"$781.00",5,89,29,0,0,NA,"f",NA
16787,"15/11/2019","within an hour","",4,"t","Ryde",-33.7997029,151.0707722,"Entire home/apt",9,2,4,"$294.00",4,365,6,3,2,4.67,"t",1.91
2425,"6/05/2018","N/A","f",4,"t","Hornsby",-33.73645,151.07896,"Entire home/apt",4,3,4,"$284.00",300,360,29,0,0,NA,"f",NA
8640,"4/06/2014","within a day","f",0,"t","Manly",-33.78823816,151.2872309,"Entire home/apt",5,1,2,"$474.00",90,182,28,7,0,4.71,"f",0.44
8398,"1/01/2017","N/A","f",1,"t","Sutherland Shire",-33.97715,150.99455,"Entire home/apt",6,1,2,"$722.00",90,365,29,0,0,NA,"t",NA
7849,"23/05/2016","within a few hours","t",4,"t","Botany Bay",-33.94361,151.21045,"Entire home/apt",13,2.5,3,"$627.00",1,1125,29,53,0,4.98,"f",1.9
12402,"27/05/2014","within an hour","t",61,"t","Randwick",-33.94414,151.26014,"Entire home/apt",4,1,2,"$504.00",7,365,22,0,0,NA,"f",NA
13282,"27/06/2017","within an hour","f",46,"t","Campbelltown",-33.9764524,150.8216692,"Entire home/apt",8,2.5,4,"$203.00",2,45,7,11,0,5,"t",1.17
9424,"10/10/2014","within an hour","t",2,"t","Blacktown",-33.7419342,150.946484,"Private room",2,1,1,"$89.00",1,26,20,47,2,4.91,"f",2.17
13687,"7/03/2017","within a day","f",1,"t","Pittwater",-33.63476061,151.3203153,"Entire home/apt",8,3,4,"$600.00",5,365,27,2,0,5,"f",0.37
3713,"25/09/2019","within an hour","f",6,"t","Manly",-33.80186,151.29465,"Entire home/apt",2,1,1,"$219.00",2,1125,27,17,0,4.41,"t",0.25
1224,"13/03/2015","within an hour","f",19,"t","Rockdale",-33.95348,151.13567,"Private room",1,1,1,"$55.00",7,1125,12,34,1,4.53,"t",0.32
3335,"13/11/2014","within a day","t",82,"t","Pittwater",-33.60119,151.3273,"Entire home/apt",8,3,3,"$983.00",1,1125,26,3,0,5,"f",0.05
7327,"27/05/2014","within an hour","t",61,"t","Sydney",-33.87545263,151.2198344,"Entire home/apt",4,1,2,"$350.00",90,365,29,0,0,NA,"f",NA
569,"20/10/2014","N/A","f",1,"t","Manly",-33.80031,151.2889,"Entire home/apt",6,2,2,"$900.00",90,1125,23,103,0,4.89,"f",0.8
14318,"14/06/2016","within an hour","t",5,"t","Manly",-33.80378203,151.2413512,"Entire home/apt",4,NA,1,"",2,365,0,6,0,5,"t",0.87
11667,"13/05/2022","within an hour","f",16,"t","Willoughby",-33.79854073,151.1795019,"Entire home/apt",5,2,2,"$222.00",2,365,21,19,2,4.26,"t",1.4
16670,"6/06/2016","within an hour","f",37,"t","Sydney",-33.88517807,151.1774766,"Entire home/apt",3,1,1,"$113.00",1,365,28,2,2,4.5,"t",2
16713,"20/01/2015","within an hour","f",1,"t","Rockdale",-33.98186,151.13966,"Entire home/apt",2,1,1,"$131.00",1,365,27,6,2,5,"f",2.9
4967,"5/02/2015","within an hour","t",19,"t","Sydney",-33.8729,151.19681,"Entire home/apt",4,1,1,"$163.00",28,90,0,43,0,4.65,"t",0.83
2432,"1/04/2018","within an hour","t",7,"t","Botany Bay",-33.95062,151.22901,"Private room",2,1,2,"$164.00",1,1125,0,25,0,4.96,"f",0.29
12228,"27/03/2016","within an hour","f",7,"t","Waverley",-33.89379319,151.2598038,"Entire home/apt",4,1,1,"$162.00",2,365,25,58,3,4.48,"t",4.51
13060,"23/10/2015","within an hour","f",5,"t","Waverley",-33.88211,151.28154,"Entire home/apt",6,NA,3,"",3,89,1,4,0,5,"f",0.5
7493,"5/08/2016","within an hour","",2,"t","Waverley",-33.90115099,151.2686393,"Entire home/apt",6,1,3,"$339.00",3,730,14,138,2,4.96,"f",4.62
14958,"8/03/2017","within a day","f",18,"t","Strathfield",-33.86744,151.08782,"Entire home/apt",4,1,2,"$248.00",1,365,26,0,0,NA,"f",NA
6969,"21/09/2018","within an hour","t",1,"t","Sydney",-33.8758316,151.2215142,"Entire home/apt",2,1,1,"$137.00",2,1125,25,66,1,4.76,"t",2.2
16427,"8/07/2017","within an hour","",83,"t","Burwood",-33.87843,151.09826,"Private room",1,1,1,"$66.00",1,365,25,1,1,5,"t",1
3739,"11/10/2019","within an hour","f",138,"t","Auburn",-33.82627,151.07684,"Entire home/apt",2,1,1,"$199.00",2,1125,29,34,0,4.56,"f",0.49
13142,"6/01/2016","within an hour","t",12,"t","Randwick",-33.92229,151.25111,"Private room",2,1,1,"$159.00",1,365,13,14,0,5,"t",1.34
4170,"15/09/2016","within a few hours","f",39,"t","Pittwater",-33.63887,151.32004,"Entire home/apt",8,3.5,3,"$510.00",90,1125,29,1,0,5,"f",0.02
4883,"31/03/2021","N/A","f",1,"t","Manly",-33.79018,151.28471,"Private room",1,1,1,"$200.00",90,1125,29,0,0,NA,"f",NA
5536,"17/12/2018","within an hour","t",18,"t","Waverley",-33.88934,151.27335,"Entire home/apt",2,1,1,"$165.00",3,1125,29,203,0,4.94,"f",4.21
5680,"20/05/2015","within an hour","f",11,"t","Leichhardt",-33.88641,151.17095,"Private room",2,1,1,"$73.00",1,365,20,74,2,4.76,"f",1.83
16089,"12/10/2021","within an hour","f",34,"t","Willoughby",-33.7963132,151.1798881,"Entire home/apt",2,1,0,"$107.00",1,365,12,3,0,5,"t",0.78
10311,"27/10/2019","within an hour","f",5,"t","Fairfield",-33.8809588,150.9191479,"Entire home/apt",5,1,1,"$68.00",1,365,29,21,0,4.57,"f",1.09
8168,"26/08/2016","within an hour","f",78,"t","Marrickville",-33.90316689,151.1391338,"Entire home/apt",4,1,1,"$183.00",90,365,16,33,1,4.76,"t",1.39
4232,"3/02/2014","N/A","f",1,"t","Waverley",-33.89341,151.26153,"Private room",1,1,1,"$150.00",3,5,0,0,0,NA,"f",NA
1614,"17/01/2017","within an hour","f",3,"t","Sydney",-33.91716,151.19733,"Private room",2,2,3,"$160.00",3,1125,26,4,0,5,"f",0.04
669,"6/05/2012","N/A","f",1,"t","Marrickville",-33.90762,151.13515,"Private room",2,1,1,"$155.00",90,1125,29,2,0,4,"t",0.02
3605,"16/11/2016","a few days or more","f",5,"t","Ashfield",-33.88972,151.12626,"Private room",2,2.5,2,"$60.00",90,1125,22,3,0,5,"f",0.1
8082,"13/06/2015","within an hour","",8,"t","Randwick",-33.9253,151.23328,"Private room",1,1,1,"$73.00",2,1125,29,14,1,4.64,"f",0.5
10385,"26/08/2016","within an hour","f",78,"t","Strathfield",-33.86927056,151.084499,"Entire home/apt",6,2,2,"$299.00",90,365,16,13,1,4.92,"t",0.7
5165,"14/07/2017","N/A","f",1,"t","Woollahra",-33.88085,151.22408,"Entire home/apt",4,1,3,"$450.00",90,1125,29,0,0,NA,"f",NA
11225,"7/11/2019","within an hour","f",25,"t","Fairfield",-33.8848387,150.9623028,"Entire home/apt",5,NA,2,"",5,90,0,5,0,4.8,"f",0.33
11516,"20/09/2015","within a day","f",1,"t","Warringah",-33.7806839,151.2889491,"Entire home/apt",2,1,1,"$153.00",90,365,0,3,0,4.33,"f",0.28
15639,"23/11/2023","within an hour","f",1,"t","Parramatta",-33.81605,151.00971,"Entire home/apt",3,1,2,"$162.00",2,28,12,20,4,4.4,"f",4.03
14878,"16/11/2014","N/A","f",1,"t","Randwick",-33.92782,151.24525,"Entire home/apt",8,NA,3,"",7,10,0,0,0,NA,"f",NA
6479,"24/07/2019","N/A","f",912,"t","Auburn",-33.83308,151.07531,"Entire home/apt",2,1,1,"$178.00",90,365,0,10,0,4.4,"t",0.29
445,"28/08/2014","within an hour","f",4,"t","Bankstown",-33.90213,151.01591,"Private room",1,1,2,"$45.00",3,30,23,31,0,4.84,"f",0.31
10374,"23/05/2012","within a few hours","t",117,"t","Waverley",-33.8890902,151.2831834,"Entire home/apt",2,1,0,"$226.00",5,365,0,2,0,5,"t",0.15
7872,"20/10/2015","N/A","f",1,"t","Sutherland Shire",-34.05059893,151.1493044,"Entire home/apt",6,NA,3,"",90,365,0,4,0,5,"f",0.22
3221,"27/03/2019","within an hour","t",1,"t","Pittwater",-33.6619,151.31977,"Entire home/apt",5,1,2,"$190.00",2,365,29,93,0,4.94,"f",1.24
8333,"13/08/2012","within an hour","t",5,"t","Waverley",-33.88763,151.27499,"Entire home/apt",4,1,1,"$266.00",1,365,21,8,0,4.75,"f",0.32
8000,"27/02/2014","within an hour","t",2,"t","Pittwater",-33.625326,151.3381773,"Entire home/apt",4,1,1,"$293.00",1,3,28,41,2,5,"f",1.54
12095,"1/04/2013","N/A","f",1,"t","Mosman",-33.8309147,151.2389887,"Private room",3,1,1,"$91.00",90,365,0,0,0,NA,"f",NA
9007,"23/01/2016","within an hour","t",1,"t","Waverley",-33.8875227,151.2782635,"Private room",1,1,2,"$79.00",2,365,29,41,3,4.93,"f",1.94
7287,"4/11/2019","within an hour","t",15,"t","Botany Bay",-33.9296587,151.1964252,"Private room",2,1.5,1,"$74.00",3,365,26,14,0,4.93,"t",0.45
548,"3/10/2013","within a day","f",1,"t","Mosman",-33.82127,151.24169,"Entire home/apt",6,3,4,"$596.00",10,45,29,20,0,4.7,"f",0.17
17846,"9/04/2024","within an hour","f",50,"t","Sydney",-33.91283,151.20725,"Entire home/apt",4,2,2,"$180.00",1,365,29,0,0,NA,"f",NA
12248,"30/07/2013","within a day","f",1,"t","Sydney",-33.8738972,151.1937162,"Private room",2,1,1,"$143.00",1,90,13,16,1,5,"f",1.4
9751,"10/12/2018","within an hour","t",7,"t","Willoughby",-33.79710607,151.1894316,"Entire home/apt",4,1,1,"$179.00",1,30,7,26,0,4.88,"f",1.23
17943,"16/05/2019","N/A","f",2,"t","Blacktown",-33.73096075,150.8766036,"Private room",2,1,1,"$80.00",1,7,29,0,0,NA,"t",NA
12383,"30/04/2024","within an hour","t",4,"t","Hornsby",-33.7071184,151.0980947,"Entire home/apt",4,2,2,"$190.00",2,300,14,84,6,4.92,"t",7.16
2799,"18/11/2017","N/A","f",2,"t","Warringah",-33.75416,151.28458,"Private room",1,1,1,"$240.00",90,1125,29,0,0,NA,"f",NA
15893,"9/12/2009","within a few hours","t",2,"t","Randwick",-33.94903524,151.2492401,"Private room",2,1,1,"$119.00",1,90,28,10,2,5,"f",2.31
301,"10/05/2013","within an hour","t",1,"t","Sydney",-33.87057,151.23038,"Entire home/apt",2,1,1,"$150.00",1,365,0,144,0,4.89,"f",1.16
8782,"4/04/2023","within an hour","f",23,"t","Sydney",-33.9098,151.20844,"Entire home/apt",8,2,2,"$259.00",1,365,9,54,2,4.83,"t",2.35
2700,"30/03/2018","N/A","f",1,"f","Waverley",-33.86236,151.27888,"Entire home/apt",5,2.5,3,"$360.00",365,400,29,0,0,NA,"f",NA
7212,"11/04/2022","within an hour","t",6,"t","Waverley",-33.89808,151.27087,"Entire home/apt",8,3,4,"$719.00",2,90,13,7,0,4.86,"f",0.23
12375,"15/11/2017","within an hour","t",2,"t","Penrith",-33.7473773,150.6964146,"Entire home/apt",8,3,4,"$283.00",2,90,5,13,4,5,"f",2.31
14086,"6/10/2019","within an hour","t",2,"t","Liverpool",-33.9475552,150.8894902,"Entire home/apt",8,1,3,"$133.00",1,365,28,15,2,4.53,"f",2.63
13915,"11/12/2014","within a day","f",72,"t","Pittwater",-33.65202,151.27799,"Entire home/apt",10,2.5,4,"$1,627.00",2,1125,28,0,0,NA,"f",NA
17141,"15/04/2025","within an hour","f",5,"t","Blacktown",-33.69747,150.79432,"Private room",2,1,1,"$124.00",3,365,16,1,1,5,"f",1
3777,"9/04/2019","within an hour","f",5,"t","Sydney",-33.86937,151.22534,"Hotel room",2,1,1,"$178.00",1,365,29,31,0,4.68,"t",0.43
11886,"16/10/2021","within an hour","f",40,"t","Fairfield",-33.88575,150.9289,"Entire home/apt",12,NA,5,"",2,365,20,27,1,4.52,"t",2.04
3283,"21/01/2019","within a few hours","t",2,"t","Willoughby",-33.79644,151.16233,"Entire home/apt",2,1,1,"$113.00",2,40,0,235,2,4.91,"f",3.03
13473,"13/08/2019","within an hour","",37,"t","Waverley",-33.86984,151.27707,"Entire home/apt",6,4.5,3,"$1,615.00",7,30,0,2,0,5,"f",0.36
9615,"27/11/2014","N/A","t",2,"t","Marrickville",-33.9021823,151.1748902,"Entire home/apt",2,NA,1,"",2,365,0,29,0,5,"f",1.35
13665,"10/09/2012","within an hour","f",6,"t","Waverley",-33.86464,151.28345,"Private room",2,1,1,"$87.00",5,30,12,6,0,4.17,"f",0.71
4995,"23/05/2012","within a few hours","t",117,"t","Randwick",-33.917789,151.257675,"Entire home/apt",2,1,1,"$263.00",5,89,18,27,0,4.85,"f",0.58
314,"10/10/2014","within a few hours","f",2,"t","North Sydney",-33.82993,151.22648,"Private room",1,1,1,"$68.00",90,1125,29,10,0,4.8,"f",0.08
9604,"31/03/2023","within an hour","t",1,"t","Sydney",-33.87078423,151.2280081,"Entire home/apt",4,2,2,"$405.00",90,1125,14,35,1,4.94,"t",1.72
1908,"2/05/2017","within a day","f",1,"t","Warringah",-33.73226,151.29023,"Private room",2,1,1,"$173.00",1,2,28,7,0,4.86,"f",0.46
2290,"27/10/2017","within a day","f",289,"t","North Sydney",-33.82224,151.20457,"Entire home/apt",2,1,1,"$261.00",90,1125,27,0,0,NA,"f",NA
4623,"21/01/2019","N/A","f",4,"t","Ashfield",-33.88676,151.12604,"Entire home/apt",4,NA,2,"",90,1125,28,12,0,3.67,"f",0.21
9337,"21/08/2023","within a few hours","t",1,"t","Sydney",-33.88472,151.18052,"Private room",2,1,1,"$108.00",1,100,7,33,2,4.91,"f",1.58
14053,"12/04/2019","within an hour","f",63,"t","Campbelltown",-33.98179,150.90014,"Private room",1,2.5,1,"$44.00",3,89,18,8,0,4.25,"f",1.28
12183,"10/07/2013","within an hour","f",244,"t","Manly",-33.79057,151.28591,"Entire home/apt",6,2.5,3,"$462.00",1,1125,0,0,0,NA,"t",NA
788,"30/03/2013","N/A","f",1,"t","Waverley",-33.89175,151.24497,"Entire home/apt",3,1,1,"$293.00",90,1125,26,37,0,4.86,"f",0.26
2350,"30/06/2017","within an hour","t",5,"t","Burwood",-33.87455,151.11322,"Private room",2,1,1,"$100.00",1,1125,23,153,0,4.8,"f",1.61
18167,"9/08/2022","within a few hours","f",40,"t","Sydney",-33.89405,151.20403,"Entire home/apt",2,1,1,"$181.00",1,365,29,0,0,NA,"f",NA
16360,"27/09/2010","within an hour","f",26,"t","Sydney",-33.88684672,151.2010603,"Entire home/apt",2,1,1,"$216.00",1,1125,14,1,0,2,"t",0.41
4372,"9/11/2018","a few days or more","f",2,"t","Hornsby",-33.77114,151.08361,"Private room",2,1,1,"$49.00",90,1125,29,0,0,NA,"t",NA
16341,"9/11/2014","within a day","f",1,"t","Sydney",-33.8751969,151.2232745,"Entire home/apt",2,1,1,"$160.00",5,90,12,4,1,5,"f",1.13
8351,"10/05/2023","within an hour","t",2,"t","Ryde",-33.8045119,151.0757263,"Entire home/apt",2,1,1,"$95.00",2,65,10,9,0,5,"f",0.36
10742,"23/05/2012","within a few hours","t",117,"t","Waverley",-33.8890902,151.2831834,"Entire home/apt",2,1,0,"$226.00",5,365,17,1,0,5,"f",0.14
8162,"24/07/2019","N/A","f",912,"t","Leichhardt",-33.85559,151.17881,"Entire home/apt",6,2,3,"$341.00",3,365,10,43,2,4.53,"t",1.61
15710,"7/05/2018","within an hour","f",1,"f","Holroyd",-33.81203734,150.9770932,"Entire home/apt",6,1,3,"$167.00",2,365,15,11,4,4.91,"f",2.31
11554,"7/03/2024","within an hour","f",1,"t","Blacktown",-33.7654137,150.9416202,"Entire home/apt",5,1,0,"$89.00",1,365,22,20,1,4.7,"f",1.61
16525,"25/10/2019","within an hour","",14,"t","Sydney",-33.87061,151.19288,"Entire home/apt",6,2,3,"$203.00",1,365,9,8,1,4.75,"t",3.08
9983,"31/08/2010","within an hour","f",1,"t","North Sydney",-33.82787,151.20586,"Private room",1,1,1,"$191.00",90,365,29,1,0,5,"f",0.05
1422,"8/10/2016","N/A","f",1,"f","Sydney",-33.9066,151.21338,"Private room",3,1,1,"$148.00",90,90,29,0,0,NA,"f",NA
15840,"4/12/2024","within a few hours","f",53,"t","Sydney",-33.90935898,151.2055952,"Entire home/apt",4,1,2,"$282.00",7,40,0,1,0,4,"f",0.22
11407,"7/05/2023","N/A","t",1,"t","Bankstown",-33.94528063,151.0023198,"Private room",1,2,1,"$56.00",90,90,28,32,0,4.78,"f",2.11
16918,"17/04/2018","within an hour","",24,"t","Botany Bay",-33.94049,151.22589,"Entire home/apt",8,3,4,"$333.00",3,365,0,0,0,NA,"t",NA
5525,"18/06/2016","within an hour","f",1,"t","Randwick",-33.93373,151.26045,"Entire home/apt",10,5.5,5,"$5,530.00",2,365,29,2,0,5,"f",0.05
17547,"20/09/2022","within an hour","f",39,"t","Bankstown",-33.91464573,151.0359125,"Entire home/apt",6,2,2,"$147.00",3,365,19,0,0,NA,"t",NA
1800,"10/12/2013","within a few hours","t",4,"t","Marrickville",-33.89067,151.17694,"Entire home/apt",8,NA,3,"",14,730,0,1,0,5,"f",0.01
2010,"15/01/2013","within an hour","f",8,"t","Waverley",-33.89768,151.26775,"Entire home/apt",2,1,0,"$113.00",1,1125,16,375,2,4.43,"f",4.05
2926,"9/10/2018","within an hour","f",10,"t","Bankstown",-33.92224,151.02866,"Private room",2,1,1,"$87.00",1,14,7,60,1,4.67,"t",0.76
8395,"19/02/2020","within an hour","f",22,"t","Marrickville",-33.91272542,151.1546655,"Entire home/apt",5,2,2,"$225.00",2,365,16,36,1,4.47,"f",1.4
14891,"14/12/2023","N/A","f",1,"t","Botany Bay",-33.92266,151.18678,"Private room",2,NA,2,"",1,365,29,0,0,NA,"f",NA
10238,"16/07/2015","N/A","f",1,"t","North Sydney",-33.82238,151.2125,"Entire home/apt",6,NA,3,"",7,21,0,1,0,5,"f",0.06
11594,"14/01/2015","within an hour","f",4,"t","Randwick",-33.9760707,151.2435707,"Entire home/apt",2,1,1,"$136.00",2,365,3,54,4,4.87,"t",4.14
14057,"4/04/2023","within an hour","f",23,"t","Botany Bay",-33.92460429,151.1863119,"Entire home/apt",7,2,2,"$218.00",1,365,4,12,2,4.92,"t",1.71
7762,"8/11/2015","N/A","f",1,"t","Sutherland Shire",-34.0474415,151.1308582,"Entire home/apt",6,NA,3,"",90,365,15,2,0,5,"f",0.1
1236,"19/05/2016","within an hour","t",4,"t","Hornsby",-33.58864,151.11506,"Entire home/apt",6,3,3,"$629.00",2,90,23,186,1,4.96,"t",1.8
11364,"13/08/2018","within an hour","f",57,"t","Sydney",-33.87822113,151.2043983,"Entire home/apt",2,1,0,"$172.00",1,365,9,35,1,4.66,"f",2.32
12165,"24/10/2011","within an hour","t",75,"t","Manly",-33.7985651,151.2837706,"Entire home/apt",2,1,1,"$190.00",3,365,26,20,1,4.7,"t",1.73
13795,"22/04/2024","within a few hours","f",3,"t","Hornsby",-33.69689,151.02561,"Entire home/apt",4,1,2,"$188.00",1,1125,20,1,0,3,"t",0.18
7279,"12/08/2017","within an hour","t",1,"t","Blacktown",-33.77157,150.82236,"Entire home/apt",7,2,3,"$216.00",10,90,22,82,2,4.87,"t",2.71
13569,"29/08/2024","N/A","f",39,"t","Randwick",-33.91350977,151.2632974,"Entire home/apt",4,NA,2,"",5,1125,0,1,0,5,"t",0.15
13511,"6/03/2016","N/A","f",2,"t","Randwick",-33.92020286,151.2496529,"Private room",2,1,1,"$134.00",1,365,0,2,0,5,"f",0.37
6789,"12/02/2016","within an hour","t",21,"t","Manly",-33.79763602,151.2837461,"Entire home/apt",3,1,2,"$275.00",3,30,0,54,1,4.83,"f",1.71
13176,"16/07/2024","within a few hours","f",49,"t","Hornsby",-33.77289,151.08228,"Entire home/apt",4,2,2,"$221.00",7,365,0,2,0,4,"f",0.23
10535,"1/09/2024","N/A","f",44,"t","Mosman",-33.84107941,151.2343836,"Entire home/apt",5,1,2,"$267.00",5,1125,0,9,0,4,"t",0.5
10149,"8/09/2019","within an hour","f",5,"t","Blacktown",-33.71865391,150.9256732,"Entire home/apt",7,2.5,3,"$133.00",2,60,17,48,0,4.67,"f",2.65
8287,"19/12/2014","within an hour","t",47,"t","Pittwater",-33.60952,151.33058,"Entire home/apt",11,3,4,"$1,594.00",3,90,26,23,0,4.83,"f",0.89
478,"3/05/2015","N/A","f",1,"f","Blacktown",-33.78122,150.89702,"Private room",2,1,1,"$100.00",90,1125,28,0,0,NA,"f",NA
13615,"31/01/2016","within an hour","t",48,"t","Waverley",-33.892036,151.2830983,"Entire home/apt",4,1,2,"$325.00",1,365,29,3,0,5,"t",0.36
11469,"22/06/2020","within an hour","f",1,"t","Leichhardt",-33.88087978,151.1464056,"Entire home/apt",1,1,1,"$112.00",2,365,6,59,4,4.88,"f",3.81
1834,"26/11/2017","within an hour","f",2,"t","Hornsby",-33.65103,151.10358,"Entire home/apt",2,1,1,"$88.00",2,7,29,55,0,4.42,"f",0.82
8693,"10/07/2017","within an hour","t",1,"t","Warringah",-33.7581189,151.2561717,"Entire home/apt",8,2,4,"$543.00",3,60,0,31,0,4.87,"f",1.49
3658,"9/12/2018","within a day","f",11,"t","North Sydney",-33.82956,151.21022,"Hotel room",2,1,1,"$89.00",7,1125,28,4,0,4.75,"f",0.1
1749,"18/08/2017","N/A","f",1,"t","Burwood",-33.87429,151.09448,"Entire home/apt",6,1,3,"$495.00",90,90,29,44,0,4.3,"f",0.47
7496,"29/04/2015","within a day","f",1,"t","Warringah",-33.78103393,151.2680121,"Entire home/apt",4,2,2,"$195.00",7,40,17,6,0,4.67,"f",0.21
15555,"23/07/2023","within an hour","f",10,"t","Sydney",-33.8889709,151.1830638,"Entire home/apt",4,1,1,"$208.00",2,45,18,3,0,4.67,"t",1.01
4822,"21/08/2013","within an hour","",4,"t","Sydney",-33.8711853,151.2275391,"Entire home/apt",4,2,2,"$525.00",2,200,17,188,2,4.84,"f",3.34
9235,"31/01/2016","within an hour","t",1,"t","Sydney",-33.8707,151.22187,"Entire home/apt",4,1,2,"$287.00",3,1125,0,20,2,4.95,"f",1.01
16808,"7/04/2023","within an hour","f",67,"t","Bankstown",-33.91211002,151.0546515,"Private room",4,1,1,"$46.00",1,365,17,1,0,5,"t",0.51
14233,"13/08/2019","within an hour","",37,"t","Waverley",-33.89447,151.26507,"Entire home/apt",4,NA,2,"",2,30,0,1,0,5,"t",0.18
17600,"16/10/2024","N/A","f",4,"t","Sydney",-33.90824715,151.2092493,"Entire home/apt",4,2,2,"$160.00",4,12,0,0,0,NA,"t",NA
14354,"27/10/2024","within a day","f",3,"t","Sydney",-33.87347682,151.2228518,"Private room",2,1,0,"$269.00",1,365,29,1,0,3,"f",0.14
10371,"29/09/2018","within a day","f",1,"t","Waverley",-33.89175,151.26725,"Entire home/apt",3,2,2,"$550.00",10,14,28,0,0,NA,"f",NA
9134,"10/10/2014","within an hour","t",1,"t","Auburn",-33.86462681,151.0464872,"Shared room",1,1,1,"$65.00",3,31,21,20,0,4.9,"f",0.89
4716,"16/02/2020","a few days or more","f",4,"t","Marrickville",-33.88898,151.17129,"Entire home/apt",2,1,0,"$70.00",90,1125,0,2,0,5,"f",0.04
16186,"31/01/2016","within an hour","t",4,"t","Sydney",-33.8684,151.20665,"Entire home/apt",2,1,1,"$206.00",1,365,13,18,5,5,"f",5.14
16792,"7/04/2023","within an hour","f",67,"t","Bankstown",-33.9140162,151.0524171,"Private room",2,1,1,"$46.00",1,365,29,3,2,5,"t",2.25
5611,"25/04/2014","within an hour","t",1,"t","Hornsby",-33.7011,151.08364,"Entire home/apt",4,1,2,"$188.00",1,90,27,156,3,4.78,"f",3.69
717,"23/11/2015","a few days or more","f",1,"t","North Sydney",-33.83715,151.21296,"Private room",2,1,1,"$103.00",90,1125,29,117,0,4.91,"f",1.03
14398,"13/06/2023","within an hour","f",8,"t","Sydney",-33.88418,151.1793576,"Entire home/apt",2,1,1,"$126.00",7,365,11,0,0,NA,"f",NA
16287,"29/08/2024","N/A","f",39,"t","Leichhardt",-33.86374423,151.1804627,"Entire home/apt",4,2,2,"$267.00",84,1125,12,0,0,NA,"t",NA
11489,"21/05/2023","within an hour","t",2,"t","Sydney",-33.89527,151.21524,"Entire home/apt",7,2.5,5,"$435.00",1,365,16,35,2,4.77,"f",2.58
2718,"6/08/2013","N/A","f",1,"t","Manly",-33.80212,151.28996,"Entire home/apt",2,NA,1,"",90,365,0,33,0,4.82,"f",1
5923,"9/08/2015","within an hour","t",2,"t","Sydney",-33.86742,151.22439,"Entire home/apt",2,1,1,"$167.00",2,1125,19,143,1,4.87,"t",3.68
4138,"26/08/2016","within an hour","t",24,"t","Sydney",-33.87907,151.20961,"Entire home/apt",2,1,1,"$338.00",1,1125,28,4,0,4.75,"f",0.09
16509,"29/11/2023","within an hour","f",46,"t","Ku-Ring-Gai",-33.7659076,151.1616799,"Private room",1,1,1,"$42.00",2,365,19,1,0,2,"f",0.29
3363,"29/04/2015","within a few hours","t",1,"t","Sydney",-33.89228,151.20161,"Entire home/apt",2,1,1,"$138.00",2,90,20,118,1,4.65,"f",1.57
928,"1/02/2015","within an hour","f",1,"t","Lane Cove",-33.81086,151.14996,"Entire home/apt",10,3,5,"$566.00",2,180,0,26,0,4.92,"f",0.23
7311,"13/09/2018","within an hour","t",20,"t","Sydney",-33.87685,151.21333,"Entire home/apt",2,1,0,"$110.00",2,730,0,50,5,4.86,"f",2
15650,"18/12/2019","within an hour","t",25,"t","North Sydney",-33.8506309,151.2167909,"Entire home/apt",6,1,2,"$174.00",1,365,6,14,4,4.86,"f",3.11
11625,"28/04/2014","within a few hours","t",1,"f","Sutherland Shire",-34.01430467,151.0724338,"Entire home/apt",2,1,1,"$101.00",3,28,0,30,2,4.9,"f",2.32
12103,"1/03/2020","within a day","t",1,"t","Hornsby",-33.51622378,151.1781795,"Entire home/apt",4,1,2,"$225.00",2,365,14,22,0,5,"f",1.91
4847,"25/08/2019","within an hour","f",169,"t","Sydney",-33.8839964,151.2083809,"Private room",2,2,1,"$93.00",2,365,18,126,2,4.25,"f",2.29
4637,"12/05/2018","within an hour","t",1,"t","Manly",-33.79683,151.28586,"Entire home/apt",2,1,0,"$190.00",2,120,7,106,0,4.83,"t",1.6
12255,"17/12/2018","within an hour","t",18,"t","Waverley",-33.88772,151.27435,"Entire home/apt",2,1,1,"$208.00",2,365,11,40,1,4.95,"f",3.22
4638,"4/11/2019","within an hour","t",15,"t","Botany Bay",-33.93027,151.19591,"Private room",1,2,NA,"$68.00",3,1125,29,60,2,4.7,"t",0.91
11968,"31/01/2016","within an hour","t",48,"t","Randwick",-33.9179365,151.2578743,"Entire home/apt",4,1,2,"$273.00",1,730,13,11,3,4.91,"t",0.89
15085,"6/05/2020","within a day","f",7,"t","Marrickville",-33.90434,151.14324,"Private room",2,1,0,"$117.00",3,28,28,0,0,NA,"f",NA
2037,"27/09/2016","N/A","f",1,"t","Manly",-33.79256,151.26882,"Entire home/apt",5,NA,2,"",5,1125,0,8,0,4.75,"f",0.27
5491,"10/05/2018","within an hour","t",1,"t","Ku-Ring-Gai",-33.73265,151.16671,"Entire home/apt",4,2,2,"$205.00",28,182,0,6,0,4.83,"f",0.13
17305,"7/12/2024","within an hour","",4,"t","Sydney",-33.86365,151.20111,"Entire home/apt",4,2,2,"$745.00",90,365,11,0,0,NA,"t",NA
9452,"9/09/2023","N/A","f",1,"f","Ryde",-33.81761124,151.0802806,"Entire home/apt",8,2.5,4,"$738.00",5,14,27,1,0,5,"f",0.12
17172,"26/08/2016","within an hour","f",78,"t","Warringah",-33.78209,151.26604,"Entire home/apt",4,1,1,"$150.00",90,365,16,6,1,5,"t",2.47
2706,"13/03/2015","within an hour","f",19,"t","Rockdale",-33.95245,151.1345,"Private room",2,1,1,"$61.00",7,1125,27,20,0,4.45,"t",0.25
1852,"29/11/2017","within an hour","t",1,"t","Rockdale",-33.95725,151.15623,"Entire home/apt",6,1,2,"$170.00",5,120,17,101,1,4.91,"f",1.13
2776,"1/08/2013","within an hour","t",9,"t","Sydney",-33.86987797,151.1972088,"Entire home/apt",6,NA,2,"",3,100,0,24,0,4.42,"t",0.3
16181,"26/06/2024","within an hour","t",2,"t","Rockdale",-33.938486,151.1512489,"Entire home/apt",6,1.5,2,"$177.00",1,1125,12,13,9,5,"t",7.65
15061,"6/05/2020","within a day","f",7,"t","Marrickville",-33.9035158,151.1428229,"Private room",2,1,1,"$107.00",3,28,29,1,0,3,"f",0.18
5787,"13/11/2015","N/A","f",1,"t","Manly",-33.8012,151.2901,"Entire home/apt",4,1,2,"$700.00",2,30,0,20,0,4.85,"f",0.48
8059,"23/10/2015","within an hour","t",1,"t","Randwick",-33.91667446,151.2187818,"Entire home/apt",2,1,1,"$183.00",7,730,21,46,0,4.93,"f",1.64
11726,"27/04/2024","within an hour","f",1,"t","Sydney",-33.8710328,151.2256405,"Entire home/apt",2,1,1,"$203.00",2,14,5,17,1,4.76,"f",3.07
14719,"12/11/2024","within a few hours","f",20,"t","Rockdale",-33.93048,151.15182,"Entire home/apt",4,NA,2,"",7,21,0,0,0,NA,"f",NA
12031,"25/06/2018","N/A","f",1,"t","Canada Bay",-33.84013,151.10507,"Entire home/apt",7,2,2,"$225.00",1,90,0,43,3,4.91,"f",3.19
16114,"25/08/2018","within an hour","f",6,"f","Hurstville",-33.95001975,151.05508,"Private room",2,1,1,"$81.00",1,365,28,1,0,4,"t",0.34
14238,"7/04/2023","within an hour","f",67,"t","The Hills Shire",-33.74245734,150.9757298,"Private room",2,1,1,"$54.00",1,365,24,7,0,3.86,"t",0.89
13597,"17/06/2016","within an hour","t",9,"t","Sutherland Shire",-34.0511141,151.1539376,"Entire home/apt",6,NA,2,"",1,365,0,18,0,4.94,"t",2.17
14230,"1/10/2012","within an hour","f",45,"t","Waverley",-33.8929015,151.2722051,"Entire home/apt",2,1,1,"$167.00",2,90,27,4,0,3.25,"t",0.61
11567,"8/07/2017","within an hour","",83,"t","Strathfield",-33.86286541,151.0810791,"Private room",2,1,1,"$74.00",1,365,25,0,0,NA,"t",NA
10452,"25/11/2022","within an hour","f",6,"t","Marrickville",-33.91727783,151.1735678,"Private room",3,2.5,2,"$133.00",1,365,25,74,2,4.5,"t",4.13
1670,"23/05/2016","within an hour","",24,"t","Sydney",-33.90453,151.21338,"Entire home/apt",7,2,3,"$311.00",1,180,27,51,0,4.8,"f",0.52
11597,"7/03/2024","within an hour","t",31,"t","Sydney",-33.8774171,151.2132838,"Entire home/apt",4,1,1,"$134.00",1,365,6,87,7,4.79,"f",5.66
16182,"14/04/2023","within an hour","f",81,"t","Sydney",-33.8749267,151.2049108,"Entire home/apt",4,2,2,"$180.00",1,365,11,0,0,NA,"t",NA
9267,"24/10/2016","within an hour","f",72,"t","Randwick",-33.92047,151.24789,"Entire home/apt",4,1,2,"$207.00",2,90,13,57,3,4.91,"t",2.5
2409,"29/03/2018","within a few hours","t",1,"t","Manly",-33.79451839,151.2869019,"Entire home/apt",6,2.5,4,"$611.00",2,30,19,73,2,4.92,"f",0.85
199,"1/01/2015","within an hour","t",1,"t","Randwick",-33.92431,151.25337,"Entire home/apt",4,0,2,"$261.00",5,180,12,148,0,4.98,"f",1.18
2472,"27/06/2018","within an hour","f",3,"t","Blacktown",-33.7504,150.93403,"Entire home/apt",4,1,2,"$123.00",3,365,22,106,0,4.62,"f",1.27
17985,"29/10/2024","within an hour","f",16,"t","Botany Bay",-33.9216087,151.1942553,"Entire home/apt",4,2,2,"$187.00",6,365,6,0,0,NA,"f",NA
2596,"13/02/2014","within an hour","t",5,"t","Penrith",-33.76574,150.79282,"Entire home/apt",4,1,1,"$125.00",3,1125,11,160,0,4.78,"f",1.92
13250,"7/11/2012","within an hour","t",11,"t","Waverley",-33.89146765,151.2733098,"Entire home/apt",4,1,2,"$219.00",1,730,9,28,5,4.79,"t",3.01
15081,"15/10/2024","within a few hours","f",34,"t","Botany Bay",-33.92850815,151.1867861,"Entire home/apt",4,NA,2,"",7,365,0,1,0,2,"f",0.21
109,"4/09/2011","within a day","f",1,"t","Manly",-33.79112,151.27961,"Entire home/apt",9,NA,5,"",4,1125,0,18,0,4.72,"f",0.14
7052,"11/10/2019","within an hour","f",138,"t","Sydney",-33.90478,151.21274,"Entire home/apt",4,1,1,"$269.00",2,365,29,22,0,4.73,"f",0.69
11162,"20/05/2017","within an hour","t",2,"t","Sydney",-33.89967587,151.1808517,"Private room",2,1,1,"$68.00",1,180,2,78,2,4.95,"f",4.78
11566,"29/12/2018","N/A","f",1,"t","Manly",-33.78171,151.24192,"Entire home/apt",8,4,4,"$540.00",4,365,9,4,0,5,"f",0.28
10527,"23/05/2012","within a few hours","t",117,"t","Waverley",-33.8971664,151.2608176,"Entire home/apt",4,2,2,"$389.00",89,365,0,9,0,5,"f",0.56
2196,"20/01/2018","N/A","f",2,"f","Blacktown",-33.73041,150.91295,"Entire home/apt",6,2,3,"$500.00",90,1125,29,0,0,NA,"t",NA
393,"8/07/2014","within an hour","f",1,"t","Pittwater",-33.5899,151.29785,"Entire home/apt",8,2,3,"$895.00",2,30,0,71,0,4.94,"f",0.54
15228,"30/09/2016","within an hour","t",13,"t","Sydney",-33.87786,151.21297,"Entire home/apt",2,1,1,"$270.00",30,1125,15,0,0,NA,"f",NA
17186,"20/09/2022","within an hour","f",39,"t","Sydney",-33.90269,151.21322,"Entire home/apt",4,2,2,"$240.00",3,365,17,2,1,5,"t",1.36
3475,"21/01/2019","within an hour","t",13,"t","Sydney",-33.907429,151.201767,"Private room",4,NA,1,"",1,90,25,0,0,NA,"t",NA
5882,"19/03/2015","within a few hours","f",2,"t","Willoughby",-33.78874567,151.2191937,"Entire home/apt",2,1,2,"$145.00",2,90,11,41,1,4.61,"f",1.37
11167,"13/08/2018","within an hour","f",57,"t","Sydney",-33.87808037,151.2059873,"Entire home/apt",2,1,1,"$151.00",1,365,13,26,3,4.46,"f",1.7
13376,"3/01/2017","within an hour","t",37,"t","Sydney",-33.87991,151.20697,"Entire home/apt",6,2,2,"$235.00",1,365,15,47,1,4.94,"t",4.68
4634,"12/06/2018","N/A","f",1,"t","Sydney",-33.89041,151.19491,"Entire home/apt",2,NA,NA,"",5,100,0,166,0,4.69,"t",2.5
13223,"11/07/2011","N/A","f",1,"t","Waverley",-33.88159,151.27498,"Entire home/apt",8,3,4,"$1,650.00",6,365,0,1,0,5,"f",0.18
1565,"8/11/2016","within an hour","t",2,"t","Hornsby",-33.59848,151.12145,"Entire home/apt",8,2.5,4,"$550.00",2,1125,22,182,3,4.82,"t",1.77
10658,"1/12/2016","within an hour","f",3,"t","Lane Cove",-33.824,151.19621,"Private room",2,1,1,"$170.00",1,15,15,0,0,NA,"f",NA
208,"2/11/2014","N/A","f",1,"t","Canada Bay",-33.84145,151.1127,"Private room",2,1,1,"$116.00",90,1125,29,1,0,5,"f",0.01
12191,"10/07/2013","within an hour","f",244,"t","Waverley",-33.90052,151.25998,"Entire home/apt",5,2.5,3,"$884.00",1,1125,0,1,0,5,"t",0.18
8943,"29/11/2018","N/A","f",1,"t","Waverley",-33.88973557,151.2634126,"Entire home/apt",3,NA,1,"",2,25,0,10,0,4.9,"f",0.53
1343,"20/05/2012","within an hour","f",1,"t","Sydney",-33.88273,151.19319,"Entire home/apt",2,1,1,"$240.00",90,1124,27,53,0,5,"f",0.52
15512,"4/05/2023","within an hour","f",4,"t","Randwick",-33.9390567,151.2382496,"Private room",5,2,3,"$101.00",3,729,0,4,0,4.25,"f",1.14
2188,"8/11/2017","within an hour","t",1,"t","Hornsby",-33.77237,151.08973,"Entire home/apt",4,1,0,"$93.00",2,1125,2,144,1,4.76,"f",1.58
4268,"13/10/2019","N/A","f",8,"t","Sydney",-33.88325,151.18953,"Private room",3,1,1,"$145.00",90,1125,29,1,0,5,"t",0.02
1295,"16/10/2012","within a day","f",2,"t","Warringah",-33.78915,151.24877,"Entire home/apt",5,1,2,"$262.00",5,1125,10,43,0,4.77,"f",0.42
5366,"1/09/2024","N/A","f",44,"t","Ryde",-33.78624,151.11765,"Entire home/apt",2,1,1,"$210.00",5,1125,12,11,0,3.73,"t",0.25
8434,"31/12/2022","within an hour","t",3,"t","Parramatta",-33.8161199,151.0194104,"Entire home/apt",4,2,2,"$138.00",1,365,15,111,2,4.8,"t",4.43
4793,"17/06/2020","N/A","f",9,"t","The Hills Shire",-33.74749,150.9547,"Entire home/apt",4,2,2,"$600.00",1,1125,26,1,0,3,"t",0.03
2989,"13/09/2012","within a few hours","f",1,"t","Woollahra",-33.88058,151.22578,"Entire home/apt",2,1,1,"$243.00",3,720,0,69,0,4.96,"f",1.04
10131,"11/01/2020","within an hour","t",45,"t","North Sydney",-33.84872,151.21364,"Entire home/apt",5,1,3,"$739.00",3,365,17,19,0,5,"f",0.98
17870,"13/11/2014","within a day","t",82,"t","Pittwater",-33.59444,151.3216,"Entire home/apt",6,2,3,"$974.00",1,1125,28,0,0,NA,"f",NA
4046,"17/06/2012","within a few hours","f",3,"t","Sydney",-33.87321,151.21553,"Entire home/apt",4,1,2,"$314.00",5,1125,23,138,0,4.75,"f",2.05
1379,"19/05/2015","within a few hours","t",5,"t","Hornsby",-33.74922,151.05344,"Private room",2,1,1,"$60.00",3,1125,29,20,0,4.35,"f",0.18
5793,"14/06/2018","within an hour","f",3,"t","Ryde",-33.81542,151.10372,"Entire home/apt",4,1,2,"$156.00",3,365,0,59,1,4.59,"f",1.39
6890,"24/10/2021","within an hour","t",1,"t","Ku-Ring-Gai",-33.72593,151.11381,"Entire home/apt",4,1,2,"$195.00",1,1125,14,337,7,4.91,"f",9.92
6991,"9/09/2014","within an hour","f",28,"t","Sydney",-33.87852,151.21282,"Entire home/apt",4,1,1,"$900.00",1,1125,19,36,0,4.83,"f",1.11
11026,"14/10/2016","within a few hours","f",2,"t","Sydney",-33.88597639,151.2008066,"Entire home/apt",4,NA,2,"",3,365,0,1,0,5,"f",0.23
3938,"23/05/2012","within a few hours","t",117,"t","Waverley",-33.90477753,151.2666626,"Entire home/apt",6,2,3,"$767.00",5,89,0,16,0,4.69,"f",0.35
13686,"28/02/2024","within an hour","f",10,"t","Sydney",-33.862934,151.202125,"Entire home/apt",6,2.5,3,"$681.00",2,365,3,52,3,4.83,"t",6.09
891,"26/04/2010","within an hour","f",51,"t","Waverley",-33.89057,151.28287,"Entire home/apt",6,1,2,"$429.00",3,1125,20,177,1,4.75,"f",1.63
16149,"24/07/2012","within a few hours","t",126,"t","Waverley",-33.89366,151.27336,"Entire home/apt",4,2,2,"$1,437.00",1,1125,0,0,0,NA,"f",NA
4480,"17/06/2020","N/A","f",9,"t","The Hills Shire",-33.74599,150.95549,"Entire home/apt",6,2,3,"$1,140.00",1,1125,26,4,0,4.75,"t",0.07
13966,"1/09/2024","N/A","f",44,"t","Willoughby",-33.8000556,151.1797199,"Entire home/apt",4,2,2,"$276.00",5,1125,11,1,0,4,"t",0.24
6158,"25/08/2012","N/A","f",1,"t","Pittwater",-33.63196,151.31482,"Entire home/apt",6,2.5,3,"$800.00",90,365,28,2,0,5,"f",0.06
4112,"16/01/2020","N/A","f",1,"t","Rockdale",-33.93068,151.15179,"Entire home/apt",3,1,1,"$153.00",90,1125,28,0,0,NA,"f",NA
16609,"24/05/2011","within an hour","f",1,"t","Pittwater",-33.70067344,151.2861865,"Entire home/apt",2,1,1,"$98.00",3,1125,0,7,3,4.86,"f",2.69
15287,"15/09/2024","within an hour","t",22,"t","Sydney",-33.9011486,151.2138312,"Entire home/apt",4,1,2,"$139.00",4,365,20,21,1,4.62,"f",4.04
14483,"10/07/2013","within an hour","f",244,"t","Leichhardt",-33.85438,151.17439,"Entire home/apt",6,3,4,"$676.00",1,1125,5,3,0,5,"t",0.78
3265,"20/01/2019","within an hour","t",5,"t","Randwick",-33.91872,151.242,"Hotel room",2,1,4,"$190.00",1,1125,19,30,0,4.8,"t",0.39
12123,"12/12/2020","within an hour","f",16,"t","Blacktown",-33.74608,150.80469,"Private room",2,1,1,"$68.00",1,365,26,0,0,NA,"f",NA
11439,"10/07/2014","N/A","f",1,"t","Manly",-33.7935116,151.2584491,"Entire home/apt",2,NA,1,"",90,100,20,9,0,5,"f",0.56
4420,"10/07/2013","within an hour","f",244,"t","Woollahra",-33.874336,151.2452559,"Entire home/apt",4,NA,2,"",1,1125,0,21,0,5,"t",0.36
8264,"9/10/2022","within an hour","f",3,"t","Canterbury",-33.9149962,151.0854625,"Entire home/apt",8,2.5,3,"$196.00",2,365,6,31,1,4.35,"t",1.2
4862,"2/01/2018","within a few hours","t",1,"t","Willoughby",-33.80313,151.17501,"Entire home/apt",4,1,2,"$313.00",4,1125,10,36,0,5,"f",0.67
644,"19/03/2012","within an hour","t",17,"t","Waverley",-33.88785,151.28215,"Entire home/apt",4,1,2,"$380.00",21,1125,29,24,0,4.79,"f",0.17
4225,"24/09/2018","N/A","f",1,"f","Parramatta",-33.85879,150.99749,"Entire home/apt",5,1,3,"$150.00",365,1125,29,0,0,NA,"t",NA
216,"3/06/2014","within an hour","f",1,"t","Waverley",-33.89019,151.24547,"Entire home/apt",5,1,2,"$281.00",2,1125,16,201,0,4.68,"f",1.6
5328,"31/08/2017","within an hour","f",54,"t","North Sydney",-33.82400513,151.1987305,"Entire home/apt",4,2,2,"$286.00",19,1125,11,10,0,4.7,"t",0.21
320,"17/05/2014","within an hour","t",1,"t","Pittwater",-33.66353,151.32114,"Entire home/apt",2,1,1,"$250.00",1,14,27,105,1,4.99,"f",3.83
12759,"21/07/2015","within an hour","t",24,"t","Sydney",-33.8692304,151.2062939,"Entire home/apt",4,2,2,"$421.00",4,365,0,36,0,4.69,"t",3.2
16319,"9/06/2023","within an hour","f",11,"t","Auburn",-33.84737,151.07398,"Entire home/apt",8,2,2,"$157.00",1,365,18,18,4,5,"f",4.95
5060,"10/07/2013","within an hour","f",244,"t","Sydney",-33.86867,151.20541,"Entire home/apt",4,2,2,"$387.00",1,1125,2,40,3,4.63,"t",0.93
14105,"9/11/2014","N/A","f",1,"t","Botany Bay",-33.92387,151.20544,"Entire home/apt",4,NA,2,"",4,29,0,1,0,5,"f",0.18
4665,"19/03/2017","N/A","f",1,"t","Pittwater",-33.642296,151.279449,"Entire home/apt",4,NA,1,"",90,1125,0,173,0,4.83,"t",2.98
1627,"23/10/2012","within a day","f",1,"t","North Sydney",-33.84043,151.21211,"Entire home/apt",2,1,1,"$242.00",4,28,16,47,1,4.96,"f",0.49
16565,"24/10/2016","within an hour","f",72,"t","North Sydney",-33.8478791,151.2056933,"Entire home/apt",4,1,2,"$257.00",2,45,17,5,1,5,"t",1.3
6592,"12/01/2016","N/A","f",1,"t","Pittwater",-33.67237,151.29866,"Entire home/apt",6,1.5,3,"$407.00",6,39,29,1,0,5,"f",0.03
11311,"8/10/2020","within an hour","f",29,"t","Sydney",-33.89071674,151.2040446,"Entire home/apt",6,2,2,"$276.00",2,1125,17,47,3,4.68,"f",3.03
741,"6/07/2012","N/A","f",3,"t","Leichhardt",-33.85223,151.18263,"Entire home/apt",5,2,3,"$270.00",90,1125,26,2,0,5,"f",0.04
8761,"6/11/2014","N/A","f",1,"t","Woollahra",-33.8826,151.25163,"Entire home/apt",3,1,2,"$550.00",90,365,27,0,0,NA,"f",NA
12934,"6/06/2017","within an hour","f",5,"t","Marrickville",-33.9033412,151.1792299,"Private room",2,1,1,"$142.00",1,365,24,0,0,NA,"t",NA
12092,"21/10/2023","within an hour","f",42,"t","Sydney",-33.87346,151.1862,"Entire home/apt",6,1,2,"$665.00",1,365,0,8,0,4.25,"t",0.61
4070,"10/07/2014","within an hour","f",3,"t","Sydney",-33.88174438,151.1975403,"Private room",2,1,1,"$248.00",1,1125,19,68,0,4.6,"t",1.02
14531,"5/06/2021","within an hour","f",6,"f","Auburn",-33.8314705,151.0732348,"Entire home/apt",4,1,1,"$192.00",2,200,18,12,1,4.58,"f",1.95
15217,"16/05/2017","within an hour","t",3,"f","Camden",-34.01498849,150.7858198,"Entire home/apt",6,2,3,"$300.00",1,365,12,1,0,5,"t",0.21
12283,"30/04/2014","within a few hours","t",1,"t","Manly",-33.79196,151.2824,"Entire home/apt",6,2,3,"$285.00",2,730,28,21,0,4.95,"f",1.72
2590,"4/06/2018","within an hour","t",5,"t","Waverley",-33.89262,151.25913,"Hotel room",2,1,1,"$153.00",1,365,29,184,0,4.83,"t",2.24
16585,"14/08/2024","within an hour","f",23,"t","Parramatta",-33.81594927,150.9986314,"Entire home/apt",5,2,2,"$176.00",1,365,11,6,4,4.5,"t",2.5
14962,"25/08/2019","within an hour","f",169,"t","Ku-Ring-Gai",-33.7740254,151.1639203,"Private room",2,2,1,"$53.00",4,365,23,3,0,3.67,"f",0.64
145,"18/09/2012","within an hour","t",1,"t","Woollahra",-33.87903,151.22841,"Entire home/apt",2,NA,1,"",7,40,10,318,1,4.89,"f",2.6
7186,"12/03/2016","within an hour","t",6,"t","Sutherland Shire",-34.01208,151.11386,"Entire home/apt",6,3,3,"$539.00",1,365,25,10,0,4.8,"f",0.34
7654,"18/03/2022","N/A","f",2,"t","Woollahra",-33.88470695,151.2639209,"Private room",1,NA,NA,"",90,365,0,4,0,4.75,"f",0.14
7817,"22/12/2016","within an hour","f",120,"t","Sydney",-33.87829976,151.2125357,"Entire home/apt",4,2,2,"$309.00",4,365,27,188,4,4.7,"f",6.75
8382,"27/08/2016","within a few hours","f",1,"t","Warringah",-33.78534011,151.2906763,"Entire home/apt",4,1,2,"$223.00",120,365,0,3,0,5,"f",0.11
16893,"7/09/2016","within a day","f",1,"t","Waverley",-33.88694809,151.2690484,"Private room",2,1,1,"$144.00",14,365,29,0,0,NA,"f",NA
12232,"29/04/2024","N/A","f",18,"t","Sydney",-33.90399,151.2011,"Entire home/apt",2,NA,1,"",90,365,0,2,0,5,"f",0.17
10956,"14/03/2018","within an hour","f",44,"t","Sydney",-33.87937588,151.2149887,"Entire home/apt",2,1,0,"$149.00",2,365,7,30,2,4.5,"f",1.81
11584,"22/03/2024","N/A","f",1,"t","Hornsby",-33.7510284,151.0491377,"Entire home/apt",3,1,1,"$170.00",3,100,27,0,0,NA,"f",NA
12552,"1/06/2024","within an hour","t",1,"t","Manly",-33.79667,151.28595,"Entire home/apt",4,1,1,"$155.00",2,31,8,33,2,4.97,"f",2.93
17518,"11/04/2018","within a few hours","f",1,"f","Sydney",-33.8664065,151.1891601,"Private room",1,1,1,"$175.00",1,365,29,1,1,5,"f",1
9525,"13/11/2014","within a day","t",82,"t","Pittwater",-33.6001628,151.3217956,"Entire home/apt",10,4.5,5,"$2,024.00",1,365,28,0,0,NA,"f",NA
15778,"4/12/2024","within a few hours","f",53,"t","Sydney",-33.91961263,151.2000483,"Entire home/apt",2,1,1,"$166.00",7,40,0,0,0,NA,"f",NA
14371,"8/11/2024","within an hour","f",2,"t","Penrith",-33.77093816,150.7130955,"Entire home/apt",9,2,3,"$193.00",2,1125,20,5,0,3.6,"t",0.9
8383,"19/02/2020","within an hour","f",22,"t","Auburn",-33.82871,151.0767,"Entire home/apt",4,NA,2,"",90,365,7,0,0,NA,"f",NA
1706,"7/07/2015","within an hour","f",2,"t","Ku-Ring-Gai",-33.77875,151.14201,"Entire home/apt",4,1,2,"$240.00",90,1125,29,7,0,4.71,"t",0.1
13104,"11/01/2020","within an hour","t",45,"t","Auburn",-33.8252913,151.0790625,"Entire home/apt",4,2,2,"$198.00",4,365,25,3,0,4.67,"t",0.31
16704,"1/07/2024","within an hour","",14,"t","Waverley",-33.8968204,151.2690916,"Entire home/apt",5,1,2,"$485.00",1,365,0,0,0,NA,"t",NA
14038,"7/12/2014","within a day","t",2,"t","Sutherland Shire",-34.0832843,151.1535481,"Entire home/apt",2,1,1,"$255.00",2,1125,26,13,1,4.92,"f",1.76
8871,"4/06/2014","within a day","f",0,"t","North Sydney",-33.84132,151.22275,"Entire home/apt",11,NA,6,"",7,365,0,0,0,NA,"f",NA
13033,"15/10/2023","within a day","f",18,"f","Sydney",-33.89003237,151.1931987,"Private room",1,2,1,"$90.00",1,365,29,11,0,4.91,"f",1.06
2143,"5/12/2013","within an hour","t",64,"t","Canada Bay",-33.85186,151.14876,"Entire home/apt",5,1,2,"$352.00",4,1123,25,111,1,4.62,"f",1.22
11019,"22/08/2022","N/A","f",1,"t","Canada Bay",-33.86303012,151.1426805,"Entire home/apt",12,4,5,"$631.00",2,365,7,42,4,4.71,"t",2.66
10355,"15/03/2022","within a few hours","f",1,"t","Sydney",-33.87012074,151.2225644,"Entire home/apt",4,NA,2,"",90,1125,28,1,0,5,"f",0.41
17498,"12/11/2024","within a few hours","f",20,"t","Sydney",-33.8826197,151.1955527,"Entire home/apt",2,1,1,"$135.00",6,365,13,0,0,NA,"f",NA
9851,"3/09/2011","within an hour","f",6,"t","Sydney",-33.8598438,151.2034014,"Entire home/apt",10,4.5,4,"$915.00",5,180,19,14,0,4.71,"f",0.69
12256,"19/09/2018","within an hour","",137,"t","Pittwater",-33.60382377,151.3338918,"Entire home/apt",8,3,4,"$968.00",2,90,0,16,0,4.63,"f",1.42
14032,"3/06/2015","within a few hours","t",6,"t","Waverley",-33.88673,151.27553,"Entire home/apt",6,NA,3,"",2,10,0,21,0,5,"f",2.73
8593,"17/11/2016","within an hour","t",2,"t","Holroyd",-33.80921043,150.9657679,"Private room",2,1,1,"$83.00",2,365,15,35,0,4.89,"f",1.42
6108,"21/10/2015","within an hour","t",1,"f","Sydney",-33.87639,151.22435,"Entire home/apt",2,1,1,"$278.00",20,200,10,66,0,4.98,"t",1.8
545,"12/11/2013","N/A","f",1,"t","Sydney",-33.88808,151.19471,"Entire home/apt",6,1.5,3,"$264.00",90,1125,29,0,0,NA,"f",NA
11820,"17/01/2016","within an hour","t",4,"t","Ryde",-33.78599657,151.094522,"Private room",2,1,1,"$107.00",1,365,26,2,0,5,"f",0.15
13866,"11/01/2016","N/A","f",1,"t","Canada Bay",-33.85330985,151.157901,"Entire home/apt",3,NA,1,"",365,365,0,0,0,NA,"f",NA
940,"20/02/2016","within an hour","t",2,"t","Mosman",-33.81103,151.24509,"Entire home/apt",5,2,3,"$950.00",1,1125,0,18,0,4.56,"t",0.16
17884,"12/12/2023","within a day","f",7,"t","Sydney",-33.88137136,151.2023343,"Entire home/apt",2,1,1,"$129.00",5,365,14,0,0,NA,"f",NA
2837,"31/03/2014","within an hour","t",6,"t","Sydney",-33.85978,151.2074,"Entire home/apt",6,1.5,3,"$364.00",3,365,2,182,2,4.87,"f",2.28
4775,"23/08/2016","within an hour","t",1,"t","Woollahra",-33.885,151.22981,"Entire home/apt",4,1,2,"$437.00",2,1125,26,66,0,4.82,"f",1.15
13515,"18/07/2024","within an hour","f",9,"t","Willoughby",-33.79360299,151.1633036,"Entire home/apt",8,2,4,"$280.00",180,365,29,0,0,NA,"f",NA
2876,"17/08/2014","within a few hours","t",1,"t","Manly",-33.80106,151.28783,"Entire home/apt",4,1,2,"$319.00",2,1125,20,166,3,4.85,"f",1.98
8906,"19/12/2021","within an hour","f",9,"t","The Hills Shire",-33.40250668,150.9770878,"Entire home/apt",7,1,3,"$221.00",2,60,20,26,0,4.81,"f",1.25
9798,"23/05/2012","within a few hours","t",117,"t","Randwick",-33.9395919,151.2374303,"Entire home/apt",2,1,0,"$123.00",5,89,28,8,0,4.88,"f",0.38
4239,"19/11/2016","N/A","f",1,"t","Auburn",-33.85017,151.03777,"Entire home/apt",2,1.5,2,"$87.00",90,1125,29,0,0,NA,"t",NA
16160,"5/01/2023","within an hour","f",50,"t","Randwick",-33.9082886,151.2238928,"Private room",2,1.5,1,"$80.00",1,89,25,2,0,3,"f",0.5
15099,"27/05/2021","within an hour","t",3,"t","Botany Bay",-33.92454,151.1833,"Entire home/apt",6,1,3,"$226.00",7,365,0,2,0,5,"t",0.35
8828,"10/12/2018","a few days or more","f",1,"t","Sutherland Shire",-34.00266171,151.0278593,"Private room",3,1.5,3,"$85.00",90,365,29,0,0,NA,"f",NA
8717,"11/01/2020","within an hour","t",45,"t","Canada Bay",-33.82780303,151.0862498,"Entire home/apt",6,2,2,"$298.00",4,730,10,10,0,4.9,"f",0.44
6767,"13/11/2014","within a day","t",82,"t","Pittwater",-33.60043,151.31778,"Entire home/apt",6,2,3,"$693.00",1,1125,28,1,0,5,"f",0.05
13719,"27/10/2017","within a few hours","t",2,"f","The Hills Shire",-33.64215154,150.9011741,"Private room",2,4,5,"$61.00",1,365,0,5,0,5,"f",0.69
17039,"24/10/2016","within an hour","f",72,"t","Waverley",-33.8958742,151.2724058,"Entire home/apt",2,1,1,"$243.00",3,45,5,1,0,5,"t",0.42
10445,"8/04/2016","within an hour","f",2,"t","Sydney",-33.87513668,151.2164619,"Entire home/apt",4,1,2,"$288.00",2,365,1,35,0,4.57,"f",2
5311,"25/03/2021","N/A","f",1,"f","Blacktown",-33.76097,150.83212,"Private room",2,1,NA,"$40.00",90,365,0,0,0,NA,"f",NA
18179,"2/06/2023","within an hour","f",31,"t","Sydney",-33.90434,151.20792,"Entire home/apt",4,2,2,"$212.00",5,365,4,0,0,NA,"f",NA
979,"5/03/2014","within an hour","t",3,"t","Marrickville",-33.89737,151.16815,"Private room",1,1,1,"$96.00",3,150,9,178,2,4.93,"t",1.52
5932,"15/06/2014","a few days or more","f",1,"t","North Sydney",-33.84863,151.21879,"Entire home/apt",5,1,3,"$389.00",90,365,29,0,0,NA,"t",NA
11125,"11/09/2015","within an hour","t",1,"t","Sydney",-33.87639793,151.2143043,"Entire home/apt",4,1,2,"$302.00",2,365,2,96,7,4.91,"f",6.47
15624,"9/01/2025","within a day","f",1,"f","Canada Bay",-33.8514458,151.10838,"Entire home/apt",4,1,2,"$180.00",1,1125,19,1,0,2,"t",0.63
9801,"24/07/2019","N/A","f",912,"t","Randwick",-33.92492,151.25517,"Entire home/apt",2,1,1,"$180.00",3,365,25,28,0,4.5,"t",1.39
6023,"19/10/2021","within an hour","f",15,"t","Waverley",-33.890568,151.282867,"Entire home/apt",2,1,0,"$129.00",1,180,0,50,0,4.82,"f",1.3
16754,"22/03/2018","within a few hours","f",1,"t","Sydney",-33.86774058,151.203336,"Entire home/apt",5,2,2,"$244.00",6,365,0,5,2,4.8,"f",2.59
16545,"13/01/2019","within an hour","f",1,"t","Sydney",-33.885791,151.2153168,"Entire home/apt",2,1,1,"$242.00",3,14,20,4,0,5,"f",1.11
9124,"21/11/2018","within an hour","f",51,"t","Sydney",-33.86559505,151.2083037,"Entire home/apt",2,1,1,"$288.00",90,365,0,0,0,NA,"t",NA
16618,"29/11/2023","within an hour","f",46,"t","Ku-Ring-Gai",-33.7659076,151.1616799,"Private room",1,1,1,"$42.00",2,365,21,1,0,3,"f",0.45
140,"23/01/2014","within a day","f",1,"t","Sydney",-33.87376,151.19712,"Private room",2,1,1,"$169.00",1,14,0,4,0,5,"f",0.03
4115,"10/04/2019","within an hour","t",3,"t","Hornsby",-33.71765,151.08406,"Private room",2,1,1,"$74.00",1,1125,24,130,0,4.79,"f",1.98
12459,"14/10/2018","N/A","t",2,"t","Sydney",-33.88581337,151.1988879,"Private room",1,1,1,"$130.00",90,365,29,13,0,5,"f",1.07
13301,"18/03/2017","within an hour","t",2,"t","The Hills Shire",-33.74201,151.01878,"Entire home/apt",4,1,1,"$159.00",2,365,15,10,1,4.8,"t",1.06
13213,"9/09/2017","within an hour","t",17,"t","Sydney",-33.8849,151.21242,"Entire home/apt",2,1,0,"$154.00",1,365,5,124,13,4.84,"f",12.12
17795,"30/11/2023","within a few hours","f",49,"t","Sydney",-33.91381,151.20942,"Entire home/apt",2,1,1,"$114.00",5,365,25,0,0,NA,"f",NA
1412,"22/06/2016","within an hour","t",2,"t","Auburn",-33.85274,151.05655,"Private room",1,1,1,"$64.00",1,730,3,89,0,4.81,"f",1.35
6098,"26/02/2017","within an hour","t",3,"t","Hornsby",-33.54750443,151.2275238,"Entire home/apt",2,1,0,"$173.00",1,365,22,245,5,4.91,"f",6.89
987,"14/11/2015","within an hour","t",1,"t","Sutherland Shire",-34.04756,151.12247,"Private room",2,1.5,1,"$110.00",1,1125,0,404,5,4.97,"f",3.81
13296,"18/10/2021","within an hour","t",1,"t","Waverley",-33.8891494,151.282487,"Entire home/apt",4,1,2,"$314.00",2,365,12,19,0,4.84,"f",2.18
2021,"6/09/2017","N/A","f",1,"t","Woollahra",-33.8737,151.23478,"Private room",2,0,0,"$110.00",90,1125,28,0,0,NA,"f",NA
11376,"13/08/2018","within an hour","f",57,"t","Sydney",-33.88021,151.20637,"Entire home/apt",5,2,1,"$213.00",1,365,4,58,3,4.6,"f",3.68
2534,"22/04/2018","N/A","f",1,"f","Liverpool",-33.96182,150.97781,"Private room",2,2,3,"$45.00",90,1125,29,1,0,5,"t",0.01
16132,"16/12/2015","within a few hours","f",1,"t","Canada Bay",-33.83479,151.08425,"Private room",2,1,1,"$131.00",1,4,15,1,1,5,"f",1
6571,"22/11/2017","within an hour","",14,"t","Waverley",-33.886813,151.274061,"Entire home/apt",2,1,1,"$187.00",1,365,6,55,2,4.89,"f",1.63
6200,"22/11/2017","within an hour","",14,"t","Waverley",-33.8861288,151.2734037,"Entire home/apt",2,1,1,"$282.00",2,1125,0,52,0,4.83,"f",1.43
608,"11/08/2013","a few days or more","f",1,"t","Randwick",-33.98099,151.2439,"Entire home/apt",2,1,1,"$140.00",90,1125,29,0,0,NA,"f",NA
5404,"5/03/2017","within an hour","f",6,"t","Waverley",-33.88619,151.2721,"Entire home/apt",6,1,3,"$171.00",90,356,29,0,0,NA,"f",NA
9865,"13/09/2023","N/A","f",1,"t","Lane Cove",-33.81249039,151.1600854,"Entire home/apt",10,4,5,"$1,200.00",90,365,29,0,0,NA,"t",NA
8210,"16/06/2021","within an hour","f",57,"t","Sydney",-33.87702,151.21119,"Entire home/apt",2,1,1,"$244.00",30,180,23,2,0,4.5,"f",0.08
395,"6/02/2013","within a few hours","f",4,"t","Sydney",-33.873,151.22775,"Entire home/apt",4,1.5,2,"$225.00",90,365,0,38,0,4.42,"f",0.3
8982,"11/10/2011","N/A","f",1,"t","Sydney",-33.86661474,151.2250723,"Entire home/apt",2,NA,1,"",3,30,0,2,0,5,"f",0.16
12328,"26/06/2023","within an hour","f",7,"t","Botany Bay",-33.9437534,151.1953299,"Entire home/apt",2,1,1,"$109.00",2,365,21,23,1,4.78,"t",1.91
16909,"8/12/2023","within an hour","f",13,"t","Sydney",-33.86458756,151.2086063,"Entire home/apt",2,1,1,"$180.00",2,365,19,5,3,4.8,"f",2.78
4442,"4/07/2012","N/A","f",1,"t","Waverley",-33.88752,151.28326,"Entire home/apt",2,1,1,"$240.00",186,1125,27,2,0,5,"f",0.07
4055,"18/12/2019","within an hour","t",25,"t","Sydney",-33.86038,151.20257,"Entire home/apt",8,2,3,"$229.00",1,300,4,70,1,4.9,"f",1.07
6020,"28/06/2014","within an hour","t",2,"t","Sydney",-33.876392,151.221634,"Entire home/apt",2,1,1,"$202.00",5,365,8,21,1,4.86,"f",0.57
7011,"19/04/2016","within an hour","",10,"t","Canterbury",-33.91317,151.11815,"Entire home/apt",8,2,3,"$202.00",2,365,15,17,0,4.88,"f",0.55
14989,"6/07/2016","within an hour","f",1,"t","Sydney",-33.87555519,151.1790923,"Entire home/apt",6,1,3,"$543.00",3,90,9,14,1,5,"f",2.23
11768,"28/06/2019","within an hour","f",70,"t","Randwick",-33.9430848,151.2618271,"Entire home/apt",6,1,2,"$263.00",2,1125,9,25,2,4.64,"f",1.84
16690,"27/08/2024","within an hour","t",3,"t","Sydney",-33.87106092,151.1954613,"Entire home/apt",6,1.5,2,"$249.00",3,365,24,1,0,4,"f",0.68
9260,"29/09/2015","within an hour","",2,"t","Sydney",-33.88619,151.19675,"Entire home/apt",6,1,3,"$340.00",2,365,13,62,0,4.82,"f",3.25
4933,"5/12/2012","within an hour","t",1,"t","Sutherland Shire",-34.08758,151.15861,"Entire home/apt",8,1,4,"$276.00",2,30,19,52,0,4.85,"f",0.94
14389,"14/10/2024","within an hour","t",1,"t","Canada Bay",-33.82504,151.08768,"Private room",2,1,1,"$150.00",3,90,8,23,0,4.96,"f",2.86
135,"26/02/2014","N/A","f",1,"f","Warringah",-33.75157,151.2417,"Private room",2,1,1,"$77.00",90,1125,29,11,0,4.91,"f",0.08
13682,"20/05/2018","a few days or more","f",10,"t","Burwood",-33.87432,151.09588,"Entire home/apt",3,1,0,"$150.00",1,365,0,0,0,NA,"f",NA
2770,"26/05/2012","N/A","f",1,"t","Waverley",-33.86672,151.28277,"Private room",2,1,1,"$119.00",90,1125,26,0,0,NA,"f",NA
667,"13/09/2013","within a few hours","t",1,"t","Sydney",-33.90373,151.1834,"Entire home/apt",2,1,1,"$174.00",4,365,10,324,2,4.9,"f",2.33
14945,"14/12/2023","within a day","f",1,"t","Mosman",-33.83168,151.2425,"Entire home/apt",2,1,1,"$225.00",4,21,29,0,0,NA,"f",NA
16643,"13/02/2018","within an hour","t",27,"t","Pittwater",-33.6525619,151.3112371,"Entire home/apt",8,2,4,"$492.00",3,28,13,5,3,5,"f",2.46
10833,"13/09/2016","within an hour","t",2,"t","Parramatta",-33.8073095,150.9788659,"Private room",1,1,1,"$69.00",3,14,11,36,2,4.94,"f",2.12
3213,"29/05/2015","within an hour","f",9,"t","Sydney",-33.87016,151.2247,"Private room",6,1,2,"$393.00",1,1125,13,9,0,4.89,"t",0.41
537,"25/05/2015","N/A","f",1,"t","Sydney",-33.8799,151.22147,"Private room",1,2,1,"$250.00",90,1125,29,26,0,4.96,"f",0.21
12824,"30/08/2023","a few days or more","f",1,"t","Blacktown",-33.7211008,150.9330088,"Entire home/apt",2,1,2,"$178.00",2,365,22,0,0,NA,"f",NA
5914,"12/09/2015","within an hour","t",3,"t","Sydney",-33.88422,151.21869,"Entire home/apt",4,1,2,"$295.00",1,1125,27,133,4,4.94,"f",3.69
7471,"26/11/2016","within a few hours","t",1,"t","Warringah",-33.75814057,151.2867369,"Entire home/apt",2,1,1,"$172.00",2,30,12,61,2,4.92,"f",2.04
10268,"15/10/2012","within an hour","",86,"t","Sydney",-33.8593784,151.2029837,"Entire home/apt",9,1,3,"$243.00",1,365,8,70,4,4.76,"f",3.61
14287,"31/12/2016","N/A","f",1,"t","Leichhardt",-33.85667657,151.177026,"Entire home/apt",4,1,2,"$420.00",5,35,28,1,0,5,"f",0.18
7425,"26/11/2015","within a few hours","t",1,"t","The Hills Shire",-33.76884,151.0413,"Entire home/apt",3,1,1,"$103.00",5,300,1,32,0,4.84,"f",1.13
15007,"24/06/2015","within a few hours","f",1,"t","Waverley",-33.89182433,151.2471135,"Entire home/apt",3,1,1,"$192.00",7,60,2,2,0,4.5,"f",0.65
4074,"18/12/2019","within an hour","t",25,"t","Sydney",-33.85984,151.20361,"Entire home/apt",8,2,3,"$229.00",1,300,8,171,2,4.89,"f",2.6
8477,"7/11/2016","within an hour","t",5,"t","Sutherland Shire",-34.0485172,151.136474,"Entire home/apt",3,2.5,2,"$250.00",2,730,0,0,0,NA,"f",NA
1148,"22/11/2014","within an hour","t",23,"t","Sydney",-33.86909,151.20432,"Entire home/apt",5,2,2,"$299.00",2,365,10,305,1,4.86,"t",2.84
11678,"15/12/2023","within an hour","f",14,"t","Botany Bay",-33.9215792,151.1942626,"Entire home/apt",4,2,2,"$135.00",4,365,0,1,0,5,"f",0.07
8530,"15/04/2016","within a day","t",1,"t","Waverley",-33.8891568,151.2825,"Entire home/apt",2,1,1,"$236.00",2,365,3,20,0,5,"f",0.96
3532,"6/05/2016","within an hour","f",6,"t","Randwick",-33.91556,151.23578,"Hotel room",2,1,1,"$202.00",1,365,22,56,0,4.48,"t",0.81
9023,"18/07/2017","within an hour","t",13,"t","Auburn",-33.83004408,151.0727717,"Entire home/apt",4,1.5,2,"$161.00",2,365,11,23,0,4.52,"t",1
14793,"9/10/2016","within an hour","f",4,"t","Bankstown",-33.92041,151.04931,"Private room",2,1,1,"$68.00",1,60,29,2,1,5,"t",0.44
11542,"13/08/2018","within an hour","f",57,"t","Sydney",-33.87873,151.20633,"Entire home/apt",2,1,0,"$194.00",1,365,12,48,3,4.65,"f",3.32
12643,"22/11/2020","within a day","f",1,"t","Waverley",-33.8798088,151.2713797,"Entire home/apt",8,NA,4,"",5,365,0,1,0,5,"f",0.18
8863,"11/07/2023","within a day","f",1,"t","Sydney",-33.878354,151.2141153,"Entire home/apt",2,1,1,"$117.00",3,57,28,22,0,4.68,"f",1.03
2312,"14/08/2016","N/A","f",1,"f","Randwick",-33.95069,151.24319,"Private room",1,2.5,1,"$62.00",180,1125,29,0,0,NA,"t",NA
17288,"9/12/2016","within an hour","f",2,"t","Sydney",-33.8825715,151.219325,"Entire home/apt",6,1,2,"$321.00",1,90,10,7,6,4.71,"t",6.36
8424,"2/04/2023","within an hour","f",1,"t","Sydney",-33.8859344,151.2188864,"Entire home/apt",2,1,1,"$114.00",2,365,12,77,1,4.64,"t",2.98
17478,"12/05/2023","within an hour","f",12,"t","Sydney",-33.91446374,151.2114132,"Entire home/apt",4,2,2,"$142.00",5,365,1,0,0,NA,"f",NA
13532,"12/10/2021","within an hour","f",34,"t","Ryde",-33.7946543,151.1374777,"Entire home/apt",4,2,2,"$166.00",2,365,9,13,2,4.77,"t",1.41
3476,"21/01/2019","within an hour","t",13,"t","Sydney",-33.906906,151.202133,"Private room",3,1,1,"$218.00",1,90,17,119,3,4.68,"t",1.84
14964,"12/11/2024","within a few hours","f",20,"t","Sydney",-33.879258,151.1979704,"Entire home/apt",2,NA,1,"",6,30,0,2,0,4,"f",0.37
3903,"13/04/2014","within a day","f",4,"t","Warringah",-33.76848,151.2789,"Entire home/apt",2,1,1,"$149.00",2,90,27,2,0,5,"f",0.04
8506,"5/07/2017","within a day","f",517,"t","Sydney",-33.90829251,151.2025741,"Entire home/apt",2,1,0,"$330.00",3,1125,29,0,0,NA,"f",NA
11127,"17/12/2023","within an hour","t",3,"t","Sutherland Shire",-34.0391076,151.1015241,"Private room",2,1,1,"$147.00",1,365,7,38,1,4.74,"t",2.09
9145,"12/03/2021","a few days or more","f",1,"t","Sydney",-33.87809,151.20721,"Private room",1,1,1,"$149.00",2,14,28,0,0,NA,"f",NA
695,"22/07/2011","N/A","f",1,"f","Randwick",-33.90622,151.21876,"Private room",1,NA,NA,"",90,1125,29,6,0,4.5,"f",0.05
1183,"2/05/2016","within a few hours","t",2,"t","Waverley",-33.89355,151.27247,"Entire home/apt",2,1,1,"$117.00",2,60,0,0,0,NA,"f",NA
17746,"14/07/2016","within an hour","f",39,"t","Penrith",-33.75654,150.75649,"Entire home/apt",6,2.5,3,"$208.00",1,365,10,3,2,5,"t",2.5
10376,"12/06/2018","N/A","f",1,"t","Warringah",-33.78626616,151.2674511,"Entire home/apt",5,NA,2,"",90,365,0,8,0,5,"f",0.44
11091,"24/11/2020","within an hour","f",4,"t","Mosman",-33.82511041,151.2492442,"Private room",2,1.5,1,"$99.00",7,90,1,30,1,4.87,"f",1.94
12707,"6/07/2014","within an hour","f",1,"t","North Sydney",-33.8326288,151.2131408,"Entire home/apt",3,1,2,"$204.00",2,365,12,10,1,4.3,"f",0.98
11745,"5/08/2016","within an hour","f",1,"t","Waverley",-33.89596,151.25998,"Entire home/apt",7,NA,3,"",2,21,0,21,0,5,"f",1.5
12956,"17/08/2024","within a day","f",2,"t","Manly",-33.7977445,151.2588111,"Private room",2,1,1,"$76.00",1,14,0,0,0,NA,"f",NA
554,"28/05/2015","within a day","f",19,"t","Marrickville",-33.89455,151.16876,"Entire home/apt",4,1,1,"$175.00",2,21,16,49,0,4.61,"f",0.4
12919,"3/01/2017","within an hour","t",37,"t","Sydney",-33.87818,151.20771,"Entire home/apt",4,1,1,"$119.00",1,365,13,27,3,4.85,"t",3.03
16943,"24/10/2017","within an hour","f",1,"t","Woollahra",-33.8763268,151.2453319,"Entire home/apt",4,1,2,"$207.00",2,365,10,11,3,4.73,"t",5.5
74,"15/11/2014","N/A","f",1,"t","Sydney",-33.87678,151.18955,"Private room",2,1.5,1,"$65.00",90,1125,29,0,0,NA,"f",NA
15845,"4/12/2024","within a few hours","f",53,"t","Sydney",-33.90090906,151.2125534,"Entire home/apt",4,1,2,"$226.00",7,40,0,0,0,NA,"f",NA
15469,"22/06/2010","within an hour","f",1,"t","Sutherland Shire",-34.0560102,151.1539748,"Entire home/apt",4,2,2,"$311.00",3,365,17,0,0,NA,"f",NA
122,"28/11/2014","N/A","f",1,"t","Warringah",-33.77858,151.28825,"Entire home/apt",4,1.5,2,"$171.00",90,180,0,9,0,4.89,"f",0.07
18124,"9/08/2022","within a few hours","f",40,"t","Marrickville",-33.90228,151.16471,"Entire home/apt",4,1,0,"$109.00",1,365,13,0,0,NA,"f",NA
10402,"15/08/2014","within an hour","t",1,"t","Canterbury",-33.91008667,151.1324012,"Entire home/apt",5,1,2,"$158.00",3,180,7,51,5,4.9,"f",3.45
3837,"15/08/2016","N/A","f",1,"t","Auburn",-33.86101,151.03635,"Private room",4,1.5,1,"$111.00",90,1125,28,2,0,4,"f",0.03
479,"18/03/2013","within an hour","t",2,"t","Woollahra",-33.87977,151.24144,"Entire home/apt",4,1.5,2,"$380.00",28,65,20,38,0,4.97,"f",0.31
11948,"6/11/2016","within an hour","f",35,"t","Leichhardt",-33.86762914,151.1708528,"Entire home/apt",6,2,3,"$400.00",3,365,26,11,0,4.55,"f",0.92
297,"21/05/2014","within a day","f",2,"t","North Sydney",-33.84633,151.22426,"Entire home/apt",2,NA,1,"",5,50,0,27,0,4.63,"f",0.22
15909,"4/12/2024","within a few hours","f",53,"t","Botany Bay",-33.92441,151.18537,"Entire home/apt",6,2,3,"$246.00",7,365,0,0,0,NA,"f",NA
8473,"23/06/2018","within an hour","f",4,"t","Rockdale",-33.95671092,151.1485053,"Private room",2,1,1,"$68.00",5,90,12,62,2,4.74,"f",2.54
11389,"22/01/2014","within an hour","t",1,"t","Sutherland Shire",-34.05959918,151.155669,"Entire home/apt",4,1,2,"$180.00",2,365,2,22,1,4.77,"t",1.59
7556,"11/10/2019","within an hour","f",138,"t","Sydney",-33.89182313,151.1997477,"Entire home/apt",5,2,2,"$290.00",2,365,29,11,0,4.55,"f",0.37
3418,"27/05/2014","N/A","f",1,"t","Sydney",-33.8637,151.19671,"Entire home/apt",4,2,2,"$400.00",95,365,27,0,0,NA,"f",NA
8451,"16/03/2018","within an hour","f",8,"t","Waverley",-33.8890765,151.2753304,"Entire home/apt",2,1,1,"$100.00",1,365,25,64,1,4.55,"f",2.41
3277,"24/11/2015","N/A","f",1,"t","North Sydney",-33.83896,151.20028,"Private room",4,1,2,"$266.00",90,1125,29,0,0,NA,"t",NA
4206,"9/02/2013","within an hour","t",1,"t","Pittwater",-33.65955,151.29643,"Entire home/apt",2,0.5,1,"$171.00",2,730,27,162,0,4.99,"f",2.51
9205,"13/11/2014","within a day","t",82,"t","Pittwater",-33.61416181,151.3298358,"Entire home/apt",12,4.5,6,"$2,346.00",1,1125,28,1,0,5,"f",0.06
6668,"5/12/2013","within an hour","t",64,"t","Leichhardt",-33.856278,151.1918659,"Entire home/apt",2,1,1,"$358.00",4,365,25,69,0,4.91,"f",2.05
11028,"5/05/2016","within an hour","f",26,"t","Marrickville",-33.90512,151.17989,"Entire home/apt",2,1,0,"$138.00",3,365,12,40,0,4.13,"t",2.39
7815,"16/09/2019","within an hour","f",1,"t","Parramatta",-33.81557,151.04323,"Entire home/apt",4,1,1,"$114.00",90,1125,25,93,0,4.85,"f",3.31
2621,"6/07/2018","within an hour","f",6,"t","Sydney",-33.90726,151.20066,"Hotel room",1,1,1,"$158.00",1,1125,28,61,0,4.72,"t",0.77
13731,"6/09/2024","within an hour","t",3,"t","Sydney",-33.86340405,151.2028281,"Entire home/apt",5,1,1,"$285.00",21,365,13,16,0,4.75,"t",1.88
4906,"10/12/2015","within an hour","f",32,"t","Auburn",-33.82501,151.07935,"Entire home/apt",4,2,2,"$253.00",2,1125,29,24,0,4.58,"f",0.48
17614,"12/05/2023","within an hour","f",12,"t","Sydney",-33.88529,151.17676,"Entire home/apt",2,1,1,"$128.00",5,365,23,0,0,NA,"f",NA
10198,"12/12/2020","within an hour","f",16,"t","Blacktown",-33.75573,150.87505,"Private room",2,NA,NA,"",1,365,21,3,0,4.67,"f",0.17
5548,"29/05/2012","N/A","f",1,"t","Waverley",-33.90098,151.26333,"Entire home/apt",3,1,1,"$215.00",90,365,22,0,0,NA,"f",NA
15721,"16/09/2022","within an hour","f",1,"t","Warringah",-33.74901,151.26945,"Entire home/apt",2,1,1,"$83.00",2,60,10,14,7,4.43,"f",3.62
2938,"25/06/2014","within an hour","t",16,"t","Woollahra",-33.87571,151.23278,"Entire home/apt",2,1,1,"$161.00",3,1125,7,149,0,4.91,"f",1.84
8097,"1/10/2012","within an hour","f",45,"t","Sydney",-33.8919785,151.2150367,"Entire home/apt",6,2,3,"$246.00",3,90,26,51,1,4.45,"t",1.86
17040,"11/05/2018","within an hour","f",3,"t","Sydney",-33.8736521,151.2253782,"Entire home/apt",2,1,1,"$104.00",1,365,13,2,1,4,"t",0.83
1045,"10/01/2016","N/A","f",1,"f","Randwick",-33.90477,151.22352,"Private room",2,1,1,"$2,000.00",90,1125,27,11,0,4.82,"f",0.1
6282,"25/08/2015","within an hour","f",15,"t","Leichhardt",-33.8876,151.159119,"Entire home/apt",2,1,1,"$125.00",1,365,29,24,1,4.17,"f",0.61
17482,"13/05/2025","within an hour","f",5,"t","Burwood",-33.87395,151.10139,"Private room",2,1,1,"$185.00",1,365,22,0,0,NA,"t",NA
12593,"16/02/2019","within an hour","f",5,"t","Bankstown",-33.91361794,150.9799425,"Entire home/apt",5,1,2,"$138.00",1,365,10,11,2,4.82,"t",1.02
4309,"13/03/2016","N/A","f",1,"t","Randwick",-33.94769,151.25443,"Entire home/apt",2,NA,1,"",360,1125,29,0,0,NA,"f",NA
8138,"13/05/2013","N/A","f",1,"t","Warringah",-33.7530519,151.2823178,"Private room",1,1,1,"$200.00",1,365,29,0,0,NA,"f",NA
10301,"18/06/2016","within a few hours","t",2,"t","Randwick",-33.92889937,151.2574568,"Entire home/apt",10,2.5,3,"$810.00",4,365,21,22,0,5,"f",1.31
11161,"22/05/2016","within a day","f",1,"t","Strathfield",-33.86074,151.06305,"Private room",2,1,1,"$103.00",1,3,21,10,0,4.8,"f",0.63
16057,"13/08/2019","within an hour","",37,"t","Waverley",-33.8881,151.2788,"Entire home/apt",4,1,2,"$255.00",3,30,25,2,0,5,"t",0.65
6322,"15/09/2016","within a few hours","f",39,"t","Manly",-33.799747,151.26506,"Entire home/apt",9,3.5,5,"$1,500.00",90,365,28,0,0,NA,"f",NA
15339,"29/12/2024","within an hour","f",1,"t","Pittwater",-33.62063,151.31747,"Entire home/apt",6,2.5,3,"$1,005.00",2,365,28,8,1,4.88,"f",2.09
3850,"1/06/2015","within a few hours","t",1,"t","Pittwater",-33.64387,151.32594,"Entire home/apt",5,1,3,"$900.00",2,100,17,67,0,4.96,"f",0.98
17304,"7/12/2024","within an hour","",4,"t","Sydney",-33.86388,151.20131,"Entire home/apt",4,1,1,"$260.00",90,365,24,0,0,NA,"t",NA
17904,"19/04/2018","within an hour","f",59,"t","Hurstville",-33.98504,151.06897,"Entire home/apt",8,2,4,"$426.00",2,365,15,0,0,NA,"f",NA
10666,"11/12/2016","within an hour","t",1,"t","Warringah",-33.7548585,151.2933977,"Entire home/apt",2,1,1,"$172.00",1,1125,24,30,0,4.87,"f",1.85
5939,"8/03/2012","within an hour","f",1,"t","Manly",-33.802151,151.291656,"Entire home/apt",5,2,2,"$834.00",5,365,10,13,0,4.85,"t",0.39
13119,"20/07/2014","a few days or more","f",1,"t","Canada Bay",-33.85777471,151.1424859,"Entire home/apt",7,2,3,"$233.00",3,365,0,1,0,5,"f",0.19
16660,"25/10/2022","within an hour","f",2,"t","Camden",-34.05197,150.76097,"Entire home/apt",12,3,6,"$482.00",2,60,25,0,0,NA,"f",NA
17783,"14/03/2021","within an hour","f",1,"t","Randwick",-33.9120256,151.2376704,"Entire home/apt",6,2,3,"$236.00",3,365,11,1,1,5,"f",1
9412,"25/02/2017","N/A","f",1,"t","Pittwater",-33.65101595,151.3176439,"Entire home/apt",2,1,1,"$130.00",1,28,11,98,0,4.69,"t",4.53
8200,"16/10/2021","within an hour","f",40,"t","Fairfield",-33.89425984,150.901197,"Private room",3,1,1,"$44.00",1,90,29,14,1,4.14,"t",0.55
12718,"9/09/2017","within an hour","t",17,"t","Sydney",-33.88565409,151.211106,"Entire home/apt",2,1,0,"$141.00",1,365,3,79,5,4.8,"f",6.99
10992,"23/11/2016","N/A","f",2,"t","Randwick",-33.92145126,151.2463964,"Entire home/apt",5,NA,3,"",90,365,0,0,0,NA,"f",NA
12201,"28/05/2023","N/A","f",2,"t","Sydney",-33.88283131,151.1805716,"Private room",1,NA,1,"",1,7,0,1,0,1,"t",0.08
3657,"13/05/2016","N/A","f",2,"t","Strathfield",-33.86284,151.06327,"Private room",1,1,1,"$45.00",90,1125,28,10,0,4.3,"t",0.14
15912,"4/12/2024","within a few hours","f",53,"t","Botany Bay",-33.9238142,151.1916997,"Entire home/apt",2,1,1,"$158.00",7,365,0,1,0,3,"f",0.22
10208,"28/03/2017","within a day","f",1,"f","Manly",-33.78699897,151.2871038,"Entire home/apt",3,1.5,2,"$550.00",4,10,22,3,0,5,"f",0.17
9772,"30/09/2023","within an hour","t",1,"t","Waverley",-33.89891,151.27465,"Entire home/apt",2,1,1,"$248.00",1,365,10,14,0,4.79,"f",1.91
12630,"13/06/2023","within an hour","f",8,"t","Botany Bay",-33.92211,151.19194,"Entire home/apt",5,NA,3,"",7,365,0,2,0,4,"f",0.17
4427,"15/12/2019","N/A","f",1,"t","Canada Bay",-33.82974,151.08681,"Private room",4,1.5,1,"$999.00",90,1125,29,0,0,NA,"f",NA
139,"6/03/2014","within a few hours","f",1,"t","Waverley",-33.89126,151.26681,"Entire home/apt",4,1,2,"$400.00",4,1125,10,25,0,4.76,"f",0.18
2528,"13/05/2014","within an hour","f",55,"t","Sydney",-33.88185,151.20226,"Entire home/apt",4,2,2,"$237.00",90,1124,28,10,0,4.9,"f",0.12
6621,"15/10/2018","within a day","f",2,"t","Woollahra",-33.8898,151.25287,"Private room",1,2,1,"$110.00",1,365,26,34,0,4.65,"t",1.1
11048,"30/01/2024","within a few hours","t",1,"t","Warringah",-33.76142,151.28444,"Entire home/apt",4,1,2,"$220.00",3,90,20,23,1,4.96,"f",1.39
14217,"19/12/2015","within a few hours","f",1,"t","Sutherland Shire",-34.00709753,151.21612,"Entire home/apt",5,2,2,"$540.00",3,365,28,0,0,NA,"f",NA
9210,"29/08/2022","a few days or more","f",1,"t","Camden",-33.99430722,150.7223474,"Private room",1,1,1,"$60.00",90,365,29,1,0,2,"f",0.05
8447,"24/09/2019","N/A","f",2,"t","Canterbury",-33.90415217,151.1038868,"Entire home/apt",1,1,1,"$74.00",20,1125,0,0,0,NA,"f",NA
9281,"29/12/2022","within an hour","f",1,"t","Fairfield",-33.87174914,150.9389493,"Entire home/apt",8,NA,4,"",1,90,5,42,1,4.6,"t",2.27
9666,"21/01/2011","within an hour","t",8,"t","Botany Bay",-33.93492732,151.1931975,"Entire home/apt",4,1,1,"$170.00",1,365,29,104,0,4.87,"f",5.45
16411,"23/11/2022","N/A","f",3,"t","Rockdale",-33.99082,151.14126,"Entire home/apt",16,3.5,9,"$1,139.00",1,365,0,0,0,NA,"f",NA
14457,"9/02/2015","within an hour","f",1,"f","Waverley",-33.89618038,151.265442,"Entire home/apt",8,3,5,"$1,170.00",5,40,13,1,0,5,"t",0.19
11955,"10/07/2013","within an hour","f",244,"t","Woollahra",-33.87716,151.23581,"Entire home/apt",5,NA,2,"",90,1125,0,0,0,NA,"t",NA
5237,"5/03/2021","a few days or more","f",1,"t","Fairfield",-33.88337,150.95789,"Private room",2,NA,2,"",90,1125,29,0,0,NA,"t",NA
1756,"12/09/2015","within an hour","t",3,"t","Marrickville",-33.90566,151.13564,"Entire home/apt",5,1,2,"$188.00",1,90,14,220,0,4.76,"f",2.24
4333,"13/08/2019","within an hour","",37,"t","Waverley",-33.88829,151.26736,"Entire home/apt",2,NA,1,"",3,90,0,46,0,4.43,"f",0.69
687,"13/04/2014","within a day","f",4,"t","Warringah",-33.77097,151.28022,"Entire home/apt",2,1,1,"$231.00",2,1125,25,18,0,4.78,"f",0.15
5218,"11/11/2016","within an hour","t",1,"t","Blacktown",-33.77457,150.87739,"Entire home/apt",2,1,1,"$112.00",2,90,17,37,2,4.86,"f",0.75
15537,"27/05/2014","within an hour","t",61,"t","Sydney",-33.876383,151.2216367,"Entire home/apt",5,2,2,"$476.00",21,90,0,1,0,5,"f",0.24
7138,"18/10/2021","within an hour","t",3,"t","Pittwater",-33.63051,151.32062,"Entire home/apt",6,1,3,"$632.00",90,1125,29,5,0,5,"f",0.17
7291,"31/07/2015","within a few hours","f",1,"t","Leichhardt",-33.87301,151.16698,"Entire home/apt",2,1,0,"$143.00",2,180,5,20,0,4.85,"f",0.65
3100,"26/11/2018","N/A","f",1,"f","Bankstown",-33.92776,151.0238,"Private room",2,1,1,"$50.00",90,1125,29,4,0,4.75,"t",0.05
13563,"30/10/2017","within an hour","t",3,"t","Parramatta",-33.81823,151.00183,"Entire home/apt",2,1,1,"$158.00",2,365,24,25,1,4.8,"f",3.07
3486,"12/05/2017","N/A","f",1,"t","Fairfield",-33.89463,150.9448,"Entire home/apt",5,NA,2,"",90,1125,0,115,0,4.56,"f",2.72
2279,"26/02/2016","within a few hours","f",3,"t","Randwick",-33.9415,151.25679,"Entire home/apt",5,2,2,"$309.00",5,1125,29,70,0,4.76,"f",0.78
18129,"4/11/2013","within a day","f",1,"t","Sydney",-33.8764954,151.2284713,"Entire home/apt",4,1.5,2,"$251.00",4,21,19,0,0,NA,"f",NA
8171,"26/08/2016","within an hour","f",78,"t","Marrickville",-33.90283413,151.1374233,"Entire home/apt",4,1,1,"$183.00",90,365,29,24,0,4.63,"t",0.88
12549,"4/01/2020","N/A","f",1,"t","Parramatta",-33.81493586,151.0092337,"Private room",1,1,1,"$171.00",1,10,28,0,0,NA,"f",NA
4404,"25/11/2015","within an hour","t",1,"t","Warringah",-33.7562,151.29582,"Entire home/apt",4,1,2,"$156.00",4,300,1,86,2,4.73,"f",1.35
1943,"16/10/2016","within an hour","f",1,"t","Randwick",-33.93474,151.23109,"Entire home/apt",4,1.5,1,"$129.00",2,600,29,110,2,4.79,"f",1.21
11710,"16/06/2021","within an hour","f",57,"t","Sydney",-33.87483131,151.1980785,"Entire home/apt",2,1,1,"$134.00",2,90,15,16,1,4.25,"f",1.14
12663,"31/08/2017","within an hour","f",54,"t","North Sydney",-33.8221227,151.1964683,"Entire home/apt",4,2,2,"$330.00",1,365,17,8,1,4.75,"t",0.81
11459,"19/07/2023","within a day","f",4,"t","Sydney",-33.90713277,151.2043314,"Entire home/apt",4,2,2,"$251.00",1,365,29,7,0,3.29,"f",0.51
13475,"18/02/2014","N/A","t",2,"t","Sydney",-33.87916641,151.1838201,"Entire home/apt",4,2,2,"$464.00",7,365,0,1,0,5,"f",0.18
14622,"17/04/2018","within an hour","",24,"t","Ryde",-33.77911613,151.1104399,"Entire home/apt",4,NA,2,"",3,365,0,19,0,4.89,"f",2.81
12670,"5/06/2013","within an hour","f",28,"t","Sydney",-33.87544782,151.2218903,"Entire home/apt",2,1,1,"$291.00",5,365,0,12,0,4.25,"t",1.05
13238,"10/07/2013","within an hour","f",244,"t","Waverley",-33.89949,151.26585,"Entire home/apt",6,NA,3,"",1,1125,0,2,0,5,"t",0.36
4710,"24/10/2016","within an hour","f",72,"t","North Sydney",-33.832142,151.2141374,"Entire home/apt",2,1,0,"$139.00",2,180,23,92,0,4.53,"t",1.6
13971,"13/11/2014","within a day","t",82,"t","Pittwater",-33.61154,151.32841,"Entire home/apt",8,2,4,"$1,071.00",1,1125,28,1,0,5,"f",0.52
230,"9/10/2012","within an hour","t",4,"t","Sydney",-33.87151,151.22435,"Entire home/apt",3,1,1,"$195.00",2,1125,3,571,0,4.8,"t",3.75
2102,"27/01/2017","within a day","t",1,"t","Leichhardt",-33.8771,151.17544,"Private room",2,1,1,"$158.00",2,7,6,152,2,4.99,"f",1.71
12415,"19/10/2021","within an hour","f",15,"t","Waverley",-33.8905685,151.2828645,"Entire home/apt",6,2,3,"$533.00",1,365,2,11,2,5,"t",1.11
12258,"21/06/2024","within an hour","f",3,"t","Canterbury",-33.91321511,151.0744899,"Private room",1,2,1,"$66.00",1,1125,0,40,1,4.85,"t",3.69
3933,"17/03/2019","N/A","f",1,"t","Pittwater",-33.64961,151.31899,"Entire home/apt",2,NA,1,"",4,28,0,10,0,4.8,"t",0.15
10137,"18/12/2019","within an hour","t",25,"t","Sydney",-33.859106,151.2030182,"Entire home/apt",8,2,3,"$233.00",1,365,0,61,0,4.84,"f",3.25
16282,"24/07/2012","within a few hours","t",126,"t","Pittwater",-33.60223,151.33068,"Entire home/apt",10,4.5,5,"$2,304.00",1,1125,27,1,0,5,"f",0.49
17721,"11/07/2021","within an hour","t",28,"t","Waverley",-33.88669,151.27517,"Private room",3,1,1,"$150.00",2,365,29,0,0,NA,"t",NA
17606,"15/12/2023","within an hour","f",14,"t","Sydney",-33.9037439,151.2089047,"Entire home/apt",4,2,2,"$155.00",6,365,8,0,0,NA,"f",NA
17105,"20/09/2022","within an hour","f",39,"t","Liverpool",-33.92842,150.92231,"Entire home/apt",5,2,2,"$160.00",3,365,27,2,1,5,"f",1.82
3280,"23/05/2012","within a few hours","t",117,"t","Randwick",-33.92637,151.25591,"Entire home/apt",4,2,2,"$320.00",21,89,4,8,1,5,"f",0.19
17789,"14/11/2021","within an hour","f",2,"t","Fairfield",-33.85602,150.89526,"Entire home/apt",9,2,5,"$295.00",2,365,26,0,0,NA,"f",NA
3103,"12/06/2015","N/A","f",1,"t","Pittwater",-33.6079,151.3258,"Entire home/apt",2,NA,1,"",1,2,0,93,0,4.82,"f",1.23
6720,"24/06/2016","within an hour","f",4,"t","Hornsby",-33.7631,151.08465,"Private room",4,1.5,2,"$171.00",2,60,28,16,0,4.81,"f",0.48
13179,"21/07/2018","within an hour","t",12,"t","Sydney",-33.8778,151.20728,"Entire home/apt",4,1,1,"$187.00",2,365,6,33,3,4.85,"f",3.39
11561,"12/07/2023","within an hour","f",3,"t","Penrith",-33.7211988,150.7294101,"Private room",2,1,1,"$69.00",1,365,29,8,0,4.75,"t",0.54
4625,"4/08/2016","within a few hours","t",1,"t","Pittwater",-33.60872,151.3272,"Entire home/apt",10,4.5,5,"$1,658.00",3,1125,26,10,0,5,"f",0.31
11460,"6/01/2015","within an hour","f",27,"t","Sydney",-33.886351,151.176632,"Entire home/apt",4,1,1,"$112.00",2,10,16,61,3,4.34,"f",4.06
5983,"8/04/2020","within an hour","f",180,"t","Sydney",-33.869015,151.204376,"Entire home/apt",7,2,2,"$406.00",2,365,8,21,0,4.05,"f",0.74
12196,"27/04/2014","N/A","f",1,"t","Marrickville",-33.91273007,151.1420734,"Entire home/apt",4,1,2,"$183.00",2,365,0,3,0,4.67,"f",0.26
2669,"24/07/2019","N/A","f",912,"t","Canada Bay",-33.84985,151.1368,"Entire home/apt",6,2,2,"$224.00",3,365,9,56,0,4.48,"t",0.65
17010,"14/04/2025","within a few hours","f",1,"t","Woollahra",-33.88314,151.24894,"Entire home/apt",9,3,4,"$1,500.00",7,18,0,0,0,NA,"f",NA
9434,"15/09/2023","within an hour","t",1,"t","North Sydney",-33.84947992,151.2143175,"Entire home/apt",4,1,2,"$372.00",3,31,16,44,3,4.98,"f",2.57
3996,"4/01/2018","within an hour","t",1,"t","Warringah",-33.78043,151.28236,"Entire home/apt",6,1,2,"$421.00",3,28,0,75,0,4.93,"f",1.15
5689,"17/07/2015","within an hour","t",2,"t","Warringah",-33.75548,151.28817,"Entire home/apt",3,1,2,"$171.00",1,1125,0,122,0,4.79,"t",2.87
16667,"6/06/2016","within an hour","f",37,"t","Sydney",-33.88011,151.2111,"Entire home/apt",6,1,3,"$105.00",1,1125,8,2,1,4,"t",0.95
12851,"15/10/2023","within a day","f",18,"f","Sydney",-33.88887054,151.1960573,"Private room",1,1,1,"$81.00",3,365,28,7,0,4.71,"f",0.76
8079,"20/10/2014","within a few hours","f",1,"t","Botany Bay",-33.95381934,151.2030357,"Entire home/apt",4,2,2,"$256.00",90,365,22,7,0,5,"f",0.31
4963,"10/05/2013","within a day","f",1,"t","Pittwater",-33.61874,151.31635,"Entire home/apt",16,2.5,4,"$2,300.00",5,1125,22,1,0,5,"f",0.03
7636,"15/12/2014","within a few hours","f",1,"t","Pittwater",-33.61733,151.33836,"Entire home/apt",5,1,2,"$360.00",2,1125,0,53,0,4.98,"f",1.82
8783,"5/10/2012","within an hour","t",2,"t","Waverley",-33.8894023,151.2693544,"Entire home/apt",4,1,2,"$299.00",2,180,0,51,0,4.94,"f",2.2
16436,"9/03/2025","within an hour","f",1,"t","Hornsby",-33.65062,151.11748,"Entire home/apt",5,1,2,"$167.00",2,120,19,2,2,5,"f",2
5242,"7/02/2016","within a few hours","f",1,"t","Waverley",-33.88959,151.27705,"Entire home/apt",2,1,1,"$280.00",2,60,12,2,0,5,"f",1.33
12609,"26/04/2014","within an hour","t",15,"t","Waverley",-33.89280022,151.2581686,"Entire home/apt",4,NA,2,"",3,365,0,17,0,4.82,"f",1.51
16431,"3/08/2024","within an hour","t",27,"t","Sydney",-33.88736,151.19921,"Entire home/apt",4,1,1,"$620.00",1,365,1,17,5,4.53,"t",4.64
13621,"7/03/2013","within a few hours","f",4,"t","Canada Bay",-33.84759,151.13969,"Entire home/apt",4,1,2,"$134.00",2,365,0,8,0,4.63,"f",1.09
7377,"20/07/2013","N/A","f",1,"t","Sydney",-33.8744839,151.1845993,"Entire home/apt",8,3,4,"$980.00",10,365,0,4,0,4,"f",0.13
755,"7/12/2012","N/A","f",1,"t","Ashfield",-33.88688,151.12483,"Private room",2,1,1,"$82.00",90,1125,29,9,0,4.78,"f",0.08
13557,"7/09/2011","N/A","f",1,"t","Waverley",-33.8912,151.28426,"Entire home/apt",2,1,1,"$500.00",2,365,21,0,0,NA,"f",NA
15152,"11/10/2019","within an hour","f",138,"t","Sydney",-33.88623065,151.1799375,"Entire home/apt",5,2,2,"$223.00",2,365,14,6,2,4.5,"f",1.1
5082,"3/05/2016","within an hour","t",7,"t","Sydney",-33.898918,151.206635,"Entire home/apt",2,1,1,"$190.00",1,31,7,224,4,4.92,"t",4.52
3195,"12/09/2013","N/A","f",2,"t","Randwick",-33.91809,151.24822,"Private room",1,1,1,"$151.00",90,1125,29,0,0,NA,"t",NA
10892,"28/10/2017","within an hour","t",5,"t","Waverley",-33.89100761,151.275785,"Entire home/apt",4,1,2,"$285.00",2,365,13,13,1,4.92,"t",1.03
11889,"15/04/2021","within a day","f",3,"f","Woollahra",-33.886232,151.2590277,"Entire home/apt",4,1,2,"$350.00",1,365,27,3,0,4.67,"f",0.66
17748,"24/10/2019","N/A","f",9,"t","Sydney",-33.87515,151.22887,"Entire home/apt",6,1,3,"$275.00",2,20,11,1,1,5,"t",1
9611,"12/12/2023","N/A","f",7,"t","Randwick",-33.91604973,151.2578387,"Entire home/apt",2,1,1,"$227.00",2,365,20,41,2,4.88,"f",2.06
5682,"5/09/2016","within a few hours","f",1,"t","Waverley",-33.9030123,151.2605637,"Entire home/apt",2,1,1,"$234.00",7,38,0,1,0,5,"f",0.19
10508,"3/12/2019","N/A","f",1,"t","Ryde",-33.82078,151.09643,"Private room",2,1,1,"$79.00",90,90,28,0,0,NA,"f",NA
10010,"19/08/2019","within a few hours","t",2,"t","Sutherland Shire",-34.08029265,151.1583442,"Entire home/apt",10,3,5,"$531.00",2,365,19,24,1,5,"f",1.34
11969,"19/04/2024","within an hour","t",1,"t","Woollahra",-33.8700724,151.2380575,"Entire home/apt",2,1,1,"$283.00",2,90,19,30,0,5,"f",2.77
8831,"4/08/2014","within a few hours","t",1,"t","Pittwater",-33.61904136,151.3315498,"Entire home/apt",4,1,2,"$146.00",2,90,15,53,0,4.98,"f",2.18
9726,"5/05/2016","within an hour","t",1,"t","Sydney",-33.876383,151.2216367,"Entire home/apt",2,1,1,"$184.00",3,28,13,29,0,5,"t",1.5
18082,"20/06/2019","N/A","f",53,"t","Sydney",-33.887435,151.2087389,"Entire home/apt",2,1,1,"$160.00",2,90,4,0,0,NA,"f",NA
16550,"18/08/2015","within an hour","f",2,"f","Auburn",-33.84798208,151.0737218,"Entire home/apt",6,2,3,"$240.00",2,30,11,8,2,4.13,"t",2.26
14350,"24/04/2016","within an hour","f",1,"t","Marrickville",-33.91535804,151.1542958,"Entire home/apt",2,NA,1,"",90,365,0,0,0,NA,"f",NA
5794,"24/07/2012","within a few hours","t",126,"t","Pittwater",-33.61358086,151.3281196,"Entire home/apt",4,1,2,"$773.00",1,1125,29,12,0,4.83,"f",0.29
13184,"27/03/2013","within a few hours","f",1,"t","Mosman",-33.83557802,151.2370558,"Entire home/apt",6,2,3,"$540.00",5,365,7,0,0,NA,"f",NA
14325,"22/08/2024","within an hour","t",1,"t","Blacktown",-33.76252,150.93549,"Entire home/apt",4,1,2,"$160.00",2,365,9,22,2,5,"f",3.32
13533,"12/06/2019","within a few hours","f",4,"t","Ryde",-33.7955987,151.1254813,"Private room",2,NA,NA,"",2,30,0,13,0,4.62,"f",1.39
17616,"29/01/2016","N/A","f",15,"t","Sydney",-33.91287211,151.2096484,"Entire home/apt",4,2,2,"$142.00",5,365,1,0,0,NA,"f",NA
10846,"25/08/2019","within an hour","f",169,"t","Auburn",-33.86964,151.03264,"Private room",1,2,1,"$44.00",2,365,29,12,1,4,"f",0.72
9461,"10/11/2021","within an hour","t",1,"t","Marrickville",-33.89326095,151.1762009,"Entire home/apt",4,1,2,"$273.00",1,95,14,109,4,4.83,"t",4.95
11130,"11/08/2015","within an hour","f",34,"t","Manly",-33.79138621,151.2863474,"Entire home/apt",6,2.5,3,"$1,000.00",84,365,28,1,0,5,"f",0.06
7312,"12/12/2022","N/A","f",1,"t","Warringah",-33.73208572,151.300002,"Entire home/apt",8,2,4,"$840.00",90,365,29,0,0,NA,"t",NA
2726,"16/03/2012","within an hour","t",14,"t","Sydney",-33.88751073,151.2013913,"Entire home/apt",2,1,1,"$155.00",5,1125,2,157,0,4.89,"f",1.99
13177,"21/07/2018","within an hour","t",12,"t","Sydney",-33.87931,151.20651,"Entire home/apt",4,1,1,"$246.00",2,365,10,26,1,5,"f",2.77
12301,"21/10/2013","within a few hours","t",1,"t","Manly",-33.79545583,151.2852087,"Entire home/apt",2,1,1,"$167.00",3,365,8,41,2,4.85,"f",3.63
5797,"29/08/2024","N/A","f",39,"t","North Sydney",-33.83268,151.20743,"Entire home/apt",2,1,1,"$219.00",84,1125,0,1,0,5,"f",0.03
14248,"14/06/2024","within an hour","f",12,"t","Woollahra",-33.87026578,151.2377229,"Entire home/apt",4,1,2,"$374.00",7,365,20,3,0,5,"t",0.48
9049,"19/06/2023","within an hour","f",9,"t","Parramatta",-33.80797,151.00581,"Private room",5,1,2,"$325.00",1,365,14,3,0,4.67,"t",0.24
16873,"10/12/2015","within an hour","f",32,"t","Marrickville",-33.894445,151.1450121,"Entire home/apt",6,2,3,"$291.00",2,365,29,1,1,5,"f",1
9196,"28/01/2020","within an hour","f",9,"t","Sydney",-33.88381598,151.2143445,"Entire home/apt",6,2.5,3,"$327.00",5,365,20,38,1,4.87,"f",1.6
16414,"9/07/2024","within an hour","t",13,"t","Auburn",-33.85006,151.07309,"Entire home/apt",6,2,2,"$158.00",1,365,14,18,3,5,"f",6.14
13723,"7/11/2012","within an hour","t",11,"t","Waverley",-33.8876724,151.2699491,"Entire home/apt",4,1,2,"$229.00",1,730,6,16,5,4.75,"t",1.99
14182,"1/07/2018","within a day","f",1,"t","Warringah",-33.75095584,151.2909884,"Entire home/apt",4,1,2,"$215.00",5,365,1,4,0,5,"f",0.7
7225,"17/06/2017","within a few hours","f",5,"t","Sydney",-33.89466,151.20227,"Private room",2,1.5,1,"$90.00",1,60,10,66,1,4.85,"t",2.17
1165,"11/02/2016","within an hour","f",2,"t","Sydney",-33.87053299,151.1979828,"Entire home/apt",4,2,2,"$412.00",2,1125,13,280,2,4.79,"f",2.52
1488,"13/12/2015","N/A","f",1,"t","Mosman",-33.81858,151.23594,"Entire home/apt",6,1.5,4,"$1,250.00",90,150,26,13,0,5,"f",0.13
7418,"22/04/2014","N/A","f",1,"t","North Sydney",-33.8335142,151.211041,"Entire home/apt",3,1,1,"$220.00",90,200,0,2,0,5,"f",0.07
15337,"24/10/2015","N/A","f",2,"t","Blacktown",-33.6801,150.8887,"Entire home/apt",8,2.5,4,"$220.00",30,365,15,0,0,NA,"f",NA
17480,"18/02/2016","N/A","f",1,"t","Waverley",-33.89020316,151.2606414,"Private room",1,1,1,"$105.00",1,7,28,0,0,NA,"f",NA
18153,"5/01/2019","within an hour","f",3,"t","Sutherland Shire",-34.02998,151.09722,"Private room",1,1,1,"$60.00",1,365,26,0,0,NA,"t",NA
10465,"17/05/2017","N/A","t",1,"t","Randwick",-33.954708,151.2481784,"Entire home/apt",4,NA,2,"",90,365,28,10,0,4.9,"f",0.56
5073,"4/06/2014","within a day","f",0,"t","Mosman",-33.83407,151.23442,"Entire home/apt",4,NA,3,"",90,1125,28,0,0,NA,"f",NA
2814,"19/09/2013","N/A","f",1,"t","Marrickville",-33.91769,151.15282,"Entire home/apt",11,3,4,"$1,900.00",90,730,16,2,0,5,"f",0.07
2263,"13/03/2015","within an hour","f",19,"t","Rockdale",-33.95429,151.13664,"Private room",1,1,1,"$50.00",7,1125,17,10,1,4.2,"t",0.11
10166,"2/08/2014","within an hour","t",11,"t","Warringah",-33.7764802,151.2833827,"Entire home/apt",10,1.5,4,"$540.00",3,4,13,0,0,NA,"f",NA
9098,"31/12/2020","within an hour","t",13,"t","Burwood",-33.87906,151.10655,"Entire home/apt",5,2,2,"$172.00",4,365,0,114,6,4.89,"f",4.72
13673,"9/09/2023","within an hour","t",3,"t","Hornsby",-33.77575,151.08433,"Private room",2,1,1,"$90.00",1,90,29,12,0,4.92,"f",1.42
345,"18/03/2015","within a few hours","t",3,"t","Waverley",-33.8925,151.2631,"Entire home/apt",8,1,3,"$401.00",1,1125,29,463,0,4.95,"f",3.94
9489,"2/06/2016","within a few hours","f",2,"t","Holroyd",-33.83175892,150.9958592,"Private room",1,1.5,1,"$31.00",90,365,26,1,0,5,"f",0.06
14015,"28/05/2014","N/A","f",1,"t","Leichhardt",-33.88391845,151.1694853,"Entire home/apt",2,1,1,"$360.00",3,365,0,0,0,NA,"t",NA
2396,"13/06/2016","N/A","f",1,"t","Warringah",-33.75208,151.29215,"Entire home/apt",2,1,2,"$90.00",182,1095,27,0,0,NA,"f",NA
12703,"23/08/2014","within an hour","t",6,"t","Sydney",-33.89254,151.20609,"Private room",2,1,1,"$179.00",2,7,8,2,0,5,"f",0.17
15975,"6/02/2025","within an hour","f",19,"t","Ryde",-33.7862841,151.1268374,"Private room",3,1,1,"$231.00",1,90,1,0,0,NA,"t",NA
7078,"13/02/2018","N/A","f",1,"t","Manly",-33.79068,151.28571,"Entire home/apt",4,2,2,"$501.00",5,60,19,42,0,5,"f",1.31
17628,"26/08/2012","within a few hours","t",8,"t","Canada Bay",-33.84332094,151.1059036,"Private room",1,1,1,"$80.00",1,21,29,0,0,NA,"f",NA
3017,"21/05/2014","N/A","f",1,"t","Sydney",-33.88564,151.17769,"Entire home/apt",5,2,2,"$359.00",90,1125,29,0,0,NA,"f",NA
13678,"24/06/2015","within a day","t",1,"t","Waverley",-33.88796682,151.2753727,"Entire home/apt",6,2,3,"$430.00",4,365,28,7,0,5,"f",0.82
14556,"8/06/2015","within an hour","",3,"t","Sydney",-33.88021333,151.1879522,"Entire home/apt",6,2,3,"$342.00",1,365,28,12,1,5,"f",2.14
15907,"4/12/2024","within a few hours","f",53,"t","Botany Bay",-33.92133,151.19194,"Entire home/apt",4,2,2,"$226.00",7,365,0,1,0,4,"f",0.22
12787,"10/12/2014","within an hour","f",26,"f","Sydney",-33.88574815,151.1966985,"Private room",2,2,1,"$126.00",2,365,22,11,0,4.55,"t",1.07
13796,"24/11/2023","within an hour","t",3,"t","Bankstown",-33.91641077,151.0243351,"Private room",2,1,1,"$125.00",1,365,26,28,1,4.93,"t",3.89
6923,"22/11/2016","N/A","f",3,"t","Ryde",-33.7802,151.13192,"Entire home/apt",4,2,3,"$234.00",21,60,29,0,0,NA,"f",NA
8948,"13/07/2023","within an hour","t",1,"t","The Hills Shire",-33.48245,150.90189,"Entire home/apt",2,1,1,"$254.00",2,365,9,119,5,4.97,"f",5.12
11951,"6/05/2024","N/A","f",1,"t","Randwick",-33.92408,151.22541,"Private room",1,1,1,"$64.00",90,365,27,0,0,NA,"f",NA
6893,"11/09/2022","within a few hours","f",1,"t","Rockdale",-33.95918,151.15645,"Entire home/apt",4,1,2,"$327.00",2,90,25,21,0,4.86,"f",0.63
14522,"20/12/2016","within a few hours","f",1,"t","Ashfield",-33.8909966,151.1295893,"Entire home/apt",4,NA,2,"",2,10,0,1,0,5,"f",0.18
14071,"15/11/2015","within an hour","t",1,"t","Waverley",-33.89612,151.27151,"Entire home/apt",6,1,2,"$417.00",1,1125,28,31,3,4.68,"t",4.17
16372,"24/02/2025","within an hour","f",1,"t","Canada Bay",-33.83052911,151.0865887,"Private room",2,1,1,"$92.00",3,365,0,9,4,5,"t",2.97
16491,"25/08/2015","within an hour","f",1,"t","Rockdale",-33.93216605,151.1464666,"Private room",3,1,1,"$111.00",1,1125,13,7,4,5,"t",2.63
10188,"2/01/2024","N/A","f",1,"t","Sydney",-33.87145513,151.2219598,"Entire home/apt",2,1,0,"$283.00",3,365,11,49,0,4.92,"f",2.77
921,"27/03/2015","N/A","f",1,"t","Warringah",-33.73056,151.30042,"Private room",2,1,1,"$90.00",90,1125,29,1,0,4,"f",0.01
4017,"5/10/2013","N/A","f",1,"t","Waverley",-33.89099,151.25323,"Entire home/apt",3,2,2,"$400.00",90,1125,29,0,0,NA,"f",NA
16542,"20/06/2016","within an hour","f",4,"t","Campbelltown",-33.97756,150.85638,"Private room",1,1,1,"$44.00",3,365,29,1,0,4,"f",0.33
335,"12/01/2013","within a few hours","t",1,"t","Waverley",-33.87812,151.28016,"Private room",2,1,1,"$189.00",3,60,29,131,0,4.94,"f",0.93
7707,"10/11/2017","a few days or more","f",1,"f","Liverpool",-33.92457098,150.9180579,"Private room",2,NA,NA,"",90,365,29,7,0,3.57,"f",0.25
11025,"5/01/2016","N/A","t",2,"t","Waverley",-33.8893,151.26642,"Entire home/apt",4,NA,2,"",4,30,0,1,0,5,"f",0.06
5594,"1/12/2013","within a few hours","t",1,"t","Woollahra",-33.88712,151.25922,"Private room",1,1,1,"$145.00",2,7,13,45,0,4.98,"f",1.07
13794,"17/09/2016","N/A","f",1,"t","Sydney",-33.87742275,151.212649,"Entire home/apt",3,1,1,"$330.00",2,14,28,1,0,3,"t",0.18
13667,"2/10/2024","within an hour","f",1,"t","Woollahra",-33.88329,151.23373,"Entire home/apt",2,1,0,"$133.00",1,365,11,9,1,5,"t",1.36
16145,"29/08/2024","N/A","f",39,"t","Randwick",-33.92701543,151.2584987,"Entire home/apt",4,1,2,"$294.00",5,1125,0,5,0,4.8,"t",1.58
11928,"10/05/2023","within an hour","f",21,"t","Fairfield",-33.8900361,150.9359612,"Private room",2,NA,NA,"",90,365,28,0,0,NA,"f",NA
13381,"27/06/2018","within an hour","f",3,"t","Blacktown",-33.74053042,150.8313122,"Entire home/apt",6,1.5,3,"$198.00",3,365,26,5,0,4.4,"f",0.87
3339,"28/01/2019","within an hour","t",1,"t","Hornsby",-33.72543,151.07849,"Entire home/apt",4,1,2,"$114.00",4,1125,0,106,0,4.95,"t",1.38
8414,"27/05/2014","within an hour","t",61,"t","Sydney",-33.87524339,151.2290618,"Entire home/apt",4,2,2,"$485.00",21,365,2,20,0,4.9,"f",0.81
4549,"13/03/2011","within a day","t",1,"t","Waverley",-33.88788,151.27167,"Entire home/apt",3,NA,2,"",2,90,0,76,0,4.97,"f",1.33
12219,"15/08/2011","within an hour","f",2,"t","Sydney",-33.88004,151.22279,"Private room",2,1,1,"$75.00",2,365,6,40,3,4.58,"t",5.43
6665,"2/10/2016","within an hour","f",2,"t","Sydney",-33.88595,151.17922,"Private room",4,NA,NA,"",7,365,0,7,0,4.43,"f",0.23
12721,"9/09/2017","within an hour","t",17,"t","Sydney",-33.88613,151.21222,"Entire home/apt",2,1,0,"$130.00",1,365,1,104,9,4.81,"f",9.1
8597,"24/07/2019","N/A","f",912,"t","Sydney",-33.8804601,151.2152572,"Entire home/apt",2,1,0,"$159.00",7,365,24,47,1,4.57,"t",1.79
4604,"4/06/2018","within an hour","t",5,"t","Waverley",-33.89295,151.25816,"Private room",2,7,1,"$175.00",1,365,29,4,0,5,"t",0.07
10253,"22/03/2017","within a few hours","",2,"t","Waverley",-33.88987,151.26817,"Entire home/apt",6,NA,4,"",4,365,0,1,0,5,"f",0.12
5930,"15/01/2013","within an hour","f",8,"t","Waverley",-33.8941571,151.2700641,"Entire home/apt",4,1,2,"$231.00",2,365,12,125,2,4.54,"f",3.87
3415,"21/04/2019","N/A","f",2,"t","Hornsby",-33.75751,151.05516,"Private room",2,2,2,"$41.00",90,1125,28,0,0,NA,"f",NA
5896,"25/08/2015","within an hour","f",15,"t","Leichhardt",-33.88653,151.15991,"Entire home/apt",2,1,1,"$125.00",1,365,29,35,0,4.31,"f",0.85
7675,"15/07/2015","N/A","f",1,"t","North Sydney",-33.84228,151.22275,"Entire home/apt",2,NA,1,"",2,100,0,17,0,4.82,"f",0.6
9917,"16/01/2016","within an hour","t",1,"t","Warringah",-33.7745487,151.2802644,"Entire home/apt",4,1,1,"$225.00",2,60,12,49,0,4.96,"f",2.62
9114,"16/10/2021","within an hour","f",40,"t","Fairfield",-33.8938858,150.9020338,"Entire home/apt",10,NA,3,"",2,90,26,35,0,4.4,"t",1.61
12061,"21/10/2023","within an hour","f",42,"t","Sydney",-33.87446992,151.1868342,"Entire home/apt",8,NA,3,"",90,365,0,11,0,4.09,"t",0.85
5034,"9/02/2016","within an hour","t",1,"t","Sydney",-33.88659,151.22552,"Entire home/apt",2,1,1,"$143.00",3,28,14,151,2,4.93,"f",2.7
6381,"16/06/2021","within an hour","f",57,"t","Sydney",-33.88359,151.17696,"Entire home/apt",2,1,1,"$233.00",28,180,22,1,0,5,"f",0.03
8234,"9/01/2018","within an hour","t",2,"t","North Sydney",-33.8216,151.21742,"Entire home/apt",2,1,1,"$168.00",2,42,16,38,0,4.76,"f",1.42
6363,"25/06/2014","within an hour","t",16,"t","Woollahra",-33.8738231,151.2356313,"Entire home/apt",4,1,2,"$194.00",3,365,4,80,3,4.75,"t",2.59
14513,"28/11/2022","within an hour","f",3,"t","Camden",-33.96652,150.81175,"Entire home/apt",10,NA,5,"",2,365,7,7,1,4.29,"f",1.19
17984,"20/06/2019","N/A","f",53,"t","Sydney",-33.8796142,151.2149342,"Entire home/apt",2,1,1,"$194.00",2,90,15,0,0,NA,"f",NA
1569,"30/10/2016","within an hour","t",2,"t","Waverley",-33.89148,151.27151,"Entire home/apt",4,1,2,"$760.00",4,600,29,34,0,4.88,"f",0.33
13111,"18/04/2024","within an hour","f",4,"t","Penrith",-33.72546287,150.7244208,"Private room",1,1.5,1,"$58.00",1,365,0,15,0,4.6,"f",1.39
5038,"12/11/2020","within an hour","f",2,"t","Sydney",-33.87476,151.2191,"Private room",2,1,1,"$139.00",1,1125,29,608,14,4.63,"t",10.95
14289,"10/03/2018","within an hour","t",3,"t","Parramatta",-33.81944,151.0063,"Entire home/apt",4,NA,1,"",1,365,0,36,0,4.89,"t",5.4
4655,"23/04/2018","N/A","f",46,"t","Sydney",-33.87847,151.20711,"Entire home/apt",3,1,1,"$158.00",2,90,7,116,2,4.35,"f",2.06
9166,"10/07/2013","within an hour","f",244,"t","Sydney",-33.89541934,151.211489,"Entire home/apt",6,4,3,"$404.00",1,1125,0,25,0,4.92,"t",1.13
4597,"29/07/2014","within an hour","t",1,"t","Canterbury",-33.92189,151.14841,"Entire home/apt",2,1,1,"$113.00",2,1125,8,155,0,4.88,"f",2.49
15483,"15/10/2018","N/A","f",1,"f","Ryde",-33.82508,151.12431,"Entire home/apt",4,2,2,"$220.00",3,14,0,0,0,NA,"f",NA
2242,"1/11/2017","within a few hours","f",1,"t","Warringah",-33.74151,151.26993,"Entire home/apt",4,1,2,"$110.00",4,1125,29,133,1,4.68,"f",1.5
5533,"4/06/2014","within a day","f",0,"t","Manly",-33.80054,151.25782,"Entire home/apt",4,1,2,"$422.00",7,1125,28,3,0,5,"f",0.11
8394,"1/09/2012","within an hour","t",2,"t","Sydney",-33.8914636,151.2018206,"Entire home/apt",4,2,2,"$312.00",2,90,16,19,1,4.95,"f",0.8
10711,"4/06/2018","within a few hours","f",2,"t","Ashfield",-33.8760122,151.1390832,"Entire home/apt",5,1,0,"$733.00",1,1125,0,18,0,4.78,"t",0.97
2248,"9/06/2016","within an hour","t",1,"t","Sutherland Shire",-34.06833,151.15586,"Entire home/apt",8,4,4,"$850.00",7,365,29,6,0,5,"t",0.33
14551,"15/10/2012","within an hour","t",27,"t","Mosman",-33.8272901,151.2514931,"Entire home/apt",6,1,2,"$155.00",1,365,7,41,5,4.95,"f",6.12
14957,"23/06/2017","within an hour","",26,"t","Rockdale",-33.93033,151.15307,"Entire home/apt",6,1,2,"$198.00",2,365,13,6,1,4.83,"t",1.15
9769,"24/10/2016","within an hour","f",72,"t","Sydney",-33.87401,151.19744,"Entire home/apt",4,1,1,"$172.00",2,180,4,49,2,4.86,"t",2.36
3297,"17/01/2019","within an hour","f",9,"t","Sydney",-33.85777664,151.2055664,"Entire home/apt",2,1,1,"$206.00",2,365,14,152,1,4.61,"t",1.99
4119,"8/12/2019","N/A","f",1,"f","Canterbury",-33.91118,151.11701,"Private room",1,1,1,"$89.00",90,90,28,1,0,5,"f",0.02
6223,"2/05/2022","within an hour","f",3,"t","Hornsby",-33.76613,151.06043,"Entire home/apt",1,1,1,"$51.00",1,365,13,16,7,4.69,"f",4.36
12106,"15/10/2012","within an hour","",86,"t","Sydney",-33.85937,151.20299,"Entire home/apt",7,NA,2,"",1,365,0,39,0,4.9,"f",3.18
3959,"20/04/2015","within an hour","f",1,"t","Sydney",-33.88816,151.21373,"Entire home/apt",2,1,0,"$176.00",2,30,23,176,2,4.8,"f",2.56
103,"3/03/2012","within an hour","f",3,"t","Waverley",-33.89465,151.26372,"Entire home/apt",2,1,1,"$141.00",2,1125,13,204,1,4.54,"t",1.29
12584,"31/10/2019","within a few hours","f",1,"t","Campbelltown",-33.97731,150.89609,"Private room",2,NA,NA,"",2,365,29,2,0,4.5,"f",0.36
11553,"4/04/2024","N/A","f",1,"f","Pittwater",-33.64355,151.3267,"Entire home/apt",10,2,4,"$1,000.00",7,60,22,0,0,NA,"f",NA
10348,"19/06/2016","within a day","f",1,"t","Warringah",-33.77027358,151.2773799,"Entire home/apt",7,1.5,4,"$1,080.00",7,21,22,1,0,5,"f",0.19
3500,"9/04/2019","within an hour","f",5,"t","Sydney",-33.86795,151.22411,"Hotel room",1,1,0,"$142.00",1,365,28,277,1,4.68,"t",3.74
14629,"30/01/2017","within an hour","f",1,"t","Waverley",-33.88413,151.28171,"Entire home/apt",6,NA,3,"",2,365,0,2,0,5,"f",0.34
10,"31/03/2011","within an hour","f",2,"t","Waverley",-33.894576,151.266382,"Entire home/apt",4,1,2,"$320.00",2,730,0,181,0,4.66,"f",1.17
17062,"14/03/2018","within an hour","f",44,"t","Warringah",-33.7626655,151.21408,"Entire home/apt",2,NA,NA,"",1,365,29,0,0,NA,"f",NA
1388,"9/04/2014","within an hour","f",1,"t","Sydney",-33.87047,151.22536,"Entire home/apt",2,1,1,"$128.00",2,200,8,313,4,4.9,"f",3.01
14165,"8/11/2020","within an hour","f",12,"t","Leichhardt",-33.86187748,151.1736101,"Entire home/apt",2,1,1,"$99.00",2,180,1,17,1,4.53,"t",2.28
14854,"28/02/2016","within an hour","t",1,"t","Pittwater",-33.7012379,151.2900509,"Entire home/apt",2,1,1,"$185.00",1,45,10,12,1,4.75,"f",2.11
11821,"10/12/2018","within an hour","t",7,"t","Leichhardt",-33.8604493,151.1764047,"Entire home/apt",6,1.5,3,"$168.00",2,365,3,38,3,4.58,"f",2.89
5946,"17/12/2014","N/A","f",1,"t","Manly",-33.791416,151.286789,"Entire home/apt",8,2,2,"$2,250.00",90,1125,29,0,0,NA,"t",NA
17814,"9/07/2022","within an hour","t",7,"t","Rockdale",-33.94195,151.14645,"Entire home/apt",5,2,4,"$179.00",1,100,24,0,0,NA,"f",NA
5551,"30/05/2016","within an hour","",3,"t","Sydney",-33.87283,151.2241,"Entire home/apt",4,1,2,"$247.00",2,90,2,163,3,4.71,"f",3.71
14598,"21/04/2016","within an hour","t",2,"t","Sydney",-33.91870022,151.197709,"Entire home/apt",2,1,1,"$129.00",1,1125,12,18,3,4.89,"t",3.14
5412,"25/09/2021","within an hour","f",1,"t","Pittwater",-33.60609,151.3302,"Entire home/apt",6,3,3,"$1,200.00",3,1125,0,29,0,5,"f",0.68
3896,"26/08/2016","within an hour","t",24,"t","Sydney",-33.87907,151.20961,"Entire home/apt",8,3,3,"$903.00",1,1125,28,3,0,4.33,"f",0.07
10735,"15/10/2013","within an hour","t",1,"t","Waverley",-33.88438,151.27354,"Private room",2,1,1,"$131.00",2,7,6,100,6,4.95,"f",6.07
14589,"27/01/2018","within an hour","t",1,"t","Sydney",-33.89968,151.21222,"Entire home/apt",4,1,1,"$195.00",3,365,14,18,2,5,"f",2.78
18140,"9/08/2022","within a few hours","f",40,"t","Marrickville",-33.9015436,151.16468,"Entire home/apt",4,2,2,"$186.00",1,365,29,0,0,NA,"f",NA
6352,"23/12/2020","within an hour","f",44,"t","Sydney",-33.90489,151.20663,"Private room",1,1,1,"$63.00",1,365,29,58,4,4.81,"f",1.53
10262,"26/08/2016","within an hour","f",1,"t","Mosman",-33.82159437,151.250225,"Entire home/apt",4,1,2,"$656.00",2,365,24,11,1,5,"f",1.7
15204,"15/01/2016","within an hour","",3,"t","Manly",-33.79346627,151.2815814,"Entire home/apt",8,NA,4,"",2,20,0,3,0,5,"t",0.49
13171,"6/12/2015","within a day","f",1,"t","Manly",-33.7967,151.27174,"Entire home/apt",10,2.5,4,"$1,584.00",4,365,0,1,0,5,"f",0.18
3271,"24/07/2012","within a few hours","t",126,"t","Woollahra",-33.8745717,151.2332913,"Entire home/apt",9,5,6,"$6,514.00",1,1125,27,0,0,NA,"f",NA
13074,"25/11/2014","N/A","f",3,"t","Randwick",-33.94560752,151.2568289,"Entire home/apt",2,NA,2,"",90,730,0,2,0,5,"f",0.2
16856,"7/04/2023","within an hour","f",67,"t","Canterbury",-33.92665045,151.1334437,"Private room",2,2,1,"$34.00",1,365,4,1,1,1,"t",1
7592,"4/02/2023","N/A","f",1,"t","Randwick",-33.9153607,151.2657369,"Entire home/apt",6,2,3,"$964.00",2,365,29,61,1,4.97,"t",2.08
11798,"29/04/2024","within a few hours","f",9,"t","City Of Kogarah",-33.97518,151.11202,"Private room",2,NA,NA,"",90,365,0,0,0,NA,"f",NA
4373,"4/10/2016","N/A","f",2,"t","Bankstown",-33.94356,151.00992,"Private room",2,1,1,"$45.00",90,1125,29,1,0,4,"t",0.02
3730,"25/06/2019","N/A","f",1,"t","Rockdale",-33.94971,151.15093,"Private room",2,1,1,"$120.00",90,1125,29,0,0,NA,"t",NA
13493,"6/08/2013","N/A","f",1,"t","Warringah",-33.75438,151.29419,"Entire home/apt",3,1,1,"$235.00",6,21,22,1,0,5,"f",0.18
1363,"22/01/2016","within an hour","t",1,"t","Marrickville",-33.90557,151.17815,"Entire home/apt",4,1,2,"$267.00",4,1125,11,172,1,4.88,"f",1.66
9895,"2/08/2014","within an hour","t",11,"t","Warringah",-33.7772785,151.284051,"Entire home/apt",10,1,4,"$338.00",5,365,7,15,0,5,"f",0.8
13606,"13/08/2017","within a day","f",7,"t","Pittwater",-33.6372968,151.2779222,"Entire home/apt",12,1.5,4,"$2,857.00",7,30,16,0,0,NA,"f",NA
11050,"25/11/2023","within a day","f",3,"t","Fairfield",-33.89150972,150.9314217,"Private room",2,1,3,"$50.00",1,365,0,12,0,4.58,"f",0.72
9206,"20/10/2016","within a day","f",28,"t","Pittwater",-33.6017,151.32326,"Entire home/apt",6,2,3,"$1,073.00",1,1125,28,0,0,NA,"f",NA
9076,"15/01/2016","within an hour","t",1,"t","North Sydney",-33.8290296,151.2013286,"Entire home/apt",2,1,0,"$162.00",7,250,0,15,0,4.53,"f",0.76
13539,"9/09/2024","within an hour","t",6,"t","Sydney",-33.87497,151.20273,"Entire home/apt",6,2,2,"$332.00",2,365,3,57,6,4.88,"t",6.11
13264,"21/12/2018","within an hour","t",2,"t","Sydney",-33.9064964,151.1866949,"Entire home/apt",4,2,2,"$400.00",4,1125,29,4,0,4.75,"f",0.6
7555,"20/06/2017","within an hour","t",3,"t","Ryde",-33.77993041,151.1131876,"Entire home/apt",4,2,2,"$230.00",3,100,28,26,0,4.88,"t",0.87
15298,"15/08/2024","within an hour","f",5,"t","Strathfield",-33.88084,151.08562,"Entire home/apt",14,NA,6,"",2,365,18,20,2,4.65,"t",3.45
16354,"22/06/2022","within an hour","f",2,"t","Sydney",-33.8815,151.19736,"Entire home/apt",7,2,2,"$195.00",5,365,2,9,3,5,"t",2.87
5509,"23/06/2017","within an hour","t",1,"t","Pittwater",-33.67977,151.26307,"Entire home/apt",5,1,3,"$273.00",2,14,24,127,1,4.96,"f",3.03
10709,"25/11/2022","within an hour","f",6,"t","Marrickville",-33.91571,151.17268,"Private room",2,1.5,1,"$98.00",1,365,27,34,0,4.68,"f",1.87
11231,"26/02/2023","within an hour","f",1,"t","Sutherland Shire",-34.0471672,151.1035717,"Entire home/apt",8,2.5,3,"$311.00",2,365,0,13,0,4.69,"f",0.89
2332,"4/10/2016","within an hour","t",3,"t","Randwick",-33.9162,151.24743,"Entire home/apt",4,1,2,"$221.00",5,89,15,96,0,4.88,"f",1.09
15647,"9/06/2023","within an hour","f",11,"t","Sydney",-33.87442,151.20275,"Entire home/apt",8,2,2,"$248.00",1,365,7,0,0,NA,"f",NA
5603,"19/02/2021","within an hour","f",1,"t","Warringah",-33.785511,151.288589,"Entire home/apt",2,1,1,"$327.00",3,28,29,20,0,4.85,"f",0.47
16290,"8/03/2017","within a day","f",18,"t","Strathfield",-33.8636554,151.0792038,"Entire home/apt",2,1,1,"$204.00",2,365,29,0,0,NA,"f",NA
12621,"6/02/2013","within an hour","t",1,"t","Randwick",-33.92031268,151.2448173,"Entire home/apt",2,1,1,"$165.00",2,65,12,24,1,4.88,"f",2.41
12819,"10/05/2023","within an hour","f",21,"t","Fairfield",-33.8930937,150.9318479,"Entire home/apt",12,NA,6,"",2,365,13,3,0,5,"f",0.78
3688,"16/11/2016","a few days or more","f",5,"t","Ashfield",-33.89275,151.11676,"Private room",2,2,2,"$55.00",7,1125,22,9,0,4.67,"f",0.13
2547,"6/12/2017","within an hour","t",2,"t","Sydney",-33.86012,151.20299,"Entire home/apt",6,1.5,2,"$396.00",1,1125,0,325,0,4.86,"t",3.86
2478,"14/12/2011","within a few hours","t",1,"t","Marrickville",-33.89587021,151.1716919,"Entire home/apt",5,1,3,"$225.00",2,15,3,32,1,5,"f",0.4
15977,"21/10/2023","within an hour","f",42,"t","Sydney",-33.89084421,151.2118814,"Entire home/apt",4,NA,1,"",1,365,0,0,0,NA,"t",NA
1040,"10/12/2015","N/A","f",1,"t","Warringah",-33.71015,151.30358,"Entire home/apt",6,1,2,"$203.00",180,180,29,125,0,4.46,"f",1.1
12741,"12/05/2015","within an hour","t",3,"t","Rockdale",-33.94196738,151.1516865,"Private room",2,1,1,"$83.00",1,90,0,23,1,4.91,"f",2.17
14651,"5/10/2019","within a day","f",1,"f","Bankstown",-33.92296,151.01771,"Private room",2,1,1,"$144.00",1,365,29,0,0,NA,"f",NA
10157,"15/10/2015","within an hour","f",1,"t","Sutherland Shire",-34.03584922,151.0750178,"Entire home/apt",4,1,2,"$315.00",4,90,3,1,0,5,"t",0.06
7288,"18/02/2017","within a few hours","t",8,"t","Sutherland Shire",-34.06058383,151.142393,"Entire home/apt",8,3.5,4,"$820.00",5,1125,28,15,0,4.87,"f",0.49
7428,"12/03/2022","within an hour","t",1,"t","Ryde",-33.8175,151.08728,"Private room",1,1,1,"$77.00",1,1125,19,76,2,4.92,"t",2.46
14204,"11/09/2015","within a day","f",2,"t","Manly",-33.7964,151.28313,"Entire home/apt",2,1,1,"$315.00",3,31,27,2,1,5,"f",1.62
17378,"8/12/2023","within an hour","f",13,"t","Sydney",-33.8728,151.20998,"Entire home/apt",4,2,2,"$281.00",2,365,5,2,1,5,"f",1.5
6350,"16/07/2023","N/A","f",100,"t","Warringah",-33.75981,151.26479,"Entire home/apt",4,1,2,"$210.00",1,1125,16,60,0,4.65,"t",1.55
8303,"20/01/2018","within an hour","t",1,"t","Warringah",-33.72736843,151.2156105,"Entire home/apt",4,1,1,"$175.00",2,365,25,37,3,4.92,"t",2.07
17539,"16/05/2025","within an hour","f",1,"t","Sydney",-33.89019399,151.2102144,"Private room",2,1,1,"$105.00",1,365,15,2,2,5,"f",2
3287,"21/12/2017","within an hour","t",8,"t","Parramatta",-33.81521,151.01616,"Private room",1,1,1,"$76.00",5,90,11,27,0,4.74,"f",0.37
15144,"15/09/2024","within an hour","t",22,"t","Rockdale",-33.9320835,151.1515903,"Entire home/apt",6,2,2,"$136.00",4,365,18,18,2,4.72,"f",3.27
6613,"19/08/2016","N/A","",3,"t","Hornsby",-33.77504,151.05449,"Entire home/apt",14,NA,4,"",1,1125,0,4,0,4.25,"f",0.12
5068,"8/04/2020","within an hour","f",180,"t","Sydney",-33.869015,151.204376,"Entire home/apt",6,2,2,"$482.00",2,365,0,88,0,4.5,"f",1.76
1077,"11/08/2015","within an hour","f",34,"t","Woollahra",-33.88027,151.24246,"Entire home/apt",10,4,5,"$1,975.00",90,1125,29,3,0,5,"f",0.03
3666,"1/07/2012","within an hour","f",1,"t","Waverley",-33.88929,151.28273,"Entire home/apt",2,1,1,"$362.00",7,28,27,10,0,5,"f",0.16
15054,"10/07/2013","within an hour","f",244,"t","Waverley",-33.88776,151.27234,"Entire home/apt",6,1,3,"$663.00",1,1125,12,6,1,5,"t",1.42
10924,"15/01/2016","within an hour","t",2,"t","Sydney",-33.8789859,151.2224776,"Entire home/apt",2,1,0,"$198.00",2,365,24,30,3,4.77,"f",1.89
8671,"23/11/2015","within an hour","t",12,"t","The Hills Shire",-33.73608338,150.964056,"Private room",3,1,1,"$62.00",3,92,19,44,1,4.93,"f",1.75
17621,"15/12/2023","within an hour","f",14,"t","Botany Bay",-33.9237751,151.1875028,"Entire home/apt",4,2,2,"$135.00",5,365,8,0,0,NA,"f",NA
4950,"17/12/2018","N/A","f",1,"t","Hornsby",-33.77112,151.07695,"Private room",1,1,1,"$68.00",90,1125,29,0,0,NA,"t",NA
13335,"4/07/2023","within a few hours","t",5,"t","Marrickville",-33.9139259,151.1576348,"Private room",2,1.5,1,"$66.00",1,365,14,7,0,5,"f",0.7
3388,"16/04/2019","within an hour","t",21,"t","Marrickville",-33.91904,151.16109,"Entire home/apt",2,1,1,"$133.00",2,1125,0,98,1,4.87,"f",1.31
5961,"21/05/2022","within an hour","t",1,"t","Warringah",-33.740177,151.29007,"Entire home/apt",2,1,1,"$153.00",2,365,0,133,1,4.97,"t",3.62
11579,"13/08/2018","within an hour","f",57,"t","Sydney",-33.87817,151.20464,"Entire home/apt",2,1,0,"$149.00",1,365,25,32,3,4.56,"f",2.21
14228,"31/12/2017","within an hour","f",20,"t","Sydney",-33.87550968,151.2159239,"Entire home/apt",8,NA,3,"",2,365,12,12,0,4.58,"f",1.77
2940,"29/11/2014","N/A","f",1,"t","Willoughby",-33.80609,151.19445,"Entire home/apt",9,2.5,5,"$750.00",90,365,22,8,0,5,"f",0.12
4837,"19/12/2017","within an hour","f",5,"t","Sutherland Shire",-34.04607,151.1534,"Entire home/apt",2,1,1,"$173.00",1,365,25,187,5,4.72,"t",3.94
9755,"18/02/2014","N/A","t",2,"t","Sydney",-33.87901581,151.1823413,"Private room",2,NA,NA,"",2,31,0,23,0,5,"f",1.15
2347,"10/07/2017","N/A","f",1,"t","Canada Bay",-33.85092,151.138,"Entire home/apt",6,1,3,"$325.00",90,1125,27,1,0,5,"f",0.01
15889,"4/12/2024","within a few hours","f",53,"t","Botany Bay",-33.93429,151.19329,"Entire home/apt",4,1,2,"$226.00",7,40,0,0,0,NA,"f",NA
7106,"11/03/2014","N/A","f",1,"t","Manly",-33.7994668,151.2650536,"Entire home/apt",6,2.5,3,"$1,800.00",90,1125,28,2,0,5,"f",0.07
8784,"4/06/2014","within a day","f",0,"t","Manly",-33.80463125,151.2865942,"Entire home/apt",10,4,5,"$1,845.00",7,365,17,2,0,4,"f",0.24
161,"14/03/2014","within an hour","f",2,"t","Manly",-33.78927,151.28673,"Entire home/apt",7,1,3,"$605.00",2,90,21,54,1,4.76,"f",0.43
2689,"18/01/2013","within an hour","t",1,"t","Canterbury",-33.92385,151.14414,"Entire home/apt",2,1,1,"$189.00",14,300,6,49,1,5,"f",0.59
12475,"11/02/2022","within an hour","f",20,"t","Waverley",-33.88884,151.27908,"Entire home/apt",4,1,2,"$289.00",3,365,0,5,0,5,"t",0.66
11632,"26/02/2022","within an hour","t",2,"t","Penrith",-33.78424873,150.667284,"Entire home/apt",6,1,3,"$275.00",1,365,0,10,3,4.9,"f",0.87
4645,"5/10/2015","within a day","t",1,"t","Randwick",-33.9832,151.23722,"Entire home/apt",8,1,3,"$282.00",2,365,29,56,0,4.63,"f",0.97
12172,"15/05/2023","within a few hours","t",6,"t","Ryde",-33.8170483,151.0913598,"Entire home/apt",4,2,2,"$223.00",90,365,8,10,0,4.9,"f",0.85
4043,"10/01/2020","N/A","f",2,"t","Botany Bay",-33.93793,151.22779,"Private room",2,NA,NA,"",90,1125,28,3,0,4,"f",0.05
3275,"30/08/2010","within an hour","t",3,"t","Marrickville",-33.91088,151.15777,"Entire home/apt",4,1,1,"$122.00",1,730,12,296,9,4.94,"f",4.01
2541,"19/04/2013","N/A","f",1,"t","Sydney",-33.9022877,151.2009887,"Entire home/apt",2,NA,1,"",2,90,0,12,0,5,"t",0.5
18026,"31/07/2017","within an hour","t",2,"t","Hornsby",-33.6149155,151.1002159,"Entire home/apt",2,1,1,"$93.00",1,365,26,0,0,NA,"t",NA
12060,"29/04/2016","within an hour","t",12,"t","Sydney",-33.8812262,151.2151618,"Entire home/apt",4,1.5,2,"$265.00",1,365,0,35,1,4.94,"t",2.7
4877,"14/10/2013","N/A","f",1,"t","Waverley",-33.88799432,151.2727953,"Entire home/apt",2,1,1,"$240.00",90,1125,29,0,0,NA,"t",NA
9599,"23/12/2014","within an hour","t",5,"t","Sydney",-33.87744,151.21035,"Entire home/apt",2,1,1,"$195.00",5,365,12,49,3,4.86,"t",2.37
10128,"24/02/2013","within an hour","t",92,"t","Sydney",-33.8749822,151.2036666,"Entire home/apt",5,1,2,"$228.00",2,365,4,96,6,4.79,"t",4.92
6227,"20/08/2015","within an hour","t",2,"t","Waverley",-33.90347,151.2667,"Entire home/apt",6,1,2,"$494.00",3,365,29,64,1,4.88,"t",1.84
14227,"16/07/2024","within a few hours","f",49,"t","Auburn",-33.82779871,151.0769196,"Entire home/apt",2,NA,1,"",1,365,21,1,0,5,"f",0.54
3180,"21/03/2016","within an hour","t",1,"t","Parramatta",-33.81087,151.00493,"Private room",2,1,1,"$98.00",1,1125,17,172,7,4.83,"t",2.23
12018,"28/05/2018","within an hour","",19,"t","Leichhardt",-33.85957,151.17446,"Entire home/apt",6,1.5,3,"$298.00",1,1125,4,14,2,4.64,"t",1.07
13369,"3/03/2015","within an hour","f",1,"t","Bankstown",-33.94716,151.02001,"Entire home/apt",6,2,3,"$279.00",2,90,9,5,0,5,"f",0.72
15965,"20/04/2015","within an hour","f",6,"t","Randwick",-33.9144633,151.2404495,"Private room",3,1,1,"$234.00",1,90,21,0,0,NA,"t",NA
10731,"3/01/2023","within an hour","t",5,"t","Ryde",-33.8194454,151.0910559,"Entire home/apt",7,2,3,"$335.00",2,365,16,27,2,4.89,"f",2.7
6718,"23/05/2012","within a few hours","t",117,"t","Waverley",-33.889477,151.2829149,"Entire home/apt",4,1,2,"$247.00",5,89,24,27,0,4.93,"f",0.79
10821,"5/06/2021","within an hour","f",6,"f","Auburn",-33.84990204,151.0746097,"Entire home/apt",6,4,2,"$206.00",1,50,14,18,0,4.56,"t",1.08
5768,"26/01/2018","within an hour","f",13,"t","Willoughby",-33.79703,151.17899,"Entire home/apt",3,1,1,"$166.00",4,90,28,21,0,4.67,"f",0.57
14394,"17/04/2024","within an hour","f",13,"t","Burwood",-33.871075,151.1046253,"Entire home/apt",4,2,2,"$212.00",4,730,7,8,0,4.25,"t",1.3
10122,"3/06/2023","within an hour","",32,"t","Sydney",-33.9027657,151.1854415,"Entire home/apt",6,2.5,3,"$346.00",90,365,0,3,0,5,"f",0.16
8993,"3/10/2022","N/A","f",14,"t","Sydney",-33.8612,151.20502,"Private room",2,1,1,"$800.00",90,365,29,0,0,NA,"f",NA
4916,"17/11/2012","within an hour","t",1,"t","Rockdale",-33.97755,151.1481,"Entire home/apt",2,1,0,"$164.00",2,22,25,243,2,4.96,"f",4.79
11144,"23/01/2016","within a few hours","t",1,"t","Manly",-33.7969177,151.2841653,"Entire home/apt",3,1,1,"$150.00",21,365,0,19,1,4.95,"f",1.38
15789,"4/12/2024","within a few hours","f",53,"t","Sydney",-33.91680556,151.201543,"Entire home/apt",4,1,2,"$226.00",7,40,0,0,0,NA,"f",NA
2150,"6/06/2013","within an hour","f",3,"t","Sydney",-33.88879,151.19781,"Entire home/apt",3,1,1,"$153.00",9,1124,0,74,0,4.74,"f",0.77
11038,"7/11/2014","within an hour","t",1,"t","Ashfield",-33.8873293,151.1237172,"Entire home/apt",2,1.5,1,"$183.00",14,300,0,4,0,5,"f",0.44
14411,"16/02/2014","within a few hours","t",1,"t","Randwick",-33.91519099,151.2454996,"Entire home/apt",8,2,4,"$508.00",3,365,28,13,0,5,"f",1.66
9241,"2/11/2015","within an hour","f",4,"t","Marrickville",-33.92794,151.16031,"Private room",2,1,1,"$75.00",1,3,9,89,2,4.79,"f",4.03
7300,"3/01/2014","within a day","t",5,"t","Pittwater",-33.6323,151.32651,"Entire home/apt",6,3,3,"$3,393.00",90,365,28,2,0,5,"f",0.06
2759,"22/08/2018","within an hour","t",2,"t","Hornsby",-33.7674,151.08892,"Private room",2,NA,NA,"",1,1125,0,225,0,4.74,"f",2.72
14386,"10/07/2013","within an hour","f",244,"t","Woollahra",-33.87544,151.23265,"Entire home/apt",2,NA,1,"",1,1125,0,4,0,4.25,"t",0.58
2238,"13/02/2014","within an hour","t",5,"t","Penrith",-33.76424,150.79128,"Entire home/apt",6,1.5,2,"$179.00",1,730,0,143,1,4.8,"f",1.55
16538,"25/04/2019","within an hour","t",68,"t","Hurstville",-33.9726809,151.0775805,"Entire home/apt",2,1,1,"$149.00",1,365,7,4,2,5,"f",2
8797,"14/07/2014","within an hour","t",3,"t","Sydney",-33.87636973,151.2126298,"Entire home/apt",9,2,4,"$868.00",2,365,24,25,0,4.96,"f",1.05
10728,"14/12/2015","within an hour","f",3,"t","Sydney",-33.88927,151.19415,"Entire home/apt",5,1,3,"$155.00",2,180,10,41,1,4.54,"f",2.52
12264,"17/12/2018","within an hour","t",18,"t","Sydney",-33.91480095,151.2050016,"Entire home/apt",3,1,2,"$189.00",1,365,7,38,0,4.97,"f",3.24
3405,"4/02/2019","within an hour","f",4,"t","Sydney",-33.8691,151.22516,"Hotel room",2,1,0,"$173.00",2,1125,5,111,2,4.52,"f",1.73
5045,"30/03/2017","within an hour","t",1,"t","Warringah",-33.74322,151.20083,"Entire home/apt",3,1,1,"$126.00",2,90,7,98,2,4.85,"f",2
5502,"15/10/2012","within an hour","",86,"t","Sydney",-33.86115008,151.2020929,"Entire home/apt",8,1,2,"$197.00",1,365,7,64,5,4.92,"f",2.46
17924,"17/11/2023","within a few hours","f",40,"t","Botany Bay",-33.9228,151.19498,"Entire home/apt",4,2,2,"$146.00",5,365,7,0,0,NA,"f",NA
8827,"11/08/2015","within an hour","f",34,"t","Randwick",-33.90490425,151.2343084,"Entire home/apt",6,2,3,"$470.00",3,365,24,28,0,4.5,"f",1.18
16369,"2/07/2018","within an hour","f",2,"t","City Of Kogarah",-33.97645991,151.1235544,"Private room",2,1,1,"$83.00",1,1125,2,5,2,5,"f",1.38
8374,"4/10/2012","within an hour","",3,"t","Sydney",-33.87358985,151.2235116,"Entire home/apt",2,1,1,"$185.00",2,365,29,15,1,4.67,"t",0.61
9648,"8/07/2017","within an hour","",83,"t","Blacktown",-33.6898846,150.8842515,"Entire home/apt",10,3.5,5,"$302.00",5,365,22,13,0,4.62,"f",0.63
5334,"18/06/2013","within an hour","t",2,"t","Waverley",-33.89741,151.24429,"Entire home/apt",6,1,3,"$391.00",3,88,20,3,1,5,"f",0.87
7740,"11/04/2014","within an hour","t",1,"t","Randwick",-33.91109,151.25564,"Private room",2,1,1,"$124.00",3,30,15,52,0,4.94,"f",1.85
13317,"11/02/2022","within an hour","f",20,"t","Sydney",-33.8702352,151.1921103,"Entire home/apt",4,2,2,"$467.00",3,365,0,2,0,4,"t",0.22
251,"16/06/2012","within an hour","f",3,"t","Mosman",-33.82532,151.2465,"Entire home/apt",4,1,2,"$220.00",3,1125,0,285,0,4.39,"t",1.88
9838,"5/10/2017","within an hour","f",1,"f","Woollahra",-33.87696689,151.2384816,"Entire home/apt",2,1,1,"$340.00",5,21,20,16,1,5,"f",0.82
5178,"25/02/2021","within an hour","t",1,"t","Penrith",-33.77988,150.76763,"Entire home/apt",6,2.5,3,"$208.00",3,179,10,83,2,4.84,"t",1.59
4802,"13/03/2015","within an hour","t",1,"t","Sydney",-33.88733,151.22847,"Entire home/apt",3,1,2,"$439.00",3,14,18,53,1,5,"f",1.02
3315,"19/10/2014","N/A","f",1,"f","Sydney",-33.90403274,151.1873061,"Entire home/apt",2,1,1,"$350.00",5,18,27,0,0,NA,"f",NA
6085,"9/09/2014","within an hour","f",28,"t","Sydney",-33.88361,151.2155,"Entire home/apt",6,1,2,"$3,000.00",1,1125,28,45,0,4.27,"f",1.17
13247,"24/10/2011","within an hour","t",75,"t","Warringah",-33.7515507,151.293524,"Entire home/apt",6,2,3,"$400.00",3,365,0,7,0,5,"f",0.76
7462,"24/02/2013","within an hour","t",92,"t","Strathfield",-33.8625894,151.0785537,"Entire home/apt",6,1.5,3,"$144.00",5,365,7,79,1,4.63,"t",2.63
7692,"23/04/2018","N/A","f",46,"t","Canada Bay",-33.8608433,151.1395687,"Entire home/apt",6,2.5,3,"$297.00",2,90,15,28,0,4.36,"t",0.99
1542,"4/11/2016","within an hour","",2,"t","Campbelltown",-33.96317,150.89531,"Entire home/apt",6,NA,4,"",4,1125,28,97,0,4.61,"f",0.93
17063,"15/04/2025","within an hour","f",5,"t","Blacktown",-33.69954745,150.7939027,"Private room",2,1,1,"$124.00",3,365,29,0,0,NA,"f",NA
712,"11/08/2013","within a few hours","t",3,"t","Sydney",-33.89278,151.18002,"Entire home/apt",4,2,2,"$346.00",4,90,18,70,0,4.79,"f",0.53
9453,"25/04/2023","within an hour","f",12,"t","Canada Bay",-33.8664501,151.0921281,"Entire home/apt",6,2,2,"$163.00",2,365,16,38,2,4.55,"f",1.84
4368,"21/12/2016","within an hour","f",2,"t","The Hills Shire",-33.745617,150.963318,"Private room",1,2,1,"$28.00",2,1125,16,3,0,4.67,"f",0.17
17443,"10/09/2014","within an hour","f",2,"t","Ku-Ring-Gai",-33.7743446,151.1713704,"Entire home/apt",5,2,3,"$300.00",2,365,11,1,1,5,"t",1
11335,"21/01/2024","within an hour","t",31,"t","Parramatta",-33.78524,151.04377,"Entire home/apt",6,1,2,"$140.00",1,365,9,60,1,4.78,"f",3.86
1280,"23/06/2013","N/A","f",2,"t","North Sydney",-33.84441,151.23008,"Entire home/apt",7,3.5,4,"$1,000.00",90,1125,28,22,0,4.64,"f",0.2
14758,"20/03/2014","N/A","f",1,"t","Warringah",-33.7746566,151.2879667,"Entire home/apt",6,2,3,"$850.00",7,10,29,0,0,NA,"t",NA
9968,"7/06/2022","within a day","t",1,"t","The Hills Shire",-33.7544,150.9975,"Entire home/apt",4,1,2,"$149.00",3,365,0,9,0,5,"f",0.57
14627,"25/08/2019","within an hour","f",169,"t","Botany Bay",-33.9573236,151.2057909,"Private room",1,1,1,"$72.00",1,89,20,5,0,4.6,"f",0.84
11739,"6/11/2016","within an hour","f",35,"t","Sydney",-33.88016,151.20882,"Entire home/apt",3,1,1,"$158.00",1,365,19,39,2,4.54,"f",2.9
14137,"12/04/2019","within an hour","f",63,"t","Bankstown",-33.9412469,150.9781479,"Private room",2,1,1,"$45.00",1,89,26,5,0,4.2,"f",0.77
2368,"17/03/2018","N/A","f",1,"t","Sydney",-33.89832,151.1842,"Entire home/apt",2,1,2,"$369.00",90,1125,29,0,0,NA,"f",NA
12825,"29/04/2016","within a few hours","f",2,"t","Woollahra",-33.8836772,151.2357109,"Entire home/apt",6,2.5,3,"$1,500.00",6,31,18,0,0,NA,"f",NA
361,"7/02/2013","N/A","f",1,"t","Woollahra",-33.88912,151.25643,"Entire home/apt",4,1,2,"$309.00",90,365,29,6,0,4.33,"f",0.04
10152,"20/11/2023","within an hour","t",5,"t","Marrickville",-33.91722849,151.1668373,"Private room",2,2,1,"$100.00",7,365,2,17,0,4.94,"t",0.9
3838,"4/05/2011","within a few hours","t",2,"t","Pittwater",-33.62261,151.3361,"Entire home/apt",4,2,2,"$250.00",4,30,0,2,0,5,"f",0.11
14890,"17/11/2023","within a few hours","f",40,"t","Sydney",-33.9140644,151.2105119,"Entire home/apt",2,NA,1,"",3,365,0,0,0,NA,"f",NA
5009,"15/04/2021","within an hour","f",1,"t","Pittwater",-33.60187,151.32036,"Private room",2,1,1,"$283.00",1,365,10,16,0,4.63,"f",0.41
4208,"31/01/2020","within an hour","",3,"t","Randwick",-33.95595,151.23923,"Entire home/apt",5,1,2,"$158.00",2,1125,20,98,2,4.8,"f",1.51
8803,"20/01/2016","within an hour","t",1,"t","Willoughby",-33.7950931,151.1846058,"Entire home/apt",2,1,1,"$154.00",2,28,0,64,2,4.95,"f",2.63
13976,"17/06/2016","within an hour","t",9,"t","Sutherland Shire",-34.05023309,151.154517,"Entire home/apt",6,2,2,"$202.00",1,365,0,13,0,4.77,"t",1.83
4524,"16/12/2019","N/A","t",3,"t","Randwick",-33.92255,151.25561,"Entire home/apt",6,NA,3,"",2,14,0,15,0,4.8,"f",0.46
12096,"26/04/2016","within an hour","t",1,"t","Sutherland Shire",-34.00491,151.10708,"Entire home/apt",10,2,3,"$490.00",2,365,28,13,0,4.92,"f",1.05
7339,"1/12/2012","N/A","f",1,"t","Sydney",-33.91545322,151.2060575,"Entire home/apt",6,2.5,3,"$880.00",90,154,29,0,0,NA,"t",NA
14683,"6/12/2015","within an hour","f",1,"t","Pittwater",-33.64108,151.28904,"Entire home/apt",2,1,1,"$400.00",2,365,26,0,0,NA,"f",NA
15177,"17/09/2024","within an hour","f",5,"t","Canada Bay",-33.82861,151.08451,"Entire home/apt",4,2,2,"$247.00",2,365,11,8,1,5,"f",2.09
17097,"22/02/2019","within a few hours","f",1,"t","Sutherland Shire",-34.03271,151.02269,"Entire home/apt",6,2,3,"$252.00",7,365,13,0,0,NA,"f",NA
18108,"15/04/2018","within a few hours","f",2,"f","The Hills Shire",-33.77761535,151.0043397,"Entire home/apt",4,2.5,2,"$156.00",5,365,15,0,0,NA,"t",NA
12927,"8/10/2020","within an hour","f",29,"t","Sydney",-33.8610536,151.204025,"Entire home/apt",5,1,3,"$312.00",2,1125,0,33,2,4.67,"f",3.17
14213,"27/09/2010","within an hour","f",26,"t","Ku-Ring-Gai",-33.74419567,151.1406598,"Entire home/apt",8,2,3,"$367.00",1,1125,18,6,0,4.33,"t",0.97
3387,"16/04/2019","within an hour","t",21,"t","Marrickville",-33.91865,151.16339,"Entire home/apt",2,1,1,"$96.00",2,1125,0,161,2,4.75,"f",2.15
12965,"31/07/2024","within a few hours","t",1,"t","Hornsby",-33.54075206,151.2405254,"Entire home/apt",2,1,1,"$167.00",2,21,4,41,4,5,"f",4.01
3810,"1/07/2019","N/A","f",8,"t","Willoughby",-33.79654,151.16762,"Private room",1,1.5,1,"$45.00",200,200,29,9,0,4.67,"t",0.13
17991,"13/01/2025","N/A","f",57,"t","Sydney",-33.8771475,151.2155193,"Entire home/apt",5,1,2,"$232.00",1,365,4,0,0,NA,"f",NA
17313,"29/03/2024","within an hour","t",22,"t","Manly",-33.790777,151.283621,"Shared room",1,1,1,"$48.00",1,365,29,0,0,NA,"t",NA
1537,"30/10/2016","within an hour","t",2,"t","Waverley",-33.89044571,151.2711945,"Entire home/apt",6,1,3,"$480.00",4,1125,29,160,0,4.91,"t",1.54
1068,"12/03/2014","within an hour","t",3,"t","Lane Cove",-33.81738,151.1741,"Private room",2,1,1,"$64.00",6,280,12,261,2,4.85,"f",2.3
4776,"25/09/2020","within a few hours","f",4,"t","Willoughby",-33.79699,151.17889,"Entire home/apt",3,1,1,"$207.00",4,1125,27,7,0,4.57,"f",0.44
4477,"24/07/2019","N/A","f",912,"t","Marrickville",-33.89859772,151.1447601,"Entire home/apt",2,1,0,"$138.00",3,365,20,78,0,4.46,"t",1.19
2437,"13/05/2014","within an hour","f",55,"t","Sydney",-33.88139,151.20223,"Entire home/apt",2,1,1,"$229.00",30,1124,28,9,0,3.89,"f",0.11
3266,"21/01/2019","N/A","f",4,"t","Ashfield",-33.88629,151.12712,"Entire home/apt",3,1,2,"$170.00",90,1125,29,13,0,3.92,"f",0.21
1353,"8/06/2016","within an hour","t",2,"t","Manly",-33.78592,151.28153,"Entire home/apt",6,2,3,"$435.00",28,365,0,52,0,4.88,"t",0.51
4709,"26/09/2019","within an hour","t",4,"t","Sydney",-33.87767,151.22043,"Private room",2,1,1,"$308.00",1,365,0,32,0,4.78,"t",0.57
5613,"20/07/2016","within an hour","f",1,"t","Blacktown",-33.69089,150.81992,"Private room",2,1,1,"$95.00",1,1125,0,39,1,4.85,"t",1.18
16535,"26/06/2024","within an hour","",9,"t","North Sydney",-33.83982,151.22879,"Entire home/apt",6,2,3,"$499.00",3,365,29,5,1,4.4,"f",2
16041,"14/03/2020","within an hour","f",12,"t","Auburn",-33.84794744,151.0757181,"Entire home/apt",4,2,2,"$152.00",5,365,16,3,0,5,"f",1.03
390,"23/02/2015","within an hour","f",6,"t","City Of Kogarah",-33.97123,151.10201,"Private room",2,1,1,"$84.00",2,1125,5,61,1,4.59,"t",0.52
17150,"4/04/2023","within an hour","f",23,"t","Rockdale",-33.93323,151.13851,"Entire home/apt",8,1,3,"$231.00",5,365,15,1,0,5,"t",0.67
15985,"1/11/2019","within an hour","t",3,"t","Waverley",-33.8935635,151.2626851,"Entire home/apt",5,1,3,"$251.00",2,365,1,3,1,5,"f",0.76
366,"24/07/2012","within a few hours","t",126,"t","Sydney",-33.87764246,151.2179328,"Entire home/apt",4,1.5,2,"$335.00",1,1125,25,34,0,4.76,"f",0.29
16871,"6/11/2013","within an hour","f",2,"f","Randwick",-33.90608,151.25246,"Entire home/apt",2,1,0,"$135.00",2,21,15,1,0,5,"f",0.91
5578,"6/12/2017","within an hour","t",2,"t","Sydney",-33.86119,151.20205,"Entire home/apt",6,1.5,2,"$303.00",1,365,6,101,5,4.83,"t",2.74
10065,"27/04/2019","within an hour","t",1,"t","North Sydney",-33.84431512,151.2236815,"Private room",2,1,1,"$98.00",1,90,27,31,1,4.87,"f",1.72
9849,"19/10/2023","within an hour","f",1,"t","Waverley",-33.8872048,151.2718386,"Entire home/apt",2,1,1,"$208.00",1,365,1,44,0,4.84,"f",2.26
9920,"30/11/2019","within a few hours","f",1,"t","Warringah",-33.75532019,151.295718,"Entire home/apt",4,1,2,"$145.00",3,90,11,6,0,5,"f",0.34
13703,"20/05/2018","a few days or more","f",10,"t","Burwood",-33.87601227,151.0964005,"Entire home/apt",3,1,0,"$176.00",1,365,0,0,0,NA,"f",NA
10556,"30/05/2017","N/A","f",1,"t","Sydney",-33.89543,151.20119,"Entire home/apt",2,2,1,"$195.00",14,365,28,4,0,4.5,"f",0.29
14884,"4/10/2024","within a few hours","f",4,"t","Ryde",-33.78069163,151.111933,"Entire home/apt",3,1,1,"$161.00",2,365,29,2,0,5,"f",0.32
7894,"31/12/2022","within an hour","t",3,"t","Parramatta",-33.8262508,151.0098638,"Entire home/apt",6,2.5,2,"$155.00",1,180,4,15,4,4.87,"f",2.9
16861,"24/12/2020","within a few hours","f",3,"t","Auburn",-33.82778804,151.0741817,"Private room",2,1,1,"$270.00",1,365,29,0,0,NA,"f",NA
9896,"23/03/2019","within an hour","t",17,"t","Leichhardt",-33.88766267,151.1693789,"Entire home/apt",2,1,1,"$102.00",1,14,13,134,5,4.75,"t",6.74
3793,"3/07/2019","N/A","f",3,"f","Marrickville",-33.91614,151.15172,"Entire home/apt",2,1,0,"$100.00",90,1125,25,0,0,NA,"f",NA
7573,"10/01/2018","within an hour","f",16,"t","Sutherland Shire",-34.07791,151.13125,"Entire home/apt",10,5,5,"$1,159.00",90,365,0,2,0,5,"f",0.08
11186,"6/04/2017","within an hour","t",11,"t","Bankstown",-33.95410752,151.0320581,"Entire home/apt",2,1,1,"$84.00",2,90,4,16,1,4.88,"f",1.11
1021,"23/05/2012","within a few hours","t",117,"t","Woollahra",-33.88472,151.23776,"Entire home/apt",4,1.5,2,"$305.00",5,89,1,32,0,4.72,"f",0.32
4677,"24/04/2020","within an hour","f",10,"t","North Sydney",-33.84114,151.21863,"Private room",1,1,1,"$190.00",1,1125,29,4,0,4.25,"t",0.08
7880,"30/08/2013","within a day","t",6,"t","Randwick",-33.9452642,151.244372,"Entire home/apt",4,1,2,"$279.00",3,365,8,43,1,4.79,"f",1.47
7517,"18/02/2017","within a few hours","t",8,"t","Sutherland Shire",-34.06561613,151.1488301,"Entire home/apt",4,1,1,"$330.00",3,365,29,12,0,4.83,"t",0.41
5296,"2/10/2020","within an hour","",11,"t","Holroyd",-33.850784,150.97789,"Entire home/apt",15,3,5,"$354.00",3,90,0,50,0,4.98,"f",1.01
9923,"21/10/2023","within an hour","t",1,"t","Bankstown",-33.95565,151.01342,"Entire home/apt",2,1,1,"$96.00",1,1125,19,64,0,4.86,"t",3.24
1192,"13/09/2014","within a few hours","t",1,"t","Mosman",-33.84368,151.2336,"Entire home/apt",2,1,1,"$344.00",5,1125,14,182,2,4.98,"f",1.7
16876,"20/02/2018","within an hour","f",55,"t","Woollahra",-33.88764,151.24807,"Entire home/apt",8,3,4,"$1,787.00",1,365,4,0,0,NA,"f",NA
16367,"3/02/2024","within an hour","f",2,"t","Randwick",-33.94141144,151.2413653,"Private room",1,0.5,1,"$119.00",1,365,29,1,0,5,"f",0.86
2169,"3/11/2017","N/A","f",1,"t","Holroyd",-33.84701,150.96441,"Entire home/apt",2,NA,NA,"",90,1125,29,4,0,4.25,"f",0.04
5018,"14/06/2017","within a day","f",4,"t","Pittwater",-33.62629,151.28488,"Private room",4,0,1,"$197.00",1,14,24,1,0,5,"t",0.03
15954,"25/09/2014","within an hour","f",38,"t","Marrickville",-33.8985568,151.1539254,"Entire home/apt",3,1,0,"$213.00",7,650,0,1,0,5,"f",0.65
1955,"19/09/2015","within an hour","t",2,"t","Sydney",-33.87361,151.21713,"Entire home/apt",4,1.5,2,"$664.00",3,90,0,144,0,4.81,"t",1.54
15689,"25/12/2016","within an hour","t",2,"t","Marrickville",-33.91591939,151.1705568,"Entire home/apt",6,1,2,"$220.00",1,365,18,34,6,4.79,"t",6.8
11379,"13/08/2018","within an hour","f",57,"t","Sydney",-33.8790259,151.2052948,"Entire home/apt",3,2,1,"$138.00",1,365,11,26,2,4.69,"f",1.66
10331,"22/06/2019","within an hour","t",3,"t","Ashfield",-33.89395979,151.1269313,"Private room",2,1.5,1,"$67.00",3,365,0,10,0,4.8,"f",0.55
15869,"4/12/2024","within a few hours","f",53,"t","Botany Bay",-33.92081,151.19055,"Entire home/apt",6,1,2,"$246.00",7,40,0,0,0,NA,"f",NA
12405,"22/11/2021","within an hour","t",6,"t","North Sydney",-33.84379042,151.2297448,"Private room",5,0,1,"$361.00",1,365,19,6,0,4.67,"t",0.7
2117,"10/11/2015","within a few hours","f",1,"t","Manly",-33.80094,151.29175,"Entire home/apt",2,1,2,"$120.00",90,200,28,30,0,4.9,"f",0.33
8808,"19/01/2016","within an hour","t",2,"t","Sydney",-33.8719066,151.2253499,"Entire home/apt",2,1.5,1,"$351.00",3,90,18,22,0,4.91,"t",1.24
642,"14/02/2015","within an hour","t",1,"t","Pittwater",-33.64504,151.32087,"Private room",2,1,1,"$115.00",1,1125,29,210,4,4.85,"f",1.8
8525,"25/04/2023","within an hour","f",12,"t","The Hills Shire",-33.73268,151.01054,"Entire home/apt",7,2,3,"$178.00",2,365,1,49,2,4.61,"f",1.98
10138,"18/12/2019","within an hour","t",25,"t","Sydney",-33.85911,151.20303,"Entire home/apt",8,2,3,"$233.00",1,365,0,67,0,4.9,"f",3.47
7252,"18/01/2014","within a few hours","t",2,"t","Leichhardt",-33.8776527,151.176055,"Entire home/apt",4,1,2,"$270.00",3,88,13,73,1,4.97,"f",2.43
13478,"22/08/2024","within an hour","f",3,"t","Sydney",-33.88216124,151.1794048,"Entire home/apt",12,2.5,5,"$438.00",2,365,5,11,1,4.91,"t",1.45
9155,"20/11/2012","N/A","t",1,"t","Manly",-33.8017677,151.2905634,"Entire home/apt",2,NA,1,"",3,365,0,18,0,4.94,"f",0.96
9022,"19/06/2023","within an hour","t",5,"t","Ku-Ring-Gai",-33.7505312,151.1811735,"Entire home/apt",16,4.5,8,"$669.00",4,365,16,71,2,4.92,"t",3
2258,"14/03/2014","within an hour","t",2,"t","Sutherland Shire",-34.01109,151.20302,"Entire home/apt",6,2,3,"$249.00",2,365,3,26,2,4.92,"f",0.27
180,"24/07/2012","within a few hours","t",126,"t","Sydney",-33.87742,151.22231,"Entire home/apt",6,3,3,"$1,076.00",1,1125,8,22,0,4.91,"f",0.18
2503,"15/07/2018","N/A","f",1,"t","Manly",-33.80056,151.2732,"Entire home/apt",4,NA,2,"",90,1125,0,49,0,4.82,"t",0.6
5878,"17/10/2015","N/A","f",1,"t","Warringah",-33.75328,151.25968,"Entire home/apt",4,2,3,"$800.00",3,365,29,3,0,5,"f",0.08
2165,"26/06/2017","within an hour","f",3,"t","Sydney",-33.87093,151.19795,"Entire home/apt",4,2,2,"$513.00",3,42,4,116,1,4.95,"t",1.23
9812,"2/10/2023","N/A","f",1,"t","Warringah",-33.7858651,151.2510933,"Entire home/apt",8,3,5,"$1,260.00",90,365,22,0,0,NA,"f",NA
1581,"30/07/2014","N/A","f",1,"t","Sydney",-33.87999,151.21054,"Private room",2,1,1,"$105.00",2,1125,28,61,0,4.7,"t",0.56
7456,"18/10/2015","within an hour","t",6,"t","Sydney",-33.874001,151.1974475,"Entire home/apt",6,1,1,"$306.00",2,1125,7,69,0,4.94,"f",2.28
2576,"3/11/2017","N/A","f",1,"t","Canterbury",-33.92225,151.10375,"Private room",2,1,1,"$81.00",90,1125,29,0,0,NA,"t",NA
10456,"6/02/2016","N/A","f",1,"t","North Sydney",-33.83384,151.21376,"Entire home/apt",2,NA,1,"",3,26,0,2,0,5,"f",0.11
2595,"21/11/2011","N/A","f",2,"t","Pittwater",-33.63707,151.32497,"Private room",4,NA,NA,"",1,1125,0,132,0,4.69,"f",1.6
11874,"25/04/2016","within an hour","t",4,"t","Leichhardt",-33.88587389,151.1761268,"Private room",2,NA,NA,"",7,90,0,2,0,5,"f",0.18
3377,"23/10/2015","within a day","f",1,"t","Warringah",-33.76721,151.28079,"Entire home/apt",9,3,5,"$1,000.00",7,14,19,3,0,5,"f",0.04
2477,"19/10/2011","within a few hours","t",1,"t","Waverley",-33.88622,151.28308,"Entire home/apt",2,1,1,"$153.00",2,365,12,98,2,4.74,"f",1.18
9153,"16/05/2023","within an hour","f",15,"t","Sydney",-33.87144416,151.1950507,"Entire home/apt",7,NA,3,"",1,1125,0,59,0,4.34,"t",2.64
14452,"2/04/2015","within an hour","",12,"t","Waverley",-33.8900054,151.2709524,"Private room",2,1,1,"$126.00",2,365,11,10,0,5,"f",1.28
9800,"2/08/2016","N/A","f",1,"t","Ku-Ring-Gai",-33.73982085,151.1011165,"Entire home/apt",2,NA,1,"",90,365,29,0,0,NA,"t",NA
11532,"13/02/2018","within an hour","t",27,"t","Manly",-33.79669914,151.2865252,"Entire home/apt",2,1,1,"$151.00",2,90,19,49,2,4.94,"f",3.3
15864,"4/12/2024","within a few hours","f",53,"t","Botany Bay",-33.92243648,151.1841906,"Entire home/apt",4,1,2,"$226.00",7,40,0,0,0,NA,"f",NA
17576,"15/10/2012","within an hour","t",27,"t","Sydney",-33.8706252,151.1978718,"Entire home/apt",5,2,2,"$340.00",1,365,7,0,0,NA,"f",NA
11467,"3/03/2024","within an hour","t",1,"f","The Hills Shire",-33.6905803,150.948666,"Entire home/apt",2,1,1,"$81.00",1,365,10,115,13,4.98,"f",7.4
4180,"27/10/2014","N/A","f",1,"t","Blacktown",-33.78018,150.87043,"Private room",2,1,2,"$230.00",90,1125,28,0,0,NA,"t",NA
10038,"17/11/2023","within an hour","t",3,"t","Liverpool",-33.93004,150.90113,"Private room",2,1,1,"$71.00",1,365,28,5,0,4.8,"f",0.28
16933,"18/03/2025","within an hour","f",23,"t","Hornsby",-33.7679234,151.0768281,"Private room",2,1,1,"$54.00",1,365,29,1,0,5,"t",0.5
14942,"24/10/2016","within an hour","f",72,"t","Sydney",-33.8572375,151.2062714,"Entire home/apt",9,3,4,"$799.00",2,45,14,10,3,5,"f",2.01
6685,"1/01/2016","within a few hours","",2,"t","Sydney",-33.8851162,151.2073412,"Entire home/apt",3,1,1,"$240.00",2,100,7,74,0,4.92,"f",2.29
18075,"1/09/2024","N/A","f",44,"t","Willoughby",-33.7953656,151.1821809,"Entire home/apt",2,1,1,"$217.00",5,1125,0,0,0,NA,"t",NA
2649,"5/08/2018","within an hour","f",1,"t","Bankstown",-33.90705,151.03521,"Entire home/apt",6,2,2,"$173.00",2,1125,11,208,0,4.75,"t",2.49
9843,"12/12/2020","within an hour","t",1,"t","Sydney",-33.8692304,151.2062939,"Entire home/apt",4,2,2,"$473.00",1,360,12,32,1,4.56,"f",1.64
13094,"5/10/2019","within a day","f",1,"t","Sydney",-33.87162055,151.2083922,"Private room",2,1,1,"$276.00",3,365,28,2,0,5,"f",0.28
12802,"21/02/2014","N/A","f",1,"t","Warringah",-33.7741499,151.2852672,"Entire home/apt",8,1.5,3,"$400.00",5,20,0,2,0,4.5,"f",0.35
7665,"17/09/2022","within an hour","t",2,"t","Blacktown",-33.73717838,150.8110319,"Entire home/apt",6,1,3,"$166.00",2,1125,6,69,3,4.77,"t",2.31
13733,"3/07/2015","within a few hours","f",3,"t","Leichhardt",-33.87632,151.16452,"Entire home/apt",2,1,1,"$126.00",2,365,28,16,0,4.56,"f",1.9
16734,"18/03/2025","within an hour","f",23,"t","The Hills Shire",-33.7432634,150.9847861,"Private room",2,1,1,"$44.00",1,365,29,0,0,NA,"t",NA
5710,"11/11/2021","within an hour","f",3,"t","Randwick",-33.9135,151.25852,"Entire home/apt",1,1.5,0,"$234.00",1,1000,27,24,0,3.92,"t",0.56
11458,"20/03/2023","within an hour","f",5,"t","Camden",-33.9959617,150.7206621,"Entire home/apt",4,1,2,"$272.00",90,365,17,19,0,4.84,"t",1.42
8962,"17/06/2023","within an hour","f",3,"t","Blacktown",-33.70383593,150.879927,"Entire home/apt",6,2,2,"$155.00",2,365,12,62,2,4.66,"f",2.59
8762,"10/01/2017","within an hour","t",1,"t","Holroyd",-33.85123055,150.9651293,"Entire home/apt",4,NA,2,"",3,1125,0,52,0,4.92,"f",2.18
16060,"14/10/2024","a few days or more","f",18,"t","Auburn",-33.85051375,151.0605013,"Entire home/apt",4,2,2,"$191.00",1,365,24,1,1,5,"f",1
8367,"15/09/2013","within an hour","t",1,"t","Botany Bay",-33.953054,151.202982,"Entire home/apt",3,1,1,"$122.00",2,20,11,186,0,4.94,"f",7.18
9632,"17/09/2013","N/A","f",1,"t","Warringah",-33.7780946,151.2806779,"Entire home/apt",7,2.5,4,"$630.00",7,31,22,0,0,NA,"f",NA
12244,"17/06/2016","within an hour","t",9,"t","Sutherland Shire",-34.0479017,151.143847,"Entire home/apt",2,1,0,"$151.00",2,365,27,23,2,4.7,"t",2.02
1674,"1/01/2015","N/A","f",1,"t","Lane Cove",-33.81148,151.15091,"Entire home/apt",10,NA,5,"",6,28,0,23,0,4.96,"f",0.25
2168,"22/11/2014","within an hour","t",23,"t","Sydney",-33.8690146,151.2043704,"Entire home/apt",3,0.5,0,"$205.00",1,1125,7,184,3,4.78,"t",1.99
112,"2/01/2013","within an hour","t",2,"t","Manly",-33.79366,151.27483,"Entire home/apt",4,2,2,"$401.00",1,1125,16,303,0,4.92,"f",2.24
3894,"26/08/2016","within an hour","t",24,"t","Sydney",-33.87907,151.20961,"Entire home/apt",7,2,3,"$765.00",1,1125,23,57,0,4.77,"f",0.8
11274,"13/05/2023","within an hour","t",6,"t","Sydney",-33.860315,151.2031576,"Entire home/apt",4,1,2,"$243.00",2,365,8,46,1,4.76,"t",2.92
9915,"13/11/2014","within a day","t",82,"t","Pittwater",-33.60085,151.31829,"Private room",12,NA,6,"",1,1125,28,0,0,NA,"f",NA
7180,"26/02/2016","N/A","f",2,"t","Lane Cove",-33.82079,151.18292,"Private room",2,NA,NA,"",90,365,27,2,0,4.5,"f",0.07
10502,"3/12/2023","N/A","f",1,"t","Sydney",-33.89861,151.18219,"Entire home/apt",2,NA,1,"",2,365,0,8,0,5,"f",0.45
6016,"14/01/2018","N/A","f",1,"t","Waverley",-33.88566,151.27224,"Entire home/apt",2,NA,1,"",90,365,0,8,0,4.63,"t",0.21
14582,"21/03/2019","within a few hours","t",2,"t","Randwick",-33.94468735,151.2566621,"Entire home/apt",1,1,1,"$96.00",3,30,1,8,1,4.75,"f",1.4
5201,"7/08/2018","within an hour","f",1,"t","Pittwater",-33.70781,151.29092,"Entire home/apt",8,4,4,"$920.00",2,90,0,35,0,4.94,"f",0.68
14882,"10/07/2013","within an hour","f",244,"t","Manly",-33.79811521,151.2865783,"Entire home/apt",4,2,2,"$295.00",90,1125,29,0,0,NA,"t",NA
14744,"19/11/2024","N/A","f",1,"t","Randwick",-33.91298567,151.2512417,"Entire home/apt",6,2.5,3,"$495.00",5,365,28,0,0,NA,"f",NA
17385,"7/11/2017","within an hour","f",1,"t","Auburn",-33.82637993,151.0773114,"Entire home/apt",5,2,2,"$206.00",1,60,16,4,4,5,"f",4
11814,"7/11/2012","within an hour","t",11,"t","Waverley",-33.8890208,151.2749885,"Entire home/apt",5,1,2,"$229.00",1,730,14,44,0,4.82,"t",3.28
14508,"18/04/2013","N/A","f",2,"t","Randwick",-33.94192221,151.2511386,"Entire home/apt",4,NA,2,"",4,5,0,1,0,5,"f",0.18
1645,"17/05/2015","within an hour","t",3,"t","Sydney",-33.871815,151.221497,"Private room",3,1.5,1,"$95.00",1,600,5,254,7,4.89,"f",2.53
14010,"16/05/2023","within an hour","f",15,"t","Sydney",-33.87861867,151.1974403,"Entire home/apt",9,2,3,"$488.00",1,1125,17,13,0,4.92,"t",2.02
12305,"10/12/2015","a few days or more","f",1,"t","Pittwater",-33.65282975,151.3061511,"Entire home/apt",5,2.5,3,"$581.00",90,365,28,1,0,5,"f",0.19
2906,"31/08/2017","within an hour","f",54,"t","Ryde",-33.78071976,151.1138611,"Entire home/apt",2,1,1,"$205.00",90,1125,28,14,0,4.79,"t",0.24
4191,"28/01/2012","N/A","f",1,"t","Sydney",-33.89527,151.20301,"Private room",2,NA,NA,"",90,1125,28,1,0,5,"f",0.02
12464,"27/01/2024","within an hour","f",2,"t","The Hills Shire",-33.6128607,150.9078255,"Entire home/apt",4,1,2,"$105.00",2,365,4,20,1,4.5,"t",1.59
943,"18/01/2015","within an hour","f",1,"t","Pittwater",-33.62391,151.33283,"Entire home/apt",2,1,1,"$222.00",2,1125,0,146,0,4.95,"f",1.3
17515,"27/03/2016","within an hour","f",7,"t","Woollahra",-33.88956,151.25556,"Entire home/apt",5,1,2,"$203.00",2,365,8,1,1,5,"f",1
214,"6/12/2013","within an hour","t",7,"f","Waverley",-33.90565,151.26494,"Entire home/apt",2,1,1,"$133.00",5,180,16,200,2,4.67,"f",1.59
14097,"23/10/2024","within an hour","f",2,"t","Sydney",-33.8787568,151.1920741,"Entire home/apt",2,1,1,"$180.00",2,14,11,28,2,4.79,"t",3.98
4100,"5/02/2015","within an hour","t",19,"t","Sydney",-33.87855,151.2205,"Entire home/apt",2,1,1,"$187.00",21,200,14,37,0,4.89,"t",0.54
12902,"19/06/2024","within an hour","f",1,"t","Rockdale",-33.99343339,151.1442192,"Entire home/apt",4,1,2,"$152.00",3,365,12,4,0,5,"f",1
4970,"16/06/2012","within an hour","f",3,"t","Mosman",-33.825117,151.2484336,"Entire home/apt",6,NA,3,"",7,365,0,4,0,4.75,"f",0.14
14712,"24/07/2012","within a few hours","t",126,"t","Pittwater",-33.61379,151.32611,"Entire home/apt",10,NA,5,"",1,1125,0,2,0,3,"f",0.4
10345,"15/11/2017","within an hour","t",1,"t","City Of Kogarah",-33.99150655,151.0781519,"Entire home/apt",12,4,4,"$545.00",2,1125,8,22,0,4.86,"f",1.82
15167,"14/01/2020","within an hour","f",1,"t","Botany Bay",-33.9415823,151.2248785,"Entire home/apt",2,1,1,"$189.00",1,365,15,0,0,NA,"f",NA
17644,"20/06/2022","within a few hours","f",32,"t","Sydney",-33.88681,151.20032,"Entire home/apt",2,1,1,"$166.00",7,365,0,0,0,NA,"f",NA
4013,"28/02/2014","within an hour","t",8,"t","Waverley",-33.88784027,151.2731934,"Entire home/apt",3,1,1,"$146.00",1,1125,18,217,1,4.9,"f",3.13
13975,"2/09/2022","within an hour","f",14,"t","Manly",-33.80548662,151.2873664,"Entire home/apt",2,1,1,"$212.00",2,180,21,8,1,4.75,"f",1.3
8042,"11/03/2016","within an hour","t",1,"t","Willoughby",-33.79011119,151.2265124,"Private room",1,1,1,"$90.00",1,1125,29,13,0,5,"f",0.46
12581,"28/05/2020","within an hour","t",13,"t","Sydney",-33.8606967,151.2130448,"Entire home/apt",4,1,2,"$263.00",2,365,6,41,0,4.88,"f",3.39
10103,"15/01/2014","within an hour","f",1,"t","Woollahra",-33.87920187,151.2420674,"Entire home/apt",2,NA,1,"",4,365,3,33,0,4.79,"t",1.8
11694,"20/05/2017","within a day","t",3,"t","The Hills Shire",-33.63403,150.9007,"Private room",2,1,1,"$67.00",2,365,20,11,0,4.91,"f",0.74
17744,"15/04/2025","within a few hours","f",20,"t","Willoughby",-33.78855828,151.1772408,"Entire home/apt",5,2,2,"$206.00",1,365,25,0,0,NA,"f",NA
5920,"2/02/2022","within an hour","f",3,"f","Sydney",-33.87662,151.20496,"Entire home/apt",6,2,3,"$316.00",2,365,3,206,3,4.58,"t",5.02
15246,"2/11/2015","within a day","f",3,"f","Woollahra",-33.88803028,151.2585322,"Private room",1,1,1,"$144.00",1,365,0,3,0,4.33,"f",0.54
16085,"20/04/2022","within an hour","t",22,"t","Sydney",-33.8924819,151.199682,"Entire home/apt",6,2,2,"$236.00",2,365,19,1,0,5,"f",0.32
1010,"11/08/2014","N/A","f",1,"f","Ku-Ring-Gai",-33.76446,151.15493,"Private room",2,1,1,"$145.00",90,1125,29,0,0,NA,"f",NA
494,"21/09/2014","within an hour","t",1,"t","Leichhardt",-33.86763,151.17105,"Private room",1,1,1,"$94.00",13,1125,28,130,1,4.93,"f",1
4128,"21/08/2016","within an hour","t",2,"t","Waverley",-33.88708,151.27748,"Entire home/apt",4,2,2,"$354.00",3,250,27,85,1,4.91,"t",1.36
12269,"9/10/2016","within an hour","t",2,"t","Woollahra",-33.87842,151.23333,"Entire home/apt",4,1,2,"$255.00",3,365,5,12,0,4.83,"f",0.98
16011,"14/05/2020","within an hour","t",13,"t","Sydney",-33.878381,151.2194718,"Entire home/apt",2,1,1,"$159.00",2,365,8,13,4,4.85,"f",4.81
10823,"14/04/2023","within an hour","f",81,"t","Sydney",-33.87551,151.20257,"Entire home/apt",4,1,2,"$138.00",1,365,16,52,1,4.6,"t",3.1
3544,"20/07/2016","N/A","f",2,"t","Mosman",-33.8418,151.23291,"Entire home/apt",3,1,1,"$250.00",90,1125,29,0,0,NA,"f",NA
10740,"10/05/2023","within an hour","f",21,"t","Fairfield",-33.88438669,150.9292613,"Entire home/apt",16,NA,9,"",2,365,9,7,0,4.71,"f",0.51
4079,"13/01/2020","N/A","f",1,"t","Ryde",-33.77887,151.11486,"Private room",1,1,1,"$54.00",90,1125,29,0,0,NA,"t",NA
3325,"24/10/2016","within an hour","f",72,"t","Sydney",-33.872166,151.230316,"Entire home/apt",2,1,1,"$196.00",3,180,12,81,3,4.64,"t",1.05
2316,"20/03/2016","within an hour","t",1,"t","Waverley",-33.88804,151.27741,"Entire home/apt",4,1,2,"$153.00",2,30,3,25,2,4.88,"f",0.28
3526,"9/12/2018","within a day","f",11,"t","North Sydney",-33.82963,151.20883,"Hotel room",2,1,1,"$69.00",7,1125,16,29,1,4.62,"f",0.41
17805,"4/05/2025","within an hour","f",1,"t","Botany Bay",-33.9436725,151.1953305,"Entire home/apt",6,1,2,"$166.00",1,365,15,5,5,5,"t",5
15120,"1/06/2020","N/A","f",1,"t","Waverley",-33.8899011,151.2703439,"Entire home/apt",3,1,2,"$334.00",2,30,29,1,0,5,"f",0.28
4800,"18/09/2016","within a few hours","f",1,"t","Waverley",-33.89275,151.2704,"Entire home/apt",8,1,4,"$450.00",2,1125,17,0,0,NA,"f",NA
4741,"18/06/2019","within an hour","f",2,"t","Liverpool",-33.93324,150.92162,"Entire home/apt",3,1,1,"$145.00",5,1125,28,38,0,4.58,"t",0.65
12751,"5/06/2013","within an hour","f",28,"t","Sydney",-33.87117,151.22607,"Entire home/apt",2,1,1,"$286.00",90,365,3,8,0,4.38,"t",0.74
10685,"17/01/2015","within a day","f",1,"t","Warringah",-33.76867,151.24985,"Entire home/apt",8,3,4,"$900.00",7,30,0,3,0,5,"t",0.52
3972,"10/07/2013","within an hour","f",244,"t","Woollahra",-33.87796,151.2393,"Entire home/apt",5,NA,3,"",1,1125,0,16,0,4.69,"t",0.24
10433,"17/12/2022","within an hour","t",2,"t","Willoughby",-33.800958,151.2207856,"Entire home/apt",8,NA,4,"",1,1125,0,15,0,4.87,"t",0.91
2852,"7/12/2016","within an hour","f",6,"t","Sydney",-33.86051,151.20207,"Entire home/apt",10,2,4,"$687.00",3,30,13,153,0,4.61,"f",2.53
8092,"17/03/2015","N/A","f",1,"t","Randwick",-33.9122,151.26037,"Entire home/apt",5,NA,2,"",60,365,0,2,0,5,"t",0.11
11103,"5/01/2021","within an hour","t",1,"t","Waverley",-33.8909536,151.2733534,"Entire home/apt",2,1,1,"$217.00",2,365,17,39,2,5,"f",2.19
13828,"2/04/2015","within an hour","",12,"t","Waverley",-33.8900054,151.2709524,"Private room",2,1,1,"$120.00",2,365,24,8,0,5,"f",1.26
8428,"1/05/2023","within a few hours","t",1,"t","Sutherland Shire",-34.05273732,151.1557297,"Entire home/apt",4,1,2,"$212.00",2,365,26,32,5,5,"f",3.22
15764,"19/06/2023","within an hour","f",9,"t","Parramatta",-33.8079675,151.0058052,"Private room",3,1,1,"$247.00",1,90,29,2,0,4,"t",1.02
12728,"11/12/2014","within a day","f",72,"t","Pittwater",-33.65587019,151.3182843,"Entire home/apt",6,NA,3,"",2,1125,28,1,0,5,"f",0.12
16627,"30/12/2016","within a few hours","f",2,"t","Randwick",-33.91192041,151.2418256,"Entire home/apt",5,1,2,"$321.00",2,90,0,2,1,4.5,"f",1.03
7067,"30/09/2021","within a few hours","f",1,"t","Sutherland Shire",-34.00545,151.09298,"Entire home/apt",7,2.5,4,"$365.00",2,10,11,38,0,4.97,"f",1.25
7901,"30/05/2019","within an hour","f",4,"t","North Sydney",-33.82165087,151.230638,"Private room",3,1.5,1,"$239.00",90,365,29,0,0,NA,"f",NA
14247,"24/07/2019","N/A","f",912,"t","Auburn",-33.8455298,151.0579443,"Entire home/apt",4,2,2,"$223.00",3,365,18,8,1,4.38,"t",1.08
7637,"25/11/2016","within an hour","t",5,"t","Sydney",-33.91367,151.21018,"Private room",1,1,1,"$93.00",3,60,11,28,1,4.96,"t",0.91
3320,"12/07/2015","within a few hours","f",1,"t","Sydney",-33.88709,151.21181,"Entire home/apt",5,1,2,"$384.00",3,120,12,62,0,4.87,"f",0.83
14083,"12/03/2018","within an hour","t",4,"f","Auburn",-33.85005128,151.073469,"Entire home/apt",4,1,2,"$209.00",3,60,5,20,1,5,"t",2.74
1683,"1/04/2017","within an hour","t",1,"t","Waverley",-33.89509,151.26999,"Private room",2,1,1,"$77.00",2,1125,4,208,3,4.89,"f",2.09
16074,"4/12/2024","within a few hours","f",53,"t","Sydney",-33.87738,151.21051,"Entire home/apt",2,1,2,"$181.00",7,365,0,0,0,NA,"f",NA
16661,"20/04/2022","within an hour","t",22,"t","Sydney",-33.9046486,151.1854059,"Entire home/apt",6,2,2,"$345.00",2,365,19,1,0,5,"f",0.37
13470,"3/05/2023","within an hour","t",1,"t","Sydney",-33.88261634,151.2104661,"Entire home/apt",3,1,2,"$275.00",2,365,14,12,1,4.92,"t",1.45
5711,"17/04/2019","within a few hours","f",2,"t","North Sydney",-33.8325,151.21455,"Entire home/apt",2,NA,1,"",90,365,29,2,0,4.5,"f",0.05
12600,"28/10/2014","within a day","f",1,"t","North Sydney",-33.83213,151.22791,"Entire home/apt",4,2,2,"$280.00",7,365,0,2,0,5,"f",0.3
16090,"12/04/2022","within an hour","f",2,"t","The Hills Shire",-33.6891639,150.9552408,"Entire home/apt",10,2.5,5,"$233.00",2,365,13,1,1,5,"t",1
14344,"5/05/2022","within an hour","f",6,"t","Auburn",-33.82605744,151.0801395,"Entire home/apt",4,2,2,"$176.00",3,365,21,16,2,4.69,"f",2.2
9207,"24/07/2019","N/A","f",912,"t","Randwick",-33.94373,151.25828,"Entire home/apt",4,1,2,"$265.00",3,365,3,28,0,4.39,"t",1.17
6891,"23/04/2018","N/A","f",46,"t","Waverley",-33.8942441,151.2714484,"Entire home/apt",4,NA,2,"",2,90,8,66,1,4.38,"t",1.93
11811,"12/05/2015","within an hour","t",3,"t","Rockdale",-33.94111141,151.1525433,"Private room",2,1,1,"$115.00",1,90,26,44,3,4.95,"f",3.12
94,"27/02/2012","within a few hours","t",1,"t","Marrickville",-33.91701,151.15206,"Entire home/apt",2,1,1,"$145.00",7,65,10,219,1,4.93,"f",1.36
11381,"27/09/2022","within an hour","f",2,"t","Auburn",-33.84836811,151.07367,"Entire home/apt",4,1,2,"$180.00",1,1125,13,29,1,4.66,"f",1.82
9721,"14/02/2017","within an hour","t",11,"t","Ryde",-33.78020549,151.0999885,"Private room",2,1,1,"$78.00",1,365,29,17,0,4.82,"f",0.84
9574,"16/11/2013","within an hour","t",2,"t","Manly",-33.7963135,151.2864861,"Entire home/apt",2,1,1,"$162.00",2,185,23,69,0,4.91,"t",3.49
7381,"10/11/2022","N/A","f",1,"t","Pittwater",-33.63022,151.33387,"Entire home/apt",8,2.5,4,"$750.00",7,75,29,12,0,5,"f",0.4
2393,"25/07/2012","within an hour","f",1,"t","Manly",-33.79688,151.28532,"Entire home/apt",3,1,1,"$195.00",3,90,18,122,0,4.84,"f",1.39
14536,"24/11/2024","N/A","f",1,"t","City Of Kogarah",-33.9672922,151.1012184,"Entire home/apt",5,NA,2,"",3,365,0,1,0,5,"t",0.16
8239,"19/12/2014","within an hour","t",47,"t","Waverley",-33.89161,151.28542,"Entire home/apt",8,3,4,"$3,750.00",7,365,29,6,0,5,"f",0.35
13964,"8/08/2016","within an hour","t",16,"t","North Sydney",-33.84741349,151.2138822,"Entire home/apt",2,1,1,"$248.00",5,70,9,6,1,5,"t",1.08
4121,"15/09/2013","within an hour","t",2,"t","Pittwater",-33.6765,151.31274,"Entire home/apt",4,1,2,"$260.00",3,240,29,44,0,4.84,"t",0.66
16237,"26/11/2023","within an hour","t",43,"t","Sydney",-33.8581817,151.2061361,"Entire home/apt",6,2,2,"$212.00",1,365,3,21,10,4.86,"t",6.18
12240,"19/09/2017","within a day","f",1,"t","Warringah",-33.73347,151.29199,"Entire home/apt",8,3,4,"$1,132.00",7,28,0,2,0,4,"f",0.24
12683,"11/12/2014","within a day","f",72,"t","Pittwater",-33.66433539,151.3179973,"Entire home/apt",9,NA,4,"",2,1125,0,1,0,3,"f",0.18
7474,"13/07/2018","within an hour","f",31,"t","Canada Bay",-33.85147721,151.0876703,"Entire home/apt",10,4,7,"$1,314.00",30,365,29,0,0,NA,"f",NA
9373,"20/06/2019","N/A","f",53,"t","Sydney",-33.89379,151.18461,"Entire home/apt",2,1,1,"$192.00",2,90,8,28,1,4.57,"f",1.41
13614,"24/07/2019","N/A","f",912,"t","Sydney",-33.9035706,151.1811976,"Entire home/apt",4,1,2,"$308.00",3,365,4,8,0,4.38,"t",1.21
8565,"16/06/2021","within an hour","f",57,"t","Sydney",-33.89767,151.19844,"Entire home/apt",4,1,2,"$196.00",90,120,0,26,0,4.19,"f",0.99
1162,"9/02/2016","within a day","f",2,"t","Sutherland Shire",-34.04692,151.15237,"Entire home/apt",10,4,4,"$750.00",90,1125,28,20,0,4.75,"f",0.18
17771,"24/09/2015","within an hour","t",2,"t","Woollahra",-33.8682558,151.2368158,"Entire home/apt",2,1,1,"$232.00",2,365,25,2,2,5,"f",2
10106,"20/11/2023","within an hour","t",5,"t","Marrickville",-33.91532088,151.1655166,"Private room",2,2,1,"$99.00",7,365,22,16,1,5,"t",0.85
9645,"20/10/2016","within a day","f",28,"t","Pittwater",-33.63267,151.33645,"Entire home/apt",6,NA,3,"",1,1125,0,0,0,NA,"f",NA
1607,"28/01/2017","a few days or more","f",1,"t","Sydney",-33.86643,151.20625,"Entire home/apt",4,2,2,"$219.00",180,1125,29,203,0,4.92,"t",2
10536,"23/04/2018","N/A","f",46,"t","Sydney",-33.87851608,151.208903,"Entire home/apt",2,1,0,"$188.00",2,90,0,20,1,4.45,"t",1.18
3986,"27/09/2019","N/A","f",1,"t","Warringah",-33.73039,151.29822,"Entire home/apt",3,1,1,"$225.00",90,1125,28,5,0,5,"f",0.07
10679,"14/06/2016","within an hour","t",1,"t","North Sydney",-33.8481603,151.2150326,"Entire home/apt",6,2,2,"$943.00",2,1125,24,31,1,4.9,"f",1.96
5224,"16/06/2021","within an hour","f",57,"t","Sydney",-33.88309,151.1765,"Entire home/apt",2,1,1,"$216.00",28,180,29,12,0,4.42,"f",0.26
384,"26/03/2015","N/A","f",1,"t","Leichhardt",-33.85703,151.1821,"Private room",2,1,1,"$75.00",90,1125,28,480,0,4.84,"f",3.95
13197,"26/07/2024","N/A","f",1,"t","Sydney",-33.88411,151.18326,"Entire home/apt",2,NA,1,"",3,365,0,2,0,5,"f",0.19
2004,"22/12/2016","within an hour","f",9,"t","Lane Cove",-33.81905,151.18311,"Private room",6,1,3,"$450.00",1,1125,0,52,0,4.52,"t",0.54
10605,"30/06/2012","within an hour","t",2,"t","Sutherland Shire",-34.08876997,151.156568,"Entire home/apt",6,2,3,"$489.00",2,90,24,12,0,5,"f",0.81
11957,"10/07/2013","within an hour","f",244,"t","Sydney",-33.86263556,151.2028782,"Entire home/apt",4,2,2,"$467.00",1,1125,0,0,0,NA,"t",NA
8344,"5/03/2013","within a few hours","t",3,"t","Sydney",-33.87135788,151.2293692,"Entire home/apt",3,1,1,"$198.00",2,1125,20,73,0,4.88,"f",3.68
11675,"30/07/2015","within an hour","t",1,"t","Warringah",-33.70805531,151.303534,"Entire home/apt",2,1,1,"$207.00",1,365,11,9,1,5,"f",0.66
6658,"3/01/2018","within an hour","f",1,"t","Waverley",-33.8928,151.25248,"Entire home/apt",3,1,0,"$128.00",1,40,14,167,4,4.62,"f",5.08
6360,"11/04/2017","within an hour","f",1,"f","Pittwater",-33.65166,151.31106,"Entire home/apt",10,3,4,"$1,200.00",5,365,13,2,0,5,"f",0.11
1341,"2/05/2014","within an hour","f",1,"t","Marrickville",-33.91369368,151.1441403,"Entire home/apt",2,1,1,"$129.00",3,60,2,3,1,5,"t",2.05
11734,"17/08/2014","within a few hours","t",5,"t","North Sydney",-33.84280762,151.2054936,"Entire home/apt",2,NA,1,"",21,60,0,0,0,NA,"f",NA
17574,"6/09/2024","within an hour","t",3,"t","Sydney",-33.86207,151.20095,"Entire home/apt",3,1,1,"$256.00",2,365,10,3,3,4.67,"t",3
4944,"25/08/2019","within an hour","f",169,"t","Fairfield",-33.88216,150.95958,"Private room",1,1,1,"$46.00",90,365,29,28,0,4.21,"f",0.51
15784,"4/12/2024","within a few hours","f",53,"t","Sydney",-33.91185055,151.2046232,"Entire home/apt",6,2,3,"$246.00",7,40,0,0,0,NA,"f",NA
15633,"1/09/2020","within an hour","t",5,"t","Hornsby",-33.54303,151.14554,"Entire home/apt",2,1.5,1,"$300.00",2,30,21,2,2,5,"f",2
1262,"29/08/2024","N/A","f",39,"t","Mosman",-33.82763,151.25128,"Entire home/apt",4,1,2,"$233.00",5,1125,3,41,0,4.41,"t",0.39
13535,"24/07/2019","N/A","f",912,"t","Rockdale",-33.9508087,151.1156304,"Entire home/apt",8,2,4,"$377.00",3,365,16,7,0,4.29,"t",0.8
6437,"12/05/2014","N/A","f",1,"f","Pittwater",-33.5903215,151.2968504,"Entire home/apt",6,2,3,"$455.00",4,30,22,4,0,5,"f",0.12
422,"11/04/2015","N/A","f",1,"t","Warringah",-33.77933,151.29089,"Entire home/apt",4,2,2,"$750.00",90,360,26,34,0,4.76,"f",0.29
4267,"13/10/2019","N/A","f",8,"t","Sydney",-33.8826,151.18832,"Private room",4,NA,1,"",90,1125,29,0,0,NA,"t",NA
10141,"15/10/2012","within an hour","",86,"t","Sydney",-33.85809,151.20521,"Entire home/apt",12,2,4,"$446.00",1,365,11,18,1,4.44,"f",1.11
14487,"11/11/2024","within an hour","f",7,"t","Sydney",-33.91522,151.20383,"Entire home/apt",5,2,2,"$186.00",2,365,6,23,1,4.65,"t",3.38
7366,"21/08/2021","within a few hours","f",2,"t","North Sydney",-33.82651257,151.2209042,"Entire home/apt",4,1,2,"$205.00",3,30,5,6,0,5,"f",0.22
15843,"2/03/2020","within an hour","t",13,"t","Sydney",-33.8846894,151.1963029,"Entire home/apt",4,1,1,"$187.00",2,90,23,18,3,4.67,"t",3.94
3343,"28/01/2019","within an hour","f",6,"t","Randwick",-33.91836,151.24152,"Hotel room",2,1,0,"$188.00",1,1125,25,16,0,4.69,"t",0.25
5529,"27/09/2017","within an hour","t",1,"t","Hornsby",-33.5391,151.24144,"Entire home/apt",8,2,4,"$389.00",2,300,29,127,1,4.87,"f",2.9
350,"9/03/2013","within a few hours","f",2,"t","North Sydney",-33.84523,151.20213,"Entire home/apt",5,1,2,"$170.00",20,150,1,86,0,4.67,"f",0.65
11160,"16/05/2015","within a day","t",1,"t","Randwick",-33.94532,151.25298,"Entire home/apt",4,1,2,"$350.00",5,365,2,28,0,4.82,"f",1.75
5792,"21/12/2021","within an hour","f",1,"t","Marrickville",-33.89177,151.17703,"Entire home/apt",4,1,2,"$156.00",2,89,11,140,1,4.84,"t",3.33
547,"22/04/2014","within an hour","f",1,"t","Sydney",-33.88982,151.23154,"Entire home/apt",8,NA,4,"",2,10,0,27,0,4.89,"f",0.21
6684,"13/12/2015","within a few hours","t",2,"t","Pittwater",-33.604654,151.32601,"Entire home/apt",7,2.5,4,"$1,200.00",90,365,29,0,0,NA,"t",NA
10704,"26/12/2023","within an hour","f",1,"t","Pittwater",-33.68049,151.31297,"Entire home/apt",6,1.5,3,"$285.00",5,90,4,18,0,4.5,"f",1.02
1043,"6/07/2012","N/A","f",3,"t","Leichhardt",-33.85019,151.18044,"Private room",3,2,2,"$117.00",90,1125,29,18,0,4.83,"f",0.16
4864,"29/07/2019","within a day","f",1,"t","Pittwater",-33.64303,151.31615,"Entire home/apt",8,3,4,"$1,000.00",2,1125,0,59,0,4.92,"f",1.08
8751,"30/05/2023","N/A","f",1,"t","Bankstown",-33.94900048,151.0326552,"Entire home/apt",2,NA,1,"",90,365,17,3,0,5,"f",0.24
16126,"28/05/2017","within an hour","f",50,"t","Ku-Ring-Gai",-33.72741221,151.1223821,"Entire home/apt",16,5,6,"$800.00",3,365,26,2,1,5,"t",1.11
11643,"28/09/2010","a few days or more","f",17,"t","Manly",-33.79989819,151.2873758,"Entire home/apt",2,1,1,"$300.00",1,365,28,0,0,NA,"f",NA
12242,"21/08/2016","within an hour","t",3,"t","Waverley",-33.88782096,151.2703119,"Private room",2,1,1,"$95.00",2,30,13,1,0,5,"f",0.1
18061,"28/09/2014","N/A","f",1,"f","Woollahra",-33.87621283,151.2483528,"Entire home/apt",2,1,1,"$381.00",4,30,28,0,0,NA,"f",NA
14573,"30/11/2023","within a few hours","f",49,"t","Botany Bay",-33.92321,151.18753,"Entire home/apt",4,NA,2,"",7,365,0,0,0,NA,"f",NA
4825,"15/06/2019","within an hour","t",1,"t","Sutherland Shire",-34.08132,151.15515,"Entire home/apt",4,1,2,"$328.00",2,182,29,109,1,4.96,"t",2.01
3507,"31/08/2017","within an hour","f",54,"t","North Sydney",-33.82992554,151.2203979,"Entire home/apt",2,1,1,"$220.00",28,1125,0,12,0,5,"t",0.21
50,"9/11/2014","N/A","f",1,"t","Woollahra",-33.87117,151.23881,"Entire home/apt",4,2,2,"$700.00",90,365,29,0,0,NA,"f",NA
1894,"8/07/2016","within an hour","f",7,"t","Sydney",-33.87585,151.22575,"Private room",2,1,1,"$160.00",1,999,29,113,0,4.16,"t",1.24
971,"5/01/2016","N/A","f",1,"t","Randwick",-33.91134,151.26149,"Entire home/apt",7,NA,3,"",90,1125,5,4,0,5,"f",0.19
11255,"5/09/2018","within an hour","f",7,"t","Sydney",-33.86961574,151.1912693,"Entire home/apt",4,NA,2,"",90,365,0,11,0,5,"f",0.68
808,"15/03/2015","within an hour","f",2,"t","Ku-Ring-Gai",-33.78304,151.17995,"Entire home/apt",3,1,1,"$160.00",2,365,25,147,0,4.81,"f",1.3
13922,"25/10/2013","within a day","f",1,"t","City Of Kogarah",-33.9919104,151.1157074,"Private room",2,2,2,"$90.00",1,365,16,3,0,5,"f",0.39
8370,"18/12/2019","within an hour","f",2,"t","Sydney",-33.9148782,151.2090551,"Private room",1,1,1,"$140.00",2,365,28,5,1,4,"t",0.72
14216,"31/01/2016","within an hour","t",48,"t","Randwick",-33.902973,151.2444212,"Entire home/apt",10,3,5,"$714.00",2,730,3,3,0,5,"t",0.42
4080,"13/01/2020","N/A","f",1,"t","Ashfield",-33.88784,151.12555,"Private room",1,1,1,"$55.00",90,1125,0,16,0,4.63,"f",0.24
14772,"10/07/2013","within an hour","f",244,"t","Woollahra",-33.85059269,151.2807725,"Entire home/apt",10,NA,5,"",1,1125,0,0,0,NA,"t",NA
13902,"30/09/2024","within an hour","t",1,"t","Rockdale",-33.93965139,151.1502762,"Private room",2,1,1,"$106.00",1,365,17,100,5,4.89,"t",11.67
3077,"20/04/2018","within an hour","t",4,"t","Sydney",-33.85712,151.20174,"Entire home/apt",5,2,3,"$514.00",3,1125,9,147,1,4.87,"f",1.85
9961,"5/07/2017","within a day","f",517,"t","Sydney",-33.86948966,151.2034095,"Entire home/apt",4,2,2,"$399.00",7,730,27,2,0,4.5,"f",0.11
1726,"1/12/2016","within an hour","f",3,"t","Fairfield",-33.89277,150.91415,"Entire home/apt",6,1,2,"$154.00",5,1125,26,239,0,4.71,"f",2.52
9291,"26/08/2016","within an hour","f",78,"t","Waverley",-33.89317528,151.246679,"Private room",3,1,0,"$182.00",1,90,26,57,3,4.79,"t",2.54
12900,"13/08/2018","within an hour","f",57,"t","Sydney",-33.8779566,151.206404,"Entire home/apt",2,1,0,"$150.00",1,365,11,22,4,4.59,"f",2.15
8722,"13/11/2014","within a day","t",82,"t","Pittwater",-33.66141743,151.3191275,"Entire home/apt",8,3.5,4,"$1,959.00",90,1125,0,0,0,NA,"f",NA
12650,"20/06/2019","N/A","f",53,"t","Woollahra",-33.8824508,151.2215259,"Entire home/apt",2,1,0,"$153.00",2,90,6,20,1,4.5,"f",1.78
374,"23/03/2015","within an hour","f",1,"t","Sydney",-33.8588,151.20448,"Entire home/apt",6,2.5,3,"$1,069.00",2,730,21,241,0,4.76,"t",1.95
9130,"26/01/2017","within an hour","f",6,"t","Rockdale",-33.9386742,151.1062564,"Private room",2,NA,2,"",7,365,0,0,0,NA,"f",NA
3256,"4/01/2017","within an hour","t",1,"t","Sydney",-33.89293,151.21177,"Entire home/apt",2,1,1,"$197.00",2,30,26,159,1,4.94,"f",2.05
13258,"8/11/2020","within an hour","f",12,"t","Leichhardt",-33.86171,151.173,"Entire home/apt",2,1,1,"$98.00",2,180,0,13,1,4.54,"t",1.87
12442,"24/10/2011","within an hour","t",75,"t","Manly",-33.7986594,151.2839534,"Entire home/apt",2,1,1,"$240.00",3,365,19,29,0,4.93,"t",2.81
3821,"21/10/2019","within an hour","f",1,"t","Mosman",-33.82371521,151.249527,"Entire home/apt",6,3,3,"$980.00",10,30,0,1,0,5,"t",0.02
9541,"27/06/2017","within an hour","f",46,"t","Willoughby",-33.7950931,151.1846058,"Entire home/apt",2,1,1,"$118.00",2,45,12,14,2,4.93,"t",0.69
146,"19/03/2013","within a day","f",1,"t","Sydney",-33.88952,151.20285,"Entire home/apt",4,1,2,"$240.00",3,6,7,17,0,4.65,"f",0.15
14761,"22/02/2015","N/A","f",1,"t","Waverley",-33.8922251,151.2438282,"Entire home/apt",7,2.5,4,"$483.00",90,90,29,0,0,NA,"f",NA
2853,"17/10/2014","N/A","f",1,"t","Waverley",-33.87696,151.2738,"Entire home/apt",4,1.5,3,"$332.00",90,1125,0,58,0,4.86,"f",0.72
13281,"22/08/2012","within an hour","t",19,"t","Sydney",-33.8740052,151.197435,"Entire home/apt",4,1,1,"$252.00",2,365,11,23,4,4.96,"f",2.5
13285,"29/01/2016","within an hour","t",1,"t","Leichhardt",-33.85452325,151.1715235,"Entire home/apt",2,1,1,"$172.00",2,1125,14,14,2,5,"f",2.5
10158,"10/10/2014","within an hour","t",2,"t","Blacktown",-33.74301,150.94547,"Private room",4,1,2,"$162.00",1,28,1,8,0,4.63,"f",0.44
10271,"18/12/2019","within an hour","t",25,"t","Sydney",-33.8591056,151.2030291,"Entire home/apt",8,2,3,"$233.00",1,365,0,51,0,4.92,"f",2.66
3898,"10/07/2019","N/A","f",3,"t","Parramatta",-33.81952,151.003,"Entire home/apt",4,1,1,"$121.00",90,1125,29,4,0,4.75,"f",0.06
11676,"13/11/2014","within a day","t",82,"t","Pittwater",-33.63028,151.32098,"Entire home/apt",8,NA,4,"",1,1125,0,0,0,NA,"f",NA
975,"5/01/2016","within a few hours","t",1,"t","Warringah",-33.7652,151.25041,"Entire home/apt",2,1,1,"$170.00",2,730,26,96,0,4.77,"f",1.15
8817,"26/08/2016","within an hour","f",78,"t","Waverley",-33.89309,151.24789,"Private room",3,1,0,"$155.00",1,365,26,54,0,4.65,"t",2.4
1643,"11/11/2014","within an hour","t",2,"t","Sutherland Shire",-34.08284,151.15525,"Entire home/apt",8,4,4,"$850.00",2,90,23,22,1,4.95,"f",0.22
12119,"15/05/2017","within an hour","t",3,"t","Blacktown",-33.78716695,150.9478228,"Private room",1,1,0,"$54.00",2,60,24,45,2,4.84,"f",3.51
17610,"16/12/2016","within an hour","f",3,"t","Sydney",-33.86976,151.20312,"Entire home/apt",5,2,2,"$397.00",3,365,16,0,0,NA,"t",NA
1687,"13/08/2015","within an hour","t",2,"t","Sutherland Shire",-34.0835666,151.1560909,"Entire home/apt",2,1,1,"$200.00",1,1125,23,720,12,4.83,"t",7.77
5666,"28/03/2016","within a day","f",1,"f","Warringah",-33.78525,151.2491,"Entire home/apt",8,3,4,"$1,945.00",3,21,0,5,0,5,"f",0.12
853,"10/12/2015","a few days or more","f",1,"t","Rockdale",-33.93224,151.14163,"Private room",3,2,1,"$27.00",90,1125,29,0,0,NA,"f",NA
6807,"5/05/2016","within an hour","f",26,"t","Marrickville",-33.90534686,151.1801386,"Entire home/apt",2,1,0,"$111.00",3,365,13,62,3,4.53,"t",2.38
5549,"15/11/2013","within a few hours","f",1,"t","Sydney",-33.90224,151.19987,"Entire home/apt",2,1,1,"$229.00",1,99,4,8,0,4.88,"f",0.24
4948,"10/04/2013","within a day","f",1,"f","Warringah",-33.77885,151.29131,"Entire home/apt",6,2,3,"$991.00",2,20,0,1,0,5,"f",0.19
13608,"13/09/2024","within an hour","f",1,"t","Rockdale",-33.9883032,151.1428009,"Entire home/apt",5,1,3,"$260.00",2,1125,0,16,0,4.75,"f",2.16
9117,"18/08/2014","within an hour","t",12,"t","Waverley",-33.89693,151.26051,"Private room",2,1,1,"$99.00",3,365,29,10,0,4.6,"f",0.52
11171,"13/02/2018","within an hour","t",27,"t","Warringah",-33.75462,151.29282,"Entire home/apt",4,1,2,"$237.00",4,90,11,37,1,4.97,"f",2.46
13201,"10/12/2014","within an hour","f",26,"f","Hornsby",-33.77319,151.08701,"Entire home/apt",6,2,2,"$207.00",3,365,13,0,0,NA,"f",NA
9053,"13/06/2015","within an hour","",8,"t","Randwick",-33.92433304,151.2330257,"Private room",1,1,1,"$105.00",3,365,29,13,0,5,"f",0.58
8236,"21/11/2014","within a few hours","t",1,"t","North Sydney",-33.8479531,151.2046142,"Entire home/apt",3,1,0,"$217.00",3,7,22,43,0,4.88,"f",1.65
9505,"16/02/2023","within an hour","f",1,"t","North Sydney",-33.84985,151.21475,"Entire home/apt",2,1,1,"$216.00",2,365,18,63,4,4.56,"t",3.12
9224,"30/04/2016","within an hour","f",1,"t","Randwick",-33.90697092,151.2488611,"Entire home/apt",8,3,3,"$516.00",2,1125,0,33,0,4.85,"f",1.58
11214,"6/04/2017","within an hour","t",11,"t","Bankstown",-33.9528886,151.0341948,"Entire home/apt",2,1,1,"$83.00",2,90,2,14,0,4.79,"f",0.93
12845,"18/11/2012","within an hour","f",4,"t","Sydney",-33.87563,151.19602,"Entire home/apt",5,2.5,2,"$295.00",4,180,7,24,1,4.92,"f",2.37
6751,"19/01/2022","within an hour","t",42,"t","Canada Bay",-33.8552598,151.1475443,"Entire home/apt",2,NA,NA,"",28,365,0,5,0,4.8,"f",0.16
2497,"13/05/2014","within an hour","f",55,"t","Sydney",-33.87011,151.20544,"Entire home/apt",2,1,1,"$249.00",90,1124,28,6,0,4.33,"f",0.07
5848,"7/03/2012","N/A","f",1,"t","Randwick",-33.94459,151.25019,"Entire home/apt",4,NA,2,"",90,180,0,0,0,NA,"f",NA
13048,"11/10/2019","within an hour","f",138,"t","Ryde",-33.7796244,151.115536,"Entire home/apt",4,1,2,"$268.00",2,365,29,1,0,4,"f",0.1
3137,"28/12/2018","N/A","f",1,"t","Mosman",-33.82712,151.24945,"Entire home/apt",4,1,3,"$308.00",90,1125,27,23,0,4.65,"f",0.29
6201,"27/05/2014","within an hour","t",61,"t","Waverley",-33.88393,151.27053,"Entire home/apt",4,1,2,"$265.00",21,365,24,26,0,4.85,"f",0.72
3537,"12/06/2013","within an hour","f",26,"t","Sydney",-33.88088,151.21184,"Entire home/apt",16,2,5,"$484.00",1,1125,13,192,7,4.8,"f",2.63
15313,"5/02/2019","N/A","f",1,"t","Botany Bay",-33.9215379,151.1939439,"Entire home/apt",6,2,3,"$359.00",1,365,0,2,0,5,"f",0.36
16278,"5/03/2025","N/A","f",1,"t","Sydney",-33.89338,151.20404,"Entire home/apt",3,1,1,"$141.00",1,365,5,1,1,5,"f",1
11486,"28/11/2023","N/A","f",5,"t","Parramatta",-33.79887678,151.0646521,"Private room",2,NA,1,"",90,365,28,0,0,NA,"f",NA
12237,"20/06/2024","N/A","f",1,"f","Warringah",-33.7779918,151.2227041,"Entire home/apt",4,1.5,2,"$209.00",4,40,26,0,0,NA,"f",NA
10693,"25/04/2023","within an hour","f",12,"t","Burwood",-33.87951,151.10524,"Entire home/apt",4,1,1,"$123.00",2,365,7,43,2,4.81,"f",3.14
9160,"22/09/2015","within a few hours","f",37,"t","City Of Kogarah",-33.96152,151.13659,"Entire home/apt",5,2,2,"$196.00",2,365,22,1,0,5,"f",0.04
531,"20/05/2015","within a few hours","f",2,"t","Willoughby",-33.80867,151.19942,"Entire home/apt",2,1,1,"$350.00",7,18,0,2,0,5,"f",0.02
14334,"28/05/2023","within an hour","t",4,"t","Waverley",-33.8928209,151.2628959,"Entire home/apt",3,1,1,"$192.00",1,365,16,15,2,4.67,"f",1.91
11055,"16/12/2015","N/A","f",3,"t","Willoughby",-33.7906279,151.1824937,"Entire home/apt",10,2.5,4,"$405.00",29,91,28,2,0,5,"f",0.29
17864,"6/12/2016","within a few hours","f",1,"t","Auburn",-33.82950611,151.0743729,"Entire home/apt",2,2,1,"$138.00",1,30,14,0,0,NA,"f",NA
16456,"25/06/2016","within an hour","f",1,"t","Rockdale",-33.95363391,151.1383911,"Entire home/apt",2,2,2,"$408.00",2,365,28,2,0,5,"f",0.59
6039,"11/10/2019","within an hour","f",138,"t","Auburn",-33.82706,151.07844,"Entire home/apt",2,1,1,"$253.00",2,365,29,2,0,5,"f",0.05
16991,"21/10/2023","within an hour","f",42,"t","Sydney",-33.86915,151.19271,"Entire home/apt",6,NA,2,"",1,365,0,0,0,NA,"t",NA
17766,"24/10/2016","within an hour","f",72,"t","Sydney",-33.8719769,151.2220134,"Entire home/apt",2,1,1,"$161.00",2,45,23,0,0,NA,"t",NA
964,"14/09/2015","within a day","f",1,"t","Leichhardt",-33.86551,151.17332,"Entire home/apt",4,1,1,"$225.00",2,13,0,1,0,5,"f",0.18
5732,"19/09/2017","N/A","f",2,"t","Ryde",-33.78713,151.11078,"Private room",3,1,1,"$85.00",90,1125,29,0,0,NA,"t",NA
9487,"9/06/2012","within an hour","f",1,"t","Leichhardt",-33.87598099,151.1566466,"Entire home/apt",2,1,1,"$167.00",2,15,10,40,2,4.83,"f",1.91
2340,"27/10/2017","within a day","f",289,"t","Sydney",-33.86246,151.20723,"Private room",2,1,1,"$600.00",7,1125,27,0,0,NA,"f",NA
16529,"12/05/2019","within an hour","f",7,"t","Ryde",-33.78019545,151.1125282,"Entire home/apt",4,1,2,"$168.00",2,365,26,0,0,NA,"f",NA
1591,"2/06/2016","N/A","f",1,"f","Warringah",-33.75447,151.29528,"Private room",2,1,1,"$250.00",90,1125,28,0,0,NA,"f",NA
2820,"10/07/2011","within a day","f",2,"t","Sydney",-33.89693,151.2086,"Entire home/apt",6,NA,4,"",90,180,15,8,0,5,"f",0.12
7441,"8/05/2012","N/A","f",1,"t","Leichhardt",-33.85474957,151.1800865,"Entire home/apt",4,2,2,"$320.00",90,365,29,0,0,NA,"f",NA
12820,"10/05/2023","within an hour","f",21,"t","Fairfield",-33.89120739,150.9272811,"Entire home/apt",6,1,3,"$170.00",2,365,10,7,1,5,"f",1.27
250,"30/01/2014","within an hour","f",1,"t","Manly",-33.79642,151.27611,"Entire home/apt",5,2,3,"$736.00",7,1125,0,20,0,4.95,"f",0.16
13749,"16/07/2024","within a few hours","f",49,"t","Ku-Ring-Gai",-33.78626,151.18253,"Entire home/apt",4,2,2,"$125.00",2,365,29,1,0,3,"f",0.18
13439,"5/01/2023","within an hour","f",50,"t","Bankstown",-33.9546767,150.9941755,"Private room",2,2,1,"$46.00",4,365,24,4,1,4.75,"f",1.09
3813,"18/06/2017","N/A","f",1,"t","Randwick",-33.94023,151.24004,"Private room",2,1,1,"$100.00",90,1125,27,1,0,5,"f",0.01
4355,"13/02/2020","within an hour","t",4,"t","Sydney",-33.87234116,151.1971893,"Private room",2,1,0,"$354.00",1,1125,29,10,0,4.9,"t",0.16
8695,"24/07/2019","N/A","f",912,"t","Lane Cove",-33.81055,151.17494,"Entire home/apt",3,NA,2,"",92,365,0,14,1,4.29,"t",0.61
3872,"26/08/2016","within an hour","t",24,"t","Sydney",-33.87907,151.20961,"Entire home/apt",5,2,2,"$513.00",1,1125,29,6,0,4.17,"f",0.09
15005,"8/12/2024","within an hour","f",12,"t","Sydney",-33.9002031,151.2143423,"Entire home/apt",6,2,2,"$181.00",1,365,0,2,0,2,"t",0.37
14899,"19/07/2015","within a day","f",1,"f","Sydney",-33.89157471,151.180613,"Private room",2,NA,NA,"",1,365,0,2,0,3.5,"f",0.71
12972,"8/09/2023","within an hour","t",6,"t","Waverley",-33.8893988,151.2716098,"Entire home/apt",2,1,1,"$223.00",2,45,21,8,1,5,"t",0.77
9401,"22/04/2014","N/A","f",18,"t","Sydney",-33.88078423,151.212003,"Private room",2,NA,NA,"",1,365,0,11,0,4.18,"t",0.52
7319,"30/06/2020","within an hour","t",24,"t","Holroyd",-33.81774,150.99075,"Private room",2,1,1,"$75.00",5,365,29,9,0,4.89,"f",0.32
5099,"14/11/2019","N/A","f",1,"t","Sydney",-33.87828,151.22128,"Private room",1,2,2,"$400.00",90,1125,27,0,0,NA,"f",NA
12576,"22/12/2016","within an hour","f",120,"t","Sydney",-33.87152,151.19752,"Entire home/apt",4,1,2,"$277.00",3,365,17,10,1,4.9,"t",0.89
7615,"4/10/2012","within an hour","",3,"t","Sydney",-33.8748758,151.227155,"Entire home/apt",2,1.5,1,"$222.00",2,365,29,10,1,4.7,"t",0.33
2858,"30/05/2017","N/A","f",1,"t","Ryde",-33.78196,151.1001,"Private room",2,1,1,"$200.00",90,1125,28,0,0,NA,"t",NA
5123,"11/08/2015","within a few hours","t",9,"t","Hornsby",-33.5441,151.14598,"Entire home/apt",8,4.5,4,"$628.00",2,13,23,27,2,5,"f",0.6
16685,"8/04/2020","within an hour","f",180,"t","Sydney",-33.8690146,151.2043704,"Entire home/apt",6,2,2,"$526.00",2,365,8,2,1,4.5,"f",1.33
15400,"4/04/2019","within a few hours","t",1,"t","Sydney",-33.87499,151.20375,"Entire home/apt",2,0,1,"$243.00",3,365,11,19,2,4.95,"f",3.37
9283,"19/12/2014","within an hour","t",47,"t","The Hills Shire",-33.67116,150.98318,"Entire home/apt",1,5,1,"$5,900.00",2,1125,29,0,0,NA,"f",NA
10859,"23/12/2018","within an hour","",3,"t","Sydney",-33.8755,151.19597,"Entire home/apt",9,3,4,"$449.00",4,60,6,29,6,4.9,"f",1.78
11925,"17/04/2024","within an hour","f",13,"t","Rockdale",-33.95529776,151.1445711,"Entire home/apt",4,2,2,"$162.00",90,730,29,27,0,4.59,"t",2.08
1758,"20/03/2017","N/A","f",1,"t","Strathfield",-33.87338,151.08482,"Private room",1,1,1,"$60.00",90,1125,29,0,0,NA,"f",NA
16720,"9/10/2019","within a day","f",17,"t","Holroyd",-33.83305,150.99438,"Entire home/apt",4,1,1,"$193.00",7,365,29,0,0,NA,"f",NA
3910,"24/03/2013","within a few hours","f",6,"t","Randwick",-33.920116,151.256958,"Private room",1,NA,1,"",28,365,10,5,1,5,"t",0.07
16687,"17/12/2018","within an hour","t",18,"t","Waverley",-33.88716057,151.2731669,"Entire home/apt",2,1,1,"$158.00",2,365,21,8,2,4.88,"f",2.89
6054,"25/08/2019","within an hour","f",169,"t","Sydney",-33.8839964,151.2083809,"Private room",2,2,1,"$93.00",2,365,19,91,2,4.22,"f",2.37
6190,"23/02/2012","within a few hours","f",1,"t","Sydney",-33.8975,151.18297,"Entire home/apt",6,2,3,"$863.00",6,365,2,3,0,5,"f",0.1
14073,"16/07/2024","within a few hours","f",49,"t","North Sydney",-33.83701,151.20529,"Entire home/apt",5,2,2,"$221.00",21,365,30,4,0,4.5,"f",0.57
16254,"6/06/2016","within an hour","f",37,"t","Auburn",-33.8264525,151.0785566,"Entire home/apt",5,2,2,"$120.00",1,1125,18,6,1,4.17,"t",1.68
8578,"22/11/2017","within an hour","",14,"t","Waverley",-33.89531,151.26909,"Entire home/apt",4,1,2,"$274.00",1,365,7,59,0,4.88,"t",2.22
11883,"21/10/2023","within an hour","f",42,"t","Sydney",-33.87091552,151.2208294,"Entire home/apt",6,1,2,"$665.00",1,365,0,8,0,4.25,"t",0.6
2812,"31/05/2018","within a few hours","f",2,"t","Rockdale",-33.96892,151.15257,"Entire home/apt",6,3,4,"$400.00",3,20,26,34,0,4.79,"f",0.4
7641,"11/10/2019","within an hour","f",138,"t","Parramatta",-33.79154588,151.0579609,"Entire home/apt",8,3,4,"$583.00",2,1125,29,11,0,4.36,"f",0.37
770,"30/11/2015","N/A","f",1,"t","Sydney",-33.87733,151.18838,"Private room",2,1,1,"$100.00",90,1125,29,0,0,NA,"f",NA
14699,"17/08/2014","within a few hours","t",5,"t","North Sydney",-33.8487605,151.2151326,"Entire home/apt",4,1,2,"$341.00",5,365,19,16,3,4.75,"f",2.84
4913,"17/01/2017","within an hour","t",2,"t","Liverpool",-33.94496,150.91097,"Entire home/apt",6,1,3,"$180.00",4,364,29,30,0,4.73,"f",0.55
2536,"4/10/2018","within an hour","t",1,"t","Willoughby",-33.79915237,151.2098999,"Entire home/apt",2,1,1,"$105.00",4,99,21,108,2,4.97,"f",1.35
4154,"19/10/2015","within an hour","t",11,"t","Warringah",-33.7226,151.29964,"Entire home/apt",2,NA,1,"",3,1080,0,7,0,4.43,"t",0.11
9217,"13/08/2023","within an hour","f",1,"t","Manly",-33.7958,151.28303,"Entire home/apt",4,1,1,"$221.00",2,365,11,44,2,4.8,"t",2.02
7798,"26/12/2016","N/A","f",1,"t","Sydney",-33.88194896,151.2130039,"Entire home/apt",5,2,4,"$1,598.00",90,365,29,1,0,5,"f",0.06
12091,"14/02/2017","within an hour","t",11,"t","Ryde",-33.77968,151.10037,"Private room",2,2,1,"$65.00",7,365,29,1,0,5,"f",0.08
15734,"25/08/2019","within an hour","f",169,"t","Rockdale",-33.9608289,151.1193149,"Private room",2,2,1,"$57.00",1,89,22,8,0,4.5,"f",2
5863,"28/12/2021","within an hour","",2,"t","Auburn",-33.82567,151.07978,"Entire home/apt",4,1,2,"$124.00",1,90,9,41,2,4.37,"f",0.98
16472,"6/03/2013","N/A","f",1,"t","Warringah",-33.77143906,151.2112389,"Entire home/apt",6,NA,5,"",5,25,0,0,0,NA,"f",NA
4891,"20/10/2015","N/A","f",1,"t","Pittwater",-33.59951,151.3207,"Entire home/apt",2,1,1,"$250.00",90,1125,29,3,0,5,"t",0.05
12154,"6/03/2018","within an hour","f",2,"t","Waverley",-33.89287,151.28415,"Entire home/apt",4,1,2,"$405.00",1,365,7,68,4,4.87,"f",6.42
12047,"9/03/2016","within an hour","t",2,"t","Sydney",-33.8717834,151.2249295,"Entire home/apt",2,1,1,"$124.00",2,365,7,69,7,4.77,"t",5.05
11521,"25/09/2019","within an hour","t",2,"t","Sydney",-33.88382108,151.2101658,"Private room",2,1,1,"$113.00",1,730,8,95,6,4.77,"f",6.12
16264,"9/04/2014","within an hour","f",1,"t","Leichhardt",-33.86972,151.16978,"Private room",2,1,1,"$100.00",1,3,3,4,2,5,"f",2.67
1125,"5/08/2016","a few days or more","f",2,"t","Randwick",-33.98328,151.24311,"Private room",1,1,1,"$82.00",90,1125,28,10,0,4.8,"f",0.09
10112,"16/03/2019","within a few hours","f",1,"t","Sydney",-33.90675,151.18797,"Entire home/apt",3,NA,1,"",4,80,0,3,2,5,"f",2.14
9404,"16/11/2016","a few days or more","f",5,"t","Woollahra",-33.8799081,151.2577646,"Private room",4,5,4,"$81.00",1,365,28,1,0,4,"f",0.06
3372,"29/01/2019","within an hour","t",4,"t","Randwick",-33.91935,151.24107,"Hotel room",2,1,0,"$169.00",1,1125,8,20,0,4.7,"t",0.27
1833,"22/11/2014","within an hour","t",23,"t","Sydney",-33.86903,151.20436,"Entire home/apt",5,2,2,"$378.00",2,365,5,265,2,4.9,"t",2.89
17659,"29/12/2013","within a day","f",1,"t","Auburn",-33.8404433,151.0512129,"Entire home/apt",4,1,2,"$160.00",5,365,0,0,0,NA,"t",NA
8249,"23/05/2012","within a few hours","t",117,"t","Waverley",-33.8954689,151.2503029,"Entire home/apt",2,1,1,"$311.00",5,89,12,12,0,4.92,"f",0.49
6482,"17/06/2012","within an hour","t",1,"t","Sydney",-33.90642,151.18927,"Entire home/apt",2,2,1,"$163.00",1,58,6,24,0,4.96,"f",1.5
14456,"14/11/2014","within an hour","f",1,"t","Manly",-33.80435,151.26435,"Entire home/apt",6,NA,4,"",4,365,0,1,0,5,"f",0.18
3231,"24/07/2019","N/A","f",912,"t","Sydney",-33.86977,151.19199,"Entire home/apt",4,NA,2,"",3,365,7,84,3,4.27,"t",1.09
1803,"25/12/2016","within an hour","t",3,"f","Mosman",-33.83308,151.23616,"Private room",2,1,1,"$130.00",2,7,15,20,0,4.7,"t",0.22
12186,"19/01/2022","within an hour","t",42,"t","Ryde",-33.78973,151.08324,"Entire home/apt",3,1,1,"$155.00",28,365,28,0,0,NA,"f",NA
4929,"16/06/2012","within an hour","f",3,"t","Mosman",-33.82662341,151.2481479,"Entire home/apt",2,1,1,"$200.00",3,365,0,16,0,5,"t",0.54
154,"25/05/2012","N/A","t",1,"t","Hurstville",-33.98516,151.03709,"Entire home/apt",4,1,2,"$85.00",14,365,6,52,0,4.79,"f",0.35
7132,"31/01/2016","within an hour","t",48,"t","Waverley",-33.89103469,151.2688171,"Entire home/apt",8,NA,4,"",90,1124,0,23,0,5,"t",0.82
9664,"4/09/2023","N/A","f",1,"t","Sydney",-33.88594,151.20837,"Entire home/apt",2,1,1,"$386.00",90,365,28,4,0,5,"f",0.36
3651,"14/02/2013","N/A","f",2,"t","Canada Bay",-33.86317,151.13838,"Private room",2,1,0,"$199.00",90,1125,28,0,0,NA,"t",NA
8998,"13/11/2014","within a day","t",82,"t","Pittwater",-33.61482,151.32635,"Entire home/apt",8,2,4,"$1,323.00",1,1125,28,6,0,5,"f",0.34
17491,"22/12/2016","within an hour","f",120,"t","Sydney",-33.87949,151.18428,"Entire home/apt",4,1,2,"$292.00",3,365,23,0,0,NA,"f",NA
13633,"29/11/2016","within a few hours","t",2,"t","Waverley",-33.88882,151.28123,"Entire home/apt",4,1,2,"$291.00",2,100,11,4,0,5,"f",0.42
3014,"12/05/2015","N/A","f",1,"t","Manly",-33.79748,151.2872,"Entire home/apt",2,NA,NA,"",2,90,0,68,0,4.81,"f",0.86
10489,"12/12/2021","within an hour","t",1,"t","Sutherland Shire",-34.047564,151.1526483,"Entire home/apt",4,1,2,"$207.00",2,40,7,13,1,4.92,"f",1.49
2033,"31/03/2014","within an hour","t",6,"t","Sydney",-33.8581,151.20593,"Entire home/apt",6,2,3,"$411.00",3,365,6,144,1,4.83,"f",1.74
7000,"24/02/2013","within an hour","t",92,"t","Ryde",-33.79412,151.13357,"Entire home/apt",4,1,1,"$150.00",3,365,0,63,0,4.67,"t",2
17996,"1/10/2012","within an hour","f",45,"t","Willoughby",-33.81771,151.20359,"Entire home/apt",4,1,2,"$254.00",3,90,4,0,0,NA,"t",NA
6114,"24/05/2019","within an hour","t",1,"t","Rockdale",-33.941093,151.106812,"Entire home/apt",5,1,2,"$166.00",2,365,12,139,3,4.89,"f",3.58
5691,"22/11/2016","N/A","f",3,"t","Ryde",-33.78303,151.13141,"Entire home/apt",4,2,3,"$254.00",21,365,27,0,0,NA,"f",NA
12420,"16/05/2023","within an hour","f",15,"t","Sydney",-33.87492,151.20364,"Entire home/apt",8,2,3,"$586.00",1,1125,13,10,1,4.2,"t",0.83
12338,"23/12/2020","within an hour","f",44,"t","Sydney",-33.86837274,151.1928578,"Private room",2,1,1,"$158.00",7,365,10,3,0,4.67,"f",0.35
14739,"10/02/2021","N/A","f",1,"t","Warringah",-33.77783386,151.2580358,"Entire home/apt",6,2,4,"$243.00",5,18,12,2,0,4.5,"f",0.38
15185,"27/11/2016","within an hour","f",7,"t","Willoughby",-33.7949933,151.1847588,"Entire home/apt",3,1,2,"$165.00",2,90,15,19,4,4.74,"t",3.68
557,"28/05/2015","within a day","f",19,"t","Marrickville",-33.89671,151.16857,"Entire home/apt",4,1,1,"$200.00",2,21,11,107,0,4.65,"f",0.9
3579,"29/01/2017","within a day","f",3,"t","Randwick",-33.95249,151.25188,"Private room",1,1,1,"$105.00",90,365,29,8,0,4.63,"f",0.11
6246,"11/10/2019","within an hour","f",138,"t","Canada Bay",-33.82826,151.08399,"Entire home/apt",4,1,2,"$345.00",2,1125,29,20,0,4.6,"f",0.53
17932,"12/05/2023","within an hour","f",12,"t","Sydney",-33.9131,151.20915,"Entire home/apt",2,1,1,"$118.00",5,365,19,0,0,NA,"f",NA
3484,"18/02/2019","N/A","f",3,"t","Auburn",-33.87077,151.04481,"Private room",2,2,1,"$97.00",90,1125,11,4,0,4.75,"f",0.06
2225,"30/01/2014","within an hour","f",1,"f","Woollahra",-33.86969,151.26927,"Entire home/apt",2,1,1,"$310.00",5,31,0,48,0,4.94,"f",0.52
8899,"17/02/2013","within an hour","t",4,"t","Randwick",-33.93023,151.23856,"Entire home/apt",6,1.5,3,"$341.00",90,365,0,3,0,5,"f",0.14
3140,"15/05/2017","N/A","f",4,"f","Rockdale",-33.94793,151.13114,"Private room",1,1,1,"$150.00",90,1125,28,0,0,NA,"t",NA
7598,"20/01/2019","within an hour","f",2,"t","Rockdale",-33.98529671,151.1461228,"Entire home/apt",4,1,2,"$370.00",2,1125,13,16,0,4.56,"t",0.54
11059,"15/05/2023","within a few hours","t",6,"t","Sydney",-33.9023022,151.2110933,"Entire home/apt",3,1,1,"$206.00",2,365,11,31,2,4.84,"f",1.89
11557,"15/09/2016","within a few hours","f",39,"t","Pittwater",-33.65598156,151.2925595,"Entire home/apt",10,6,5,"$1,782.00",1,365,0,5,0,5,"f",0.34
17756,"11/09/2015","within an hour","t",5,"t","Botany Bay",-33.92584723,151.194442,"Private room",2,1,1,"$70.00",1,365,15,4,4,5,"f",4
9318,"16/06/2021","within an hour","f",57,"t","Sydney",-33.88514,151.20245,"Entire home/apt",2,1,1,"$142.00",7,180,2,20,2,4.6,"f",0.94
11982,"11/11/2018","within an hour","f",19,"t","Sutherland Shire",-34.08332,151.14787,"Entire home/apt",4,1,1,"$118.00",2,89,22,19,1,4.53,"f",1.65
126,"8/09/2013","N/A","f",1,"t","Warringah",-33.78053,151.29108,"Entire home/apt",2,1,1,"$200.00",90,1125,29,6,0,5,"f",0.05
1349,"17/07/2013","within an hour","t",1,"t","Marrickville",-33.90045,151.17201,"Entire home/apt",2,1,1,"$90.00",1,30,0,461,4,4.9,"f",4.22
1604,"12/05/2016","N/A","f",1,"f","Strathfield",-33.87169,151.09214,"Private room",1,1,1,"$72.00",90,1125,29,0,0,NA,"f",NA
15435,"25/10/2018","within an hour","f",5,"t","Hornsby",-33.77165,151.07584,"Entire home/apt",4,2,2,"$137.00",1,1125,15,3,0,3.33,"t",0.83
7092,"30/10/2015","N/A","f",1,"t","Waverley",-33.90781,151.26823,"Entire home/apt",2,2,1,"$501.00",8,730,29,3,0,5,"f",0.11
10627,"30/06/2020","within an hour","t",24,"t","Blacktown",-33.7703242,150.9358526,"Private room",1,NA,NA,"",7,365,0,2,0,5,"f",0.13
6083,"28/11/2017","within an hour","t",2,"t","Warringah",-33.76448,151.25595,"Entire home/apt",2,1,1,"$187.00",4,90,22,15,0,4.87,"f",0.42
3846,"26/08/2016","within an hour","t",24,"t","Sydney",-33.87907,151.20961,"Entire home/apt",3,1,1,"$380.00",1,1125,29,15,0,4.93,"f",0.21
12723,"27/11/2020","within a few hours","t",4,"t","Woollahra",-33.8904506,151.2532567,"Entire home/apt",2,1,1,"$264.00",3,30,27,22,0,4.86,"f",1.92
4204,"20/11/2012","within a day","f",1,"t","Sydney",-33.88469,151.18383,"Entire home/apt",6,3.5,4,"$1,450.00",7,1125,18,3,0,5,"f",0.1
16070,"6/01/2016","within an hour","t",12,"t","Randwick",-33.91682146,151.2418568,"Private room",2,1,1,"$164.00",1,365,0,0,0,NA,"t",NA
16079,"17/12/2024","within an hour","f",1,"f","Sutherland Shire",-34.0568,151.00897,"Entire home/apt",5,1,1,"$158.00",1,500,16,20,4,4.8,"t",4.92
17298,"24/07/2019","N/A","f",912,"t","Warringah",-33.7595319,151.2961805,"Entire home/apt",2,1,1,"$179.00",3,365,6,5,5,5,"t",5
6145,"9/07/2012","within an hour","f",1,"t","Sutherland Shire",-34.06272,151.1541,"Entire home/apt",2,1,1,"$189.00",5,14,0,10,0,4.8,"f",0.3
657,"20/08/2013","N/A","f",1,"t","Waverley",-33.88294,151.27331,"Entire home/apt",6,1.5,3,"$543.00",3,20,19,4,0,5,"f",0.03
4340,"29/03/2017","within an hour","t",7,"t","The Hills Shire",-33.73949,151.00326,"Entire home/apt",2,1,1,"$114.00",1,365,23,78,1,4.81,"t",1.53
12278,"26/10/2022","within an hour","f",6,"t","Leichhardt",-33.86793024,151.1689514,"Entire home/apt",6,1,2,"$244.00",2,28,11,67,3,4.78,"f",5.88
9681,"5/09/2023","a few days or more","f",3,"t","Manly",-33.7887085,151.2845045,"Shared room",2,1,1,"$114.00",2,365,27,1,0,5,"f",0.06
11946,"25/08/2019","within an hour","f",169,"t","Ku-Ring-Gai",-33.74453,151.13211,"Private room",2,2,1,"$49.00",90,365,26,5,0,3.6,"f",0.36
17506,"14/10/2024","a few days or more","f",18,"t","Marrickville",-33.90335437,151.1626139,"Entire home/apt",3,1,0,"$151.00",1,365,14,0,0,NA,"f",NA
14704,"7/03/2024","within an hour","t",31,"t","Ku-Ring-Gai",-33.7766,151.16545,"Entire home/apt",8,3.5,3,"$237.00",1,365,14,22,3,4.82,"f",3.33
7082,"8/09/2016","within a day","f",1,"t","Randwick",-33.9130491,151.243419,"Entire home/apt",2,1,1,"$216.00",7,100,10,5,0,5,"f",0.17
9507,"14/07/2015","within an hour","f",32,"t","Sydney",-33.90153906,151.1795778,"Entire home/apt",8,3,4,"$688.00",2,365,24,12,0,5,"f",0.57
1701,"8/08/2017","within an hour","t",4,"t","Sydney",-33.87983,151.21038,"Entire home/apt",2,1,1,"$152.00",2,1125,9,441,2,4.92,"f",4.62
10885,"20/06/2016","within an hour","f",1,"f","Pittwater",-33.69898909,151.3023817,"Entire home/apt",2,1,1,"$166.00",5,365,26,2,0,5,"f",0.2
4889,"18/03/2020","within a day","f",1,"t","Sydney",-33.86425,151.21048,"Entire home/apt",7,1,3,"$1,302.00",2,28,8,45,0,4.93,"f",0.81
6990,"13/08/2019","within an hour","",37,"t","Waverley",-33.88893,151.28243,"Entire home/apt",9,2.5,4,"$662.00",3,30,8,42,0,4.74,"f",1.34
10974,"20/10/2015","N/A","f",4,"t","Sutherland Shire",-34.08857993,151.1561045,"Entire home/apt",2,1,1,"$270.00",2,90,29,70,1,4.99,"f",3.9
12384,"10/07/2013","within an hour","f",244,"t","Waverley",-33.89927,151.27451,"Entire home/apt",6,NA,3,"",1,1125,0,2,0,5,"t",0.23
10349,"28/10/2015","N/A","f",2,"t","Waverley",-33.88749026,151.272195,"Private room",2,1,1,"$250.00",3,365,0,5,0,5,"f",0.26
486,"6/03/2014","within an hour","t",2,"t","Randwick",-33.921619,151.252731,"Entire home/apt",3,1,1,"$180.00",2,90,14,69,2,4.96,"t",1.84
7172,"25/03/2018","within an hour","t",1,"t","Pittwater",-33.696197,151.2877389,"Entire home/apt",2,1,1,"$120.00",2,14,17,33,1,4.97,"f",4.44
14721,"24/01/2018","within an hour","f",56,"t","Sydney",-33.87788,151.1847,"Entire home/apt",5,1.5,2,"$343.00",2,365,25,7,0,4.43,"t",1.05
7768,"7/02/2023","within an hour","t",1,"t","Warringah",-33.77976,151.29055,"Entire home/apt",6,2,3,"$786.00",3,365,29,27,0,4.96,"f",1.01
18048,"7/04/2023","within an hour","f",67,"t","Holroyd",-33.82258439,150.9616288,"Private room",2,1.5,1,"$32.00",1,365,24,0,0,NA,"t",NA
4284,"19/09/2018","within an hour","f",1,"t","Sydney",-33.87396,151.22374,"Entire home/apt",4,1,1,"$132.00",3,730,14,211,2,4.59,"f",3.25
2969,"3/09/2015","within a few hours","t",1,"t","Sydney",-33.87678,151.21721,"Entire home/apt",8,2,4,"$1,071.00",3,50,9,47,0,4.91,"f",0.73
11155,"24/07/2019","N/A","f",912,"t","Sydney",-33.89331,151.23,"Entire home/apt",4,1,2,"$293.00",3,365,15,7,0,3.43,"t",0.46
14789,"17/08/2024","within an hour","f",5,"t","Botany Bay",-33.92411,151.18645,"Entire home/apt",6,2,2,"$230.00",2,365,19,9,0,4.89,"t",1.6
10631,"23/10/2022","within an hour","t",6,"t","City Of Kogarah",-33.96255789,151.1370904,"Entire home/apt",4,2,2,"$172.00",3,365,13,60,2,4.9,"f",3.51
10952,"14/04/2023","within an hour","f",81,"t","Sydney",-33.87768624,151.2035017,"Entire home/apt",3,1,1,"$170.00",1,365,27,28,0,4.64,"t",1.72
10972,"22/08/2012","within an hour","t",19,"t","Sydney",-33.8914631,151.2102214,"Entire home/apt",3,NA,2,"",90,365,0,15,0,5,"f",0.84
11905,"4/05/2024","within an hour","t",1,"t","Rockdale",-33.94022,151.1141,"Entire home/apt",15,2.5,5,"$294.00",1,365,24,39,3,4.95,"f",3.13
12385,"6/01/2017","within an hour","f",1,"t","Hornsby",-33.7037751,151.0875232,"Entire home/apt",4,1,1,"$141.00",1,28,13,69,8,4.75,"t",5.98
10240,"31/08/2016","within an hour","",45,"t","Sydney",-33.91505,151.20341,"Entire home/apt",4,2,2,"$212.00",3,365,12,5,0,4.2,"f",0.26
8638,"6/10/2014","within a few hours","t",3,"t","Mosman",-33.83033196,151.2364077,"Entire home/apt",6,1,2,"$300.00",2,1125,13,42,0,4.83,"f",1.77
12678,"7/01/2016","N/A","f",1,"t","Canterbury",-33.89550667,151.1094233,"Private room",1,1,1,"$33.00",90,90,29,0,0,NA,"f",NA
13730,"29/11/2023","within an hour","f",46,"t","Hurstville",-33.9665689,151.048415,"Private room",1,1.5,1,"$40.00",1,89,10,6,0,3.33,"f",0.74
2619,"13/05/2014","within an hour","f",55,"t","Sydney",-33.86999,151.20538,"Entire home/apt",4,2,2,"$287.00",90,1125,28,41,0,4.76,"f",0.49
7321,"28/07/2014","within an hour","",3,"t","Pittwater",-33.63,151.32666,"Entire home/apt",2,1,1,"$196.00",3,1125,0,19,3,4.95,"f",1.07
10107,"24/11/2015","N/A","f",1,"t","Sydney",-33.87232837,151.2292327,"Entire home/apt",2,1,1,"$378.00",90,365,29,0,0,NA,"t",NA
10848,"24/07/2022","N/A","f",15,"t","Pittwater",-33.599423,151.3188774,"Entire home/apt",8,2,3,"$570.00",2,90,25,35,0,4.94,"f",1.94
11526,"30/05/2018","within an hour","t",3,"t","Warringah",-33.75892877,151.2173976,"Private room",1,0.5,1,"$79.00",1,3,29,94,4,4.97,"f",6.14
11207,"22/02/2015","within an hour","f",1,"t","Sydney",-33.8850042,151.2124548,"Entire home/apt",2,1,0,"$86.00",1,30,2,82,2,4.63,"t",5.16
11960,"24/10/2011","within an hour","t",75,"t","Manly",-33.7985651,151.2837706,"Entire home/apt",2,1,1,"$220.00",3,365,0,21,0,4.76,"f",1.93
8140,"23/03/2023","N/A","f",1,"t","Canada Bay",-33.84393,151.15223,"Entire home/apt",6,2.5,3,"$10,000.00",7,365,0,0,0,NA,"t",NA
2709,"15/08/2018","within an hour","t",7,"t","Willoughby",-33.79435,151.18351,"Entire home/apt",4,1,1,"$169.00",21,730,0,73,0,4.89,"f",2.14
2961,"11/12/2014","within a day","f",72,"t","Pittwater",-33.62366077,151.3171425,"Entire home/apt",12,4,5,"$1,542.00",2,1125,28,2,0,5,"f",0.04
17629,"10/07/2013","within an hour","f",244,"t","Sydney",-33.90282,151.20956,"Entire home/apt",6,2,3,"$516.00",1,1125,29,1,1,5,"t",1
6814,"29/03/2017","within an hour","t",7,"t","Willoughby",-33.7953,151.18549,"Entire home/apt",6,2,2,"$225.00",5,1125,2,62,2,4.92,"t",1.92
6988,"23/05/2015","within a few hours","f",2,"t","Waverley",-33.89318,151.2716,"Entire home/apt",4,1,2,"$225.00",3,90,4,4,0,4.75,"f",0.13
14730,"26/08/2016","within an hour","f",78,"t","Warringah",-33.78244,151.26647,"Entire home/apt",4,1,1,"$150.00",90,365,29,2,0,3.5,"t",0.38
14127,"24/07/2019","N/A","f",912,"t","Waverley",-33.8936828,151.2633911,"Entire home/apt",2,1,0,"$162.00",3,365,21,8,0,4.25,"t",0.99
17860,"29/07/2024","N/A","f",1,"t","Marrickville",-33.9064954,151.1362697,"Entire home/apt",5,1,3,"$230.00",2,80,28,0,0,NA,"f",NA
14440,"30/11/2023","within a few hours","f",49,"t","Sydney",-33.88041,151.19859,"Entire home/apt",2,NA,1,"",6,365,22,0,0,NA,"f",NA
6150,"4/06/2014","within a day","f",0,"t","Mosman",-33.83177,151.25716,"Entire home/apt",10,3,5,"$2,139.00",7,365,28,3,0,5,"f",0.1
15036,"20/09/2016","N/A","f",1,"t","Randwick",-33.9078327,151.255529,"Entire home/apt",8,NA,4,"",5,90,0,1,0,5,"f",0.19
13629,"1/08/2015","N/A","f",1,"t","Warringah",-33.78475,151.29043,"Entire home/apt",4,NA,2,"",4,365,0,3,0,4.67,"t",0.51
17331,"16/12/2014","within a day","f",7,"t","Botany Bay",-33.93226175,151.1936796,"Entire home/apt",4,2,2,"$162.00",7,365,20,0,0,NA,"f",NA
5781,"17/03/2022","within an hour","f",2,"t","Sydney",-33.87811,151.20557,"Entire home/apt",2,1,1,"$140.00",28,730,1,25,1,4.84,"f",0.68
2638,"7/04/2018","N/A","f",2,"t","Ku-Ring-Gai",-33.72588,151.1466,"Entire home/apt",2,1,1,"$149.00",90,1125,29,10,0,4.7,"f",0.12
4432,"25/08/2015","within an hour","f",15,"t","Leichhardt",-33.8876,151.15912,"Entire home/apt",2,1,1,"$125.00",1,365,0,16,0,4.5,"f",0.25
6974,"23/01/2021","within an hour","f",4,"t","Parramatta",-33.79731,151.05559,"Private room",2,1,1,"$80.00",1,365,29,40,0,4.6,"f",1.24
9719,"29/05/2013","N/A","f",1,"t","Warringah",-33.74665703,151.2214158,"Entire home/apt",2,1,1,"$114.00",90,100,29,9,0,4.11,"t",0.51
2377,"13/05/2014","within an hour","f",55,"t","Sydney",-33.87028,151.2054,"Entire home/apt",2,1,0,"$180.00",90,1125,25,25,0,4.64,"f",0.26
160,"22/06/2013","within an hour","t",4,"t","Marrickville",-33.89827,151.17783,"Entire home/apt",2,1,1,"$115.00",2,360,7,115,2,4.88,"f",0.84
8651,"15/03/2016","within an hour","t",31,"t","Mosman",-33.8226077,151.2424171,"Entire home/apt",6,NA,2,"",90,1125,23,29,0,4.83,"t",1.19
12222,"14/02/2015","within an hour","t",3,"t","Blacktown",-33.76866,150.84312,"Private room",1,1,1,"$38.00",22,100,0,1,1,5,"f",1
13878,"11/02/2022","within an hour","f",20,"t","Leichhardt",-33.8583278,151.1919967,"Entire home/apt",4,NA,2,"",3,365,16,5,0,4.8,"f",0.7
550,"10/06/2013","within an hour","f",2,"t","Manly",-33.79453,151.27,"Entire home/apt",6,2,3,"$600.00",15,30,0,11,0,4.91,"f",0.08
16630,"21/11/2011","within an hour","f",26,"t","Liverpool",-33.91385,150.91247,"Entire home/apt",4,1,1,"$77.00",1,365,29,1,0,4,"f",0.52
7269,"7/11/2015","within an hour","f",1,"t","Woollahra",-33.88409598,151.2269444,"Entire home/apt",5,1,3,"$441.00",3,1125,9,48,0,4.94,"f",2.3
16190,"31/01/2014","within an hour","f",1,"t","Warringah",-33.7783651,151.2789013,"Entire home/apt",3,1,2,"$228.00",2,365,0,2,0,5,"t",0.59
15202,"1/12/2024","within an hour","f",1,"t","Parramatta",-33.80013,150.96071,"Entire home/apt",6,2,4,"$146.00",1,365,18,28,4,4.64,"t",4.35
15902,"3/02/2025","within an hour","f",18,"t","Parramatta",-33.7726898,150.9856933,"Private room",2,1,1,"$46.00",1,365,29,1,1,2,"t",1
15844,"4/12/2024","within a few hours","f",53,"t","Sydney",-33.89898046,151.2133314,"Entire home/apt",4,1,2,"$226.00",7,40,0,0,0,NA,"f",NA
8156,"20/10/2016","within a day","f",28,"t","Pittwater",-33.6057349,151.3315698,"Entire home/apt",8,3.5,4,"$2,204.00",1,365,28,0,0,NA,"f",NA
3990,"13/09/2016","within an hour","f",1,"t","The Hills Shire",-33.39993,150.97812,"Entire home/apt",6,1.5,2,"$396.00",2,365,29,8,1,5,"f",0.15
15887,"4/12/2024","within a few hours","f",53,"t","Botany Bay",-33.92246,151.18406,"Entire home/apt",2,1,1,"$166.00",7,40,0,0,0,NA,"f",NA
391,"7/07/2014","N/A","f",1,"f","Auburn",-33.84738,151.03736,"Private room",1,1,1,"$90.00",90,1125,29,1,0,5,"f",0.01
16841,"10/08/2022","within an hour","f",2,"t","Penrith",-33.7595472,150.7358478,"Entire home/apt",8,2.5,4,"$212.00",2,365,13,10,5,4.6,"t",5.17
14221,"17/11/2023","within a few hours","f",40,"t","Sydney",-33.903731,151.2089098,"Entire home/apt",4,NA,2,"",8,365,0,1,0,4,"f",0.17
15528,"28/02/2024","within an hour","f",10,"t","Sydney",-33.87844,151.20373,"Entire home/apt",6,1,2,"$382.00",2,365,4,27,5,4.96,"t",5.03
15794,"4/12/2024","within a few hours","f",53,"t","Burwood",-33.87729,151.10575,"Entire home/apt",4,2,2,"$183.00",7,365,0,0,0,NA,"f",NA
8950,"19/01/2019","within a few hours","f",1,"t","Sydney",-33.8795664,151.2144823,"Entire home/apt",2,NA,1,"",21,33,0,0,0,NA,"f",NA
6932,"29/03/2017","within an hour","t",7,"t","Willoughby",-33.79569,151.18344,"Entire home/apt",4,1,1,"$162.00",5,365,2,55,4,4.78,"t",1.81
2027,"13/02/2016","within an hour","t",1,"t","Sydney",-33.89056,151.21656,"Private room",2,1,1,"$166.00",2,14,18,279,0,4.96,"f",2.89
3232,"14/01/2019","within an hour","t",1,"t","Pittwater",-33.62438,151.3183,"Entire home/apt",2,1,0,"$225.00",2,28,29,151,1,4.94,"f",2.27
6723,"21/11/2019","within an hour","t",2,"t","Randwick",-33.9526167,151.2513438,"Entire home/apt",2,1,1,"$129.00",2,365,17,148,6,4.97,"f",4.4
13693,"17/07/2015","within an hour","t",4,"t","Parramatta",-33.8079241,151.0160048,"Private room",1,1,1,"$59.00",1,365,0,5,0,3.8,"f",0.55
10243,"10/07/2013","within an hour","f",244,"t","Waverley",-33.89186,151.26294,"Entire home/apt",6,2,3,"$484.00",1,1125,29,6,0,4.33,"t",0.32
12430,"22/07/2016","N/A","f",4,"t","Hornsby",-33.63104,151.04445,"Private room",2,1,1,"$725.00",1,365,15,0,0,NA,"t",NA
551,"27/05/2015","N/A","f",1,"f","Pittwater",-33.63195,151.3287,"Entire home/apt",8,1.5,4,"$1,150.00",7,21,0,4,0,4.5,"f",0.06
15713,"11/05/2021","within an hour","f",1,"t","Sydney",-33.88171565,151.2168842,"Entire home/apt",2,1,1,"$123.00",1,365,17,13,7,4.31,"t",5.57
14284,"4/04/2021","within an hour","f",5,"t","Liverpool",-33.9165742,150.8694778,"Private room",2,1.5,1,"$157.00",1,365,23,0,0,NA,"f",NA
15501,"25/02/2024","within an hour","f",1,"t","Auburn",-33.84969,151.06015,"Entire home/apt",3,1,1,"$146.00",2,90,9,16,1,4.94,"f",3.5
15453,"10/12/2012","within a few hours","t",2,"t","Waverley",-33.89384,151.26625,"Private room",1,1.5,1,"$100.00",4,90,29,12,1,5,"f",2.2
16193,"25/08/2019","within an hour","f",169,"t","Auburn",-33.8457665,151.0305222,"Private room",1,1,1,"$50.00",1,89,19,6,0,4.33,"f",1.65
5399,"10/10/2016","within an hour","f",1,"t","Warringah",-33.789,151.25079,"Entire home/apt",8,2.5,4,"$1,250.00",7,25,22,2,0,4.5,"f",0.07
2175,"31/01/2016","N/A","f",1,"t","Sydney",-33.89067,151.20857,"Entire home/apt",4,2,2,"$162.00",90,365,0,2,0,5,"f",0.14
17634,"15/12/2023","within an hour","f",14,"t","Sydney",-33.9078569,151.2104268,"Entire home/apt",4,2,2,"$160.00",5,365,28,0,0,NA,"f",NA
13298,"11/08/2024","within an hour","f",1,"t","Strathfield",-33.8687999,151.0888522,"Entire home/apt",8,2,3,"$208.00",4,365,14,13,1,4.31,"t",1.52
2245,"5/07/2017","within a day","f",517,"t","Botany Bay",-33.92591,151.18673,"Entire home/apt",2,1,1,"$292.00",7,1125,28,0,0,NA,"f",NA
7502,"22/12/2016","within an hour","f",120,"t","Sydney",-33.8772916,151.2206148,"Entire home/apt",4,1,2,"$256.00",3,1125,9,45,1,4.84,"f",1.64
15060,"25/06/2024","N/A","f",2,"t","Sydney",-33.86024526,151.2025818,"Entire home/apt",8,2,3,"$410.00",3,30,2,12,1,4.67,"f",1.95
12960,"6/07/2014","within a day","f",1,"t","Pittwater",-33.61767,151.33104,"Entire home/apt",6,1,3,"$595.00",2,15,16,0,0,NA,"f",NA
385,"25/03/2015","a few days or more","f",3,"t","Randwick",-33.92132,151.25459,"Entire home/apt",4,NA,2,"",1,1125,28,3,0,4.67,"f",0.06
13338,"11/06/2013","within an hour","t",1,"t","Waverley",-33.89318,151.26317,"Private room",1,1,1,"$145.00",1,365,29,13,0,4.92,"f",1.45
7449,"11/11/2012","N/A","f",1,"t","Pittwater",-33.6311849,151.3286534,"Entire home/apt",8,NA,4,"",3,14,0,8,0,5,"f",0.27
5346,"24/10/2016","within an hour","f",72,"t","Sydney",-33.88752,151.21165,"Entire home/apt",4,2,2,"$240.00",2,180,13,107,3,4.5,"t",2.09
7863,"2/08/2016","N/A","f",1,"t","Woollahra",-33.88027249,151.2269365,"Entire home/apt",4,2,3,"$524.00",1,365,0,0,0,NA,"f",NA
14319,"1/08/2016","within a day","f",39,"t","Ryde",-33.77996,151.12001,"Entire home/apt",6,2,2,"$288.00",2,365,29,3,0,4.67,"f",0.73
8490,"10/04/2016","within an hour","t",1,"t","Mosman",-33.82664435,151.2499028,"Entire home/apt",4,1.5,2,"$280.00",3,100,7,17,0,5,"f",0.67
10205,"4/01/2019","within an hour","f",17,"t","Sydney",-33.87907,151.20519,"Entire home/apt",4,2,2,"$259.00",1,365,10,37,1,4.84,"t",1.97
11897,"21/01/2024","within an hour","t",31,"t","City Of Kogarah",-33.98293366,151.1077166,"Entire home/apt",6,2,3,"$133.00",1,365,24,35,0,4.77,"f",2.69
7937,"11/08/2015","within an hour","f",34,"t","Woollahra",-33.88514,151.2461,"Entire home/apt",8,4.5,4,"$2,500.00",90,365,28,0,0,NA,"f",NA
3572,"13/11/2014","within a day","t",82,"t","Pittwater",-33.60734,151.3338,"Entire home/apt",12,NA,6,"",1,1125,28,0,0,NA,"f",NA
17134,"15/09/2024","within an hour","t",22,"t","Bankstown",-33.9138679,151.0286886,"Entire home/apt",2,1,1,"$84.00",4,365,10,8,2,5,"f",3.24
2203,"23/05/2014","within an hour","f",1,"t","Randwick",-33.92158,151.2553,"Entire home/apt",2,1,1,"$255.00",3,1125,0,11,0,4.64,"t",0.12
11515,"19/12/2013","within an hour","f",11,"t","Marrickville",-33.89779349,151.1770843,"Entire home/apt",2,1,1,"$139.00",1,365,28,11,0,4.45,"t",0.86
6830,"15/04/2019","N/A","f",1,"t","Warringah",-33.75536,151.29455,"Entire home/apt",3,1,1,"$360.00",90,365,29,0,0,NA,"t",NA
14619,"30/05/2014","within an hour","t",1,"t","Manly",-33.80641,151.28881,"Entire home/apt",6,2,3,"$274.00",2,60,3,24,3,4.96,"t",4.19
1084,"30/11/2014","within an hour","f",1,"t","Ryde",-33.7746244,151.102663,"Private room",2,0.5,1,"$97.00",1,365,24,3,2,5,"f",2.09
10574,"21/01/2011","within an hour","t",8,"t","Botany Bay",-33.93312411,151.1936598,"Entire home/apt",3,1,1,"$166.00",1,365,29,21,3,4.95,"t",1.24
17447,"2/03/2016","within a few hours","f",2,"t","Waverley",-33.88925,151.27972,"Entire home/apt",4,2,2,"$235.00",3,365,4,0,0,NA,"f",NA
12962,"16/10/2012","within an hour","f",2,"t","Pittwater",-33.629093,151.3331444,"Entire home/apt",12,3.5,5,"$563.00",2,365,27,23,0,4.91,"f",2.42
6291,"24/02/2013","within an hour","t",92,"t","Sydney",-33.86835,151.20542,"Entire home/apt",6,2,2,"$203.00",2,365,2,214,7,4.66,"t",5.72
14690,"6/06/2015","N/A","t",1,"t","Randwick",-33.90771721,151.2223096,"Entire home/apt",7,3,4,"$589.00",2,365,0,1,0,5,"f",0.18
1399,"23/04/2014","within an hour","t",1,"t","Sutherland Shire",-34.01977,151.06271,"Entire home/apt",2,1,1,"$225.00",2,1125,0,147,4,4.99,"t",1.46
1207,"11/07/2015","within an hour","f",2,"t","Sydney",-33.8821,151.2189,"Entire home/apt",4,1,2,"$208.00",2,730,9,277,0,4.69,"f",2.51
16196,"10/02/2025","within an hour","t",1,"t","North Sydney",-33.8479109,151.2145722,"Entire home/apt",5,1,2,"$388.00",1,30,2,41,10,4.98,"t",10.79
8759,"1/04/2023","N/A","f",1,"t","Sydney",-33.87281955,151.1964168,"Entire home/apt",6,3,3,"$643.00",4,365,29,0,0,NA,"f",NA
7711,"4/04/2018","N/A","f",1,"t","The Hills Shire",-33.67560543,150.9372463,"Entire home/apt",13,NA,5,"",3,1125,6,12,0,5,"f",0.51
12184,"14/07/2015","within an hour","f",32,"t","Randwick",-33.90914625,151.2508255,"Entire home/apt",4,2,3,"$259.00",1,365,26,5,0,4.8,"f",0.4
13910,"10/07/2013","within an hour","f",244,"t","Woollahra",-33.88211,151.22833,"Entire home/apt",8,2,3,"$404.00",1,1125,0,4,0,5,"t",0.5
152,"15/05/2012","within an hour","t",1,"t","Randwick",-33.91737,151.24445,"Entire home/apt",2,1,1,"$156.00",4,730,27,50,1,4.8,"f",0.33
1352,"21/05/2015","within an hour","t",2,"t","Sydney",-33.89261,151.21367,"Entire home/apt",6,2,3,"$400.00",30,180,0,15,1,4.93,"f",0.16
8555,"7/04/2018","N/A","f",2,"t","Ku-Ring-Gai",-33.72632188,151.1488392,"Private room",2,1,1,"$127.00",90,1125,29,0,0,NA,"t",NA
16926,"8/07/2017","within an hour","",83,"t","Strathfield",-33.8622078,151.0800877,"Private room",2,1,1,"$65.00",1,365,18,0,0,NA,"t",NA
7626,"24/07/2012","within a few hours","t",126,"t","Pittwater",-33.61264,151.33174,"Entire home/apt",10,4.5,5,"$1,741.00",1,1125,27,6,0,4.83,"f",0.21
2442,"24/09/2018","within a few hours","t",1,"t","Warringah",-33.77888,151.26527,"Entire home/apt",5,1,2,"$135.00",4,60,9,87,0,4.78,"f",1.09
18007,"12/12/2023","within a day","f",7,"t","Sydney",-33.9045,151.21001,"Entire home/apt",4,2,2,"$171.00",5,365,17,0,0,NA,"f",NA
16227,"9/08/2018","within a day","f",1,"t","Botany Bay",-33.9325205,151.1930819,"Entire home/apt",4,1,2,"$225.00",7,365,0,0,0,NA,"f",NA
7526,"28/10/2014","within a few hours","f",1,"t","Sydney",-33.87757652,151.2154533,"Private room",2,1,1,"$128.00",1,365,28,1,0,5,"f",0.05
3059,"2/06/2016","within a few hours","f",2,"t","Holroyd",-33.83174,150.99633,"Private room",2,1.5,1,"$34.00",90,1125,0,10,0,4.6,"t",0.14
410,"12/05/2012","N/A","f",3,"t","Sydney",-33.90042,151.18274,"Entire home/apt",7,NA,4,"",5,25,0,3,0,5,"f",0.02
1935,"22/08/2017","N/A","f",2,"t","Waverley",-33.89602765,151.2719351,"Entire home/apt",5,1,2,"$400.00",90,1125,18,62,0,4.76,"f",0.68
1777,"28/12/2014","within an hour","t",3,"t","Campbelltown",-34.00531,150.85796,"Entire home/apt",5,1,3,"$120.00",5,1125,27,70,2,4.9,"f",0.75
1477,"2/02/2016","within an hour","t",1,"t","The Hills Shire",-33.72196,150.97976,"Private room",4,1.5,2,"$95.00",1,1125,8,187,0,4.94,"f",1.88
10628,"24/02/2013","within an hour","t",92,"t","Sydney",-33.87649959,151.2036813,"Entire home/apt",8,2,4,"$426.00",2,365,3,104,7,4.85,"t",6.07
2540,"18/05/2016","N/A","f",1,"t","Manly",-33.80455,151.288,"Entire home/apt",4,2,2,"$275.00",90,360,0,14,0,5,"f",0.17
9108,"20/11/2012","N/A","f",1,"t","Waverley",-33.8932035,151.2521293,"Entire home/apt",2,1.5,2,"$338.00",4,14,26,0,0,NA,"f",NA
15282,"21/03/2016","within a few hours","f",17,"t","Sydney",-33.90343667,151.2080596,"Entire home/apt",5,2,2,"$246.00",2,365,27,4,0,3.75,"f",0.68
4110,"4/11/2017","within an hour","t",2,"t","Sydney",-33.89983,151.19927,"Entire home/apt",2,1,1,"$159.00",7,180,30,70,0,4.87,"t",1.07
8320,"9/09/2015","within a day","f",27,"t","Sydney",-33.8996326,151.1953103,"Entire home/apt",4,1,2,"$377.00",90,365,29,11,0,4.82,"f",0.43
8974,"4/06/2014","within a day","f",0,"t","Manly",-33.80547,151.28423,"Entire home/apt",6,2,3,"$917.00",89,365,28,0,0,NA,"f",NA
5740,"14/04/2013","within an hour","t",4,"t","Rockdale",-33.96008682,151.1411591,"Private room",1,1,1,"$40.00",7,360,1,108,0,4.98,"f",2.48
14408,"8/12/2018","within an hour","f",30,"t","Sydney",-33.88323589,151.211915,"Entire home/apt",6,1,2,"$241.00",1,1125,24,4,0,4.5,"t",0.55
16980,"24/02/2013","within an hour","t",92,"t","Sutherland Shire",-34.05166,151.1526,"Entire home/apt",6,1,2,"$149.00",3,365,24,7,4,4.43,"t",3.68
6262,"24/08/2016","within an hour","f",1,"t","Randwick",-33.905384,151.220963,"Entire home/apt",2,1,1,"$155.00",2,28,8,48,0,4.92,"t",1.28
13204,"31/01/2016","within an hour","t",48,"t","Waverley",-33.895991,151.2684699,"Entire home/apt",4,NA,2,"",1,365,0,4,0,5,"f",0.43
9248,"14/03/2018","within an hour","f",44,"t","Sydney",-33.8872,151.20018,"Entire home/apt",3,1,1,"$194.00",1,365,10,50,0,4.74,"f",2.2
6915,"16/08/2022","within an hour","f",7,"t","Auburn",-33.8490566,151.0741919,"Entire home/apt",5,2,2,"$218.00",2,365,14,56,1,4.57,"t",1.72
3718,"9/06/2019","N/A","f",1,"t","North Sydney",-33.82734,151.22559,"Private room",1,1,1,"$55.00",90,250,29,14,0,5,"f",0.19
8485,"15/11/2017","within an hour","f",3,"t","Fairfield",-33.887648,150.9472324,"Entire home/apt",6,1,2,"$108.00",1,150,27,70,1,4.8,"t",3.21
7320,"19/02/2015","within an hour","f",2,"t","Manly",-33.7939822,151.2866277,"Entire home/apt",2,1,1,"$238.00",4,1125,0,65,1,4.71,"f",2.16
3660,"9/12/2018","within a day","f",11,"t","North Sydney",-33.82892,151.20878,"Hotel room",2,1,1,"$71.00",11,1125,28,83,0,4.59,"f",1.15
12690,"14/03/2018","within an hour","f",44,"t","Parramatta",-33.82044876,151.0104203,"Entire home/apt",3,1,1,"$141.00",1,365,3,30,3,4.57,"f",2.85
14378,"30/11/2023","within a few hours","f",49,"t","Botany Bay",-33.9234921,151.187492,"Entire home/apt",4,NA,2,"",7,365,0,1,0,3,"f",0.21
11910,"12/12/2013","within an hour","t",1,"t","Sydney",-33.91242703,151.2042929,"Private room",1,1,1,"$104.00",1,120,11,33,6,5,"f",3.06
16582,"24/07/2012","within a few hours","t",126,"t","Woollahra",-33.84797687,151.2815534,"Entire home/apt",12,5.5,6,"$5,570.00",1,1125,27,0,0,NA,"f",NA
8194,"26/08/2016","within an hour","f",78,"t","Marrickville",-33.90168,151.13745,"Entire home/apt",6,2,2,"$270.00",90,365,0,32,0,4.94,"t",1.21
8587,"21/03/2016","within a few hours","f",17,"t","Holroyd",-33.80829,150.98455,"Entire home/apt",5,2,2,"$198.00",2,365,29,22,0,4.59,"f",0.9
11455,"13/09/2018","within an hour","t",20,"t","Sydney",-33.87685,151.21333,"Entire home/apt",2,1,0,"$126.00",2,730,0,12,4,4.83,"f",2.14
17437,"12/05/2023","within an hour","f",12,"t","Botany Bay",-33.92315,151.18645,"Entire home/apt",2,1,1,"$121.00",5,365,21,0,0,NA,"f",NA
7290,"24/10/2011","within an hour","t",75,"t","Warringah",-33.7725,151.25492,"Entire home/apt",8,NA,3,"",90,365,0,0,0,NA,"f",NA
13251,"23/12/2022","within an hour","f",1,"t","Mosman",-33.81766591,151.2347855,"Entire home/apt",8,3,4,"$530.00",1,365,23,26,2,4.35,"f",2.69
7148,"19/05/2021","within a few hours","t",1,"t","Sutherland Shire",-34.0592456,151.1571834,"Entire home/apt",6,1,2,"$141.00",3,180,0,22,0,4.86,"f",0.77
17471,"7/04/2023","within an hour","f",67,"t","The Hills Shire",-33.70989,150.960153,"Private room",2,2,1,"$32.00",1,365,29,0,0,NA,"t",NA
6397,"19/04/2016","within an hour","t",2,"t","Warringah",-33.75616,151.28344,"Entire home/apt",4,1,2,"$149.00",6,730,0,4,0,5,"t",0.12
3465,"24/11/2015","a few days or more","f",2,"t","Ryde",-33.81174,151.08551,"Entire home/apt",1,1,1,"$65.00",90,1125,28,2,0,4.5,"f",0.03
11917,"28/05/2017","within an hour","f",50,"t","Bankstown",-33.91539,151.03192,"Entire home/apt",5,1,1,"$150.00",4,365,17,16,2,4.63,"t",1.17
11858,"6/04/2017","within an hour","t",11,"t","Bankstown",-33.95215125,151.0323086,"Entire home/apt",2,1,1,"$85.00",2,90,7,10,1,4.8,"t",1.15
8966,"18/09/2011","within a few hours","t",1,"t","Waverley",-33.8973607,151.2676807,"Entire home/apt",8,2,4,"$482.00",5,90,6,36,0,4.92,"f",1.62
11419,"16/11/2015","within an hour","f",1,"t","Auburn",-33.84842,151.07345,"Entire home/apt",4,1,1,"$216.00",1,30,0,7,1,5,"t",0.44
2756,"2/04/2018","within a day","f",3,"t","Manly",-33.79267,151.26692,"Entire home/apt",6,2.5,3,"$700.00",4,1125,27,7,0,5,"f",0.22
17882,"25/04/2019","within an hour","t",68,"t","Bankstown",-33.9042388,151.036649,"Entire home/apt",5,1,2,"$135.00",1,365,8,0,0,NA,"f",NA
16312,"24/07/2019","N/A","f",912,"t","Mosman",-33.8273066,151.2515093,"Entire home/apt",2,1,1,"$198.00",3,365,19,3,0,4.33,"t",0.96
8426,"30/06/2019","within an hour","f",2,"t","Canterbury",-33.9037979,151.0997495,"Entire home/apt",2,2,1,"$149.00",4,1125,16,12,1,4.75,"f",0.45
13938,"2/10/2024","within an hour","f",1,"t","Manly",-33.797,151.28708,"Entire home/apt",2,1,1,"$134.00",1,365,21,6,1,4.67,"t",0.77
18093,"17/11/2016","N/A","f",1,"t","The Hills Shire",-33.6223235,150.9041221,"Private room",2,3,2,"$55.00",2,30,28,0,0,NA,"f",NA
3138,"28/03/2018","within an hour","t",1,"t","Penrith",-33.70581,150.70665,"Entire home/apt",4,1,1,"$172.00",2,21,4,80,3,4.99,"f",3.18
7609,"31/05/2021","within an hour","f",2,"t","Ku-Ring-Gai",-33.7751029,151.1615532,"Entire home/apt",8,2,4,"$168.00",90,365,11,72,1,4.57,"f",2.41
10102,"14/03/2021","N/A","f",1,"t","Waverley",-33.87259,151.28014,"Entire home/apt",8,3.5,4,"$1,750.00",90,90,28,0,0,NA,"f",NA
15622,"10/01/2016","within a few hours","f",1,"t","Pittwater",-33.60398,151.30034,"Entire home/apt",6,3,3,"$400.00",2,7,3,1,1,5,"f",1
7058,"27/08/2014","N/A","f",1,"t","Pittwater",-33.67252311,151.2987315,"Entire home/apt",6,3.5,4,"$1,480.00",90,120,22,0,0,NA,"f",NA
12827,"17/12/2022","within an hour","f",4,"t","Parramatta",-33.79787545,151.0544901,"Private room",1,2,1,"$60.00",2,90,15,27,1,4.41,"f",2.55
11008,"14/03/2017","a few days or more","f",1,"t","Sydney",-33.87401017,151.197302,"Entire home/apt",4,1,1,"$151.00",90,365,28,0,0,NA,"f",NA
17400,"24/02/2013","within an hour","t",92,"t","Sydney",-33.85738,151.20249,"Entire home/apt",6,1.5,3,"$343.00",2,365,2,4,2,4.5,"t",2.45
6327,"4/11/2021","within an hour","t",2,"t","Marrickville",-33.89665,151.17951,"Entire home/apt",2,1,1,"$143.00",3,365,18,131,1,4.92,"f",3.29
1050,"19/10/2015","N/A","f",1,"t","Canada Bay",-33.85419,151.15176,"Entire home/apt",2,1,1,"$248.00",2,365,0,0,0,NA,"f",NA
8531,"10/06/2015","N/A","f",4,"t","Liverpool",-33.91499034,150.9270539,"Private room",1,1,1,"$97.00",90,365,29,1,0,5,"t",0.06
4755,"25/09/2020","within a few hours","f",4,"t","Willoughby",-33.79708,151.18081,"Entire home/apt",3,1,1,"$173.00",3,365,6,9,0,4.78,"f",0.48
15434,"11/10/2019","within an hour","f",138,"t","Sydney",-33.886,151.17872,"Entire home/apt",4,2,2,"$307.00",2,365,29,0,0,NA,"f",NA
8721,"6/10/2017","within an hour","f",8,"t","Botany Bay",-33.94396021,151.2224796,"Entire home/apt",6,2.5,2,"$285.00",1,365,9,88,1,4.81,"t",3.57
1509,"19/06/2015","within a day","f",1,"t","Waverley",-33.88726,151.27507,"Entire home/apt",2,1,1,"$450.00",14,14,0,1,0,5,"f",0.18
4248,"24/04/2020","within an hour","f",10,"t","North Sydney",-33.8411,151.21901,"Private room",2,1,1,"$207.00",1,1125,29,203,0,4.47,"t",3.37
538,"27/05/2015","within an hour","f",1,"t","Rockdale",-33.94146347,151.1531219,"Entire home/apt",4,1,1,"$291.00",1,1125,8,247,1,4.88,"f",2.04
12654,"29/03/2024","within an hour","t",22,"t","Manly",-33.7906186,151.283661,"Private room",5,1,1,"$234.00",1,365,0,2,0,5,"t",0.2
561,"1/08/2013","within a few hours","f",1,"t","Pittwater",-33.63594,151.3056,"Entire home/apt",4,1,1,"$287.00",2,90,10,73,0,4.96,"f",0.51
16901,"13/08/2019","within an hour","",37,"t","Waverley",-33.88287541,151.2722188,"Entire home/apt",7,NA,3,"",3,30,0,1,0,5,"t",0.52
12178,"12/10/2021","within an hour","f",34,"t","Sydney",-33.8750704,151.21453,"Entire home/apt",2,1,1,"$209.00",2,365,12,5,0,5,"t",0.38
12856,"15/10/2023","within a day","f",18,"f","Sydney",-33.89061222,151.1947327,"Private room",2,1,1,"$108.00",3,365,28,4,0,5,"f",0.45
6428,"20/02/2018","within an hour","f",55,"t","The Hills Shire",-33.52123,150.90894,"Entire home/apt",10,NA,5,"",90,1125,0,0,0,NA,"f",NA
13618,"25/08/2019","within an hour","f",169,"t","Sydney",-33.883917,151.2084847,"Private room",2,1,1,"$120.00",2,365,23,4,0,3.75,"f",0.47
4351,"21/12/2015","N/A","f",1,"t","Sydney",-33.8799,151.2066,"Private room",1,1,1,"$180.00",90,1125,29,2,0,4.5,"f",0.03
5734,"11/01/2019","within an hour","t",1,"t","Manly",-33.796307,151.269135,"Entire home/apt",2,1,1,"$143.00",2,390,0,182,0,4.99,"t",4.33
9554,"1/10/2012","within an hour","f",45,"t","Manly",-33.78933,151.28621,"Entire home/apt",2,1,1,"$177.00",2,90,0,46,2,4.59,"t",2.1
15666,"3/08/2017","N/A","f",1,"t","Hurstville",-33.95290295,151.0454989,"Private room",2,1,1,"$98.00",1,365,0,0,0,NA,"f",NA
16869,"24/07/2012","within a few hours","t",126,"t","Woollahra",-33.87088046,151.2379089,"Entire home/apt",6,3,3,"$2,034.00",1,1125,27,0,0,NA,"f",NA
15444,"29/01/2016","N/A","f",15,"t","Rockdale",-33.9346,151.15634,"Entire home/apt",2,NA,1,"",6,365,0,0,0,NA,"f",NA
3734,"23/05/2016","within an hour","",24,"t","Sydney",-33.86963,151.20347,"Entire home/apt",2,1,1,"$154.00",1,365,3,75,0,4.21,"t",1.04
13844,"21/10/2022","within an hour","f",60,"t","Manly",-33.8029069,151.2887411,"Entire home/apt",4,1,2,"$204.00",2,365,23,10,1,3.7,"f",1.17
4349,"10/08/2015","within an hour","f",1,"t","Canterbury",-33.90972138,151.1196192,"Entire home/apt",2,1,1,"$81.00",2,365,1,156,2,4.68,"t",2.41
10706,"27/12/2023","within an hour","f",1,"t","Woollahra",-33.8727092,151.2565655,"Entire home/apt",4,2,2,"$720.00",1,365,0,13,0,5,"f",0.76
18056,"12/02/2015","within an hour","t",7,"t","Canada Bay",-33.86897,151.12052,"Entire home/apt",6,2,2,"$200.00",5,365,15,1,1,5,"f",1
18044,"12/05/2023","within an hour","f",12,"t","Botany Bay",-33.92886,151.18625,"Entire home/apt",4,1,2,"$135.00",5,365,22,0,0,NA,"f",NA
1392,"14/02/2015","within an hour","t",3,"t","Blacktown",-33.76651,150.84185,"Private room",1,1,1,"$47.00",3,21,5,79,2,4.92,"f",0.73
3459,"23/05/2012","within a few hours","t",117,"t","Waverley",-33.890461,151.274323,"Entire home/apt",6,3,3,"$1,376.00",89,365,28,3,0,5,"f",0.04
8043,"5/06/2016","N/A","f",1,"t","Waverley",-33.90608702,151.2579021,"Entire home/apt",2,1,1,"$171.00",90,365,0,3,0,5,"f",0.19
15513,"28/05/2017","within an hour","f",50,"t","Hornsby",-33.70040909,151.1068205,"Entire home/apt",10,3,4,"$252.00",3,365,10,16,4,4.69,"t",3.27
5763,"11/03/2018","within an hour","t",9,"t","Botany Bay",-33.92953,151.18984,"Private room",2,1,1,"$123.00",90,365,29,112,0,4.69,"f",2.65
9844,"3/10/2023","within a day","t",1,"t","Marrickville",-33.91256382,151.1545212,"Entire home/apt",4,2,3,"$216.00",21,365,26,4,0,5,"f",0.23
15375,"7/12/2015","within an hour","f",4,"t","Sydney",-33.88065677,151.2155969,"Entire home/apt",2,1,1,"$104.00",2,365,18,11,1,4.45,"t",2.43
1163,"7/02/2016","a few days or more","f",1,"f","Manly",-33.79328,151.28531,"Entire home/apt",8,3,4,"$1,164.00",90,1125,29,6,0,4.67,"f",0.05
2448,"5/04/2016","within an hour","f",1,"t","Woollahra",-33.87512,151.2577,"Private room",1,1,1,"$70.00",2,730,26,196,4,4.61,"t",2.49
8172,"26/08/2016","within an hour","f",78,"t","Marrickville",-33.90337794,151.1393428,"Entire home/apt",4,1,1,"$191.00",2,60,18,51,0,4.82,"t",1.86
14746,"10/04/2014","within a day","f",1,"t","Manly",-33.78754601,151.2711925,"Entire home/apt",2,1,1,"$129.00",3,90,3,5,0,5,"f",1.01
1639,"19/11/2013","within an hour","t",3,"t","Waverley",-33.88875,151.27449,"Entire home/apt",16,5,6,"$963.00",1,365,10,119,0,4.76,"f",1.23
727,"20/10/2014","within an hour","f",2,"t","Sydney",-33.88033,151.21544,"Entire home/apt",2,1,1,"$123.00",2,300,7,236,3,4.59,"f",1.99
370,"23/01/2015","N/A","f",1,"t","Waverley",-33.88802,151.27257,"Entire home/apt",2,NA,1,"",21,50,0,33,0,4.85,"t",0.37
5860,"23/06/2014","within an hour","t",2,"t","Hornsby",-33.76774062,151.0901634,"Entire home/apt",4,1,1,"$179.00",2,1125,15,107,0,4.93,"f",2.63
6581,"11/09/2014","within a day","f",1,"t","Warringah",-33.75982,151.26502,"Entire home/apt",9,2,5,"$855.00",4,14,0,6,0,4.5,"f",0.2
10425,"22/12/2015","within an hour","t",1,"t","Manly",-33.79234938,151.2476729,"Entire home/apt",2,1,0,"$270.00",1,365,14,195,7,4.88,"f",10.37
9469,"9/10/2023","within an hour","f",1,"t","Bankstown",-33.94845,151.025,"Entire home/apt",6,1,3,"$115.00",90,365,2,42,1,4.55,"t",2.15
8866,"11/07/2023","within an hour","t",1,"t","Marrickville",-33.8949644,151.1719492,"Entire home/apt",2,1,1,"$241.00",3,365,4,31,0,4.97,"f",1.36
10443,"21/10/2023","within an hour","f",42,"t","Woollahra",-33.8858,151.22956,"Entire home/apt",6,NA,2,"",90,365,0,10,0,4.2,"t",0.56
9420,"26/08/2016","within an hour","f",78,"t","Waverley",-33.89176941,151.2466863,"Private room",3,1,0,"$155.00",1,90,29,55,1,4.65,"t",2.33
15516,"8/09/2017","within an hour","f",11,"t","Strathfield",-33.86115,151.06088,"Entire home/apt",7,2,3,"$167.00",2,365,19,18,2,4.67,"f",3.14
4101,"13/08/2019","within an hour","",37,"t","Waverley",-33.89147,151.2728,"Entire home/apt",3,1,1,"$250.00",3,90,24,71,0,4.7,"f",1.06
11356,"24/02/2013","within an hour","t",92,"t","Mosman",-33.83408703,151.2307132,"Entire home/apt",8,1,3,"$205.00",4,365,14,43,3,4.51,"t",2.69
4455,"23/02/2015","within a day","f",1,"t","Waverley",-33.89346,151.27289,"Entire home/apt",2,1,1,"$540.00",2,1125,27,50,0,4.9,"f",0.75
15818,"26/11/2023","within an hour","t",43,"t","Sydney",-33.8743056,151.221371,"Entire home/apt",8,2,3,"$233.00",1,365,16,16,4,4.75,"t",3.93
10191,"12/11/2018","within an hour","f",8,"t","Waverley",-33.88667,151.28285,"Entire home/apt",6,1,2,"$278.00",4,364,11,11,1,4.73,"t",0.6
9972,"30/01/2016","N/A","f",1,"t","Manly",-33.79209906,151.2629976,"Entire home/apt",8,3,5,"$990.00",6,14,0,0,0,NA,"f",NA
1469,"9/02/2016","within an hour","t",1,"t","Manly",-33.79739,151.28485,"Entire home/apt",4,1,2,"$442.00",1,1125,28,410,1,4.73,"f",4
15827,"21/11/2020","within a day","f",5,"t","Burwood",-33.87763898,151.1061093,"Entire home/apt",4,1,1,"$1,560.00",1,365,29,0,0,NA,"t",NA
1157,"16/03/2012","within an hour","t",14,"t","Sydney",-33.88647,151.19801,"Entire home/apt",4,1,1,"$180.00",5,1125,3,304,2,4.88,"f",2.75
13732,"13/12/2013","within an hour","t",4,"t","Manly",-33.79124,151.28515,"Private room",2,1,1,"$154.00",2,7,26,18,0,4.83,"f",2.11
6149,"24/02/2013","within an hour","t",92,"t","Warringah",-33.75984,151.20585,"Entire home/apt",8,2.5,4,"$205.00",7,365,13,8,1,3.38,"t",0.32
426,"4/05/2012","within a day","f",1,"t","Randwick",-33.94182211,151.2378816,"Entire home/apt",4,2,2,"$228.00",10,730,0,15,0,4.67,"f",0.16
9488,"11/01/2023","within an hour","",12,"t","Botany Bay",-33.92493,151.18357,"Entire home/apt",4,1,1,"$159.00",3,365,8,64,3,4.78,"f",3.11
2745,"13/11/2014","within a day","t",82,"t","Pittwater",-33.60134,151.32724,"Entire home/apt",4,1,2,"$605.00",1,1125,0,8,0,5,"f",0.13
1344,"28/09/2014","within a few hours","",8,"t","Sydney",-33.86987,151.22575,"Entire home/apt",2,1,0,"$155.00",1,1125,10,701,2,4.92,"f",6.8
698,"23/02/2014","within an hour","t",1,"t","Sutherland Shire",-34.06357,151.15109,"Entire home/apt",2,1,0,"$144.00",2,1125,29,188,0,4.88,"f",1.63
2308,"26/09/2017","a few days or more","f",3,"t","Randwick",-33.91917,151.22638,"Private room",2,1,0,"$50.00",365,365,29,0,0,NA,"f",NA
17718,"27/11/2017","within an hour","t",2,"t","Manly",-33.7927915,151.2826971,"Entire home/apt",8,3.5,4,"$855.00",4,30,0,0,0,NA,"f",NA
14570,"23/10/2024","within an hour","t",3,"t","Ryde",-33.78112257,151.1171525,"Entire home/apt",3,1,2,"$207.00",2,188,9,11,0,4.64,"f",1.63
4195,"28/01/2020","within an hour","f",9,"t","Sydney",-33.87487,151.21396,"Entire home/apt",2,1,1,"$128.00",4,1125,2,145,2,4.82,"t",2.29
11753,"29/02/2024","within a few hours","f",1,"t","Pittwater",-33.6086469,151.3299582,"Entire home/apt",10,2.5,4,"$1,029.00",2,365,21,3,0,5,"f",0.91
8417,"25/01/2022","within a few hours","t",1,"t","North Sydney",-33.8331784,151.2243985,"Entire home/apt",5,1,2,"$187.00",3,365,4,101,3,4.86,"t",4.03
337,"18/01/2013","within a few hours","f",1,"t","Manly",-33.7934,151.27906,"Entire home/apt",6,2,3,"$550.00",7,100,27,29,0,5,"f",0.29
176,"15/07/2012","within an hour","f",1,"t","Randwick",-33.91346,151.25206,"Private room",1,1,1,"$70.00",28,730,1,29,0,4.79,"f",0.19
13098,"22/06/2015","N/A","f",1,"t","Sydney",-33.8934,151.19622,"Entire home/apt",2,NA,1,"",1,30,0,3,0,5,"f",0.33
6913,"19/10/2022","within an hour","t",1,"t","Marrickville",-33.89174,151.17329,"Entire home/apt",10,2,4,"$638.00",4,120,12,65,1,4.94,"f",2.11
17557,"2/04/2018","within a few hours","f",5,"t","Woollahra",-33.8767865,151.2338204,"Entire home/apt",2,1,0,"$115.00",28,210,19,1,0,4,"f",0.67
2578,"28/12/2017","N/A","f",1,"t","Pittwater",-33.69945,151.30135,"Entire home/apt",10,3,4,"$225.00",90,1123,28,1,0,5,"f",0.01
9791,"21/05/2017","within an hour","f",1,"t","Sydney",-33.86654118,151.223889,"Entire home/apt",2,1,1,"$147.00",2,90,16,52,5,4.79,"f",2.75
3395,"26/02/2017","within an hour","t",3,"t","Hornsby",-33.547,151.22629,"Private room",2,1,1,"$98.00",1,5,27,46,1,4.85,"t",0.63
4532,"3/08/2015","within a day","f",1,"t","Warringah",-33.71329,151.30172,"Entire home/apt",8,3.5,4,"$1,279.00",3,14,21,15,1,5,"f",0.26
16551,"21/10/2022","within an hour","f",60,"t","Parramatta",-33.8098119,151.0054636,"Entire home/apt",4,1,1,"$140.00",2,365,29,2,1,3,"f",0.65
12313,"23/12/2020","within an hour","f",44,"t","Sydney",-33.85998,151.20466,"Private room",2,1,1,"$142.00",1,365,1,4,0,4.5,"f",0.39
634,"8/12/2014","N/A","f",1,"t","Manly",-33.79563,151.24209,"Entire home/apt",8,NA,5,"",90,600,0,12,0,4.58,"f",0.12
11030,"22/11/2014","within a day","f",1,"f","Warringah",-33.74611995,151.265692,"Entire home/apt",6,1,4,"$200.00",21,90,0,1,0,5,"f",0.09
81,"14/12/2011","within an hour","t",1,"t","Sydney",-33.87425,151.223,"Entire home/apt",2,1,1,"$135.00",3,365,3,18,2,4.89,"f",0.11
2320,"31/08/2017","within an hour","f",54,"t","Willoughby",-33.82193,151.1937,"Entire home/apt",2,1,1,"$196.00",18,1125,13,6,0,4.83,"t",0.25
12461,"28/05/2017","within an hour","f",50,"t","Burwood",-33.87493024,151.1004814,"Entire home/apt",6,2,2,"$226.00",5,365,11,27,1,4.52,"f",2.17
16315,"8/10/2020","within an hour","f",29,"t","Pittwater",-33.6537457,151.2852734,"Entire home/apt",9,2,4,"$2,400.00",7,1125,0,0,0,NA,"f",NA
10730,"19/01/2024","N/A","f",1,"t","Sutherland Shire",-34.0387702,151.1594593,"Entire home/apt",2,1,1,"$165.00",1,21,22,3,0,4.67,"f",0.19
7171,"10/07/2013","within an hour","f",244,"t","Waverley",-33.89392,151.25527,"Entire home/apt",4,NA,2,"",1,1125,0,4,0,5,"t",0.17
4920,"28/01/2020","within an hour","f",1,"t","Waverley",-33.89385,151.27251,"Entire home/apt",2,1,1,"$191.00",2,1125,3,5,0,4.6,"t",0.09
16217,"25/10/2024","N/A","f",1,"t","North Sydney",-33.82459779,151.2263791,"Entire home/apt",4,1,1,"$144.00",1,365,0,2,0,5,"t",0.56
17255,"1/05/2025","within a few hours","f",3,"t","Sydney",-33.88831,151.20861,"Entire home/apt",4,2,2,"$185.00",2,90,10,0,0,NA,"f",NA
743,"28/07/2015","a few days or more","f",1,"t","Sydney",-33.87922,151.20607,"Private room",2,1,1,"$130.00",90,1125,29,107,0,4.79,"f",0.89
4061,"5/11/2012","N/A","f",1,"f","Waverley",-33.88372,151.2796,"Entire home/apt",4,NA,2,"",2,1125,0,1,0,4,"f",0.02
17252,"17/03/2012","within an hour","f",1,"t","Randwick",-33.9197599,151.2476711,"Entire home/apt",2,2,1,"$130.00",7,100,0,3,3,5,"f",3
16700,"3/07/2015","within an hour","f",3,"t","Hurstville",-33.9839957,151.0424504,"Entire home/apt",6,2,2,"$400.00",3,365,22,0,0,NA,"f",NA
11683,"19/05/2014","within an hour","",124,"t","Lane Cove",-33.80996,151.15563,"Entire home/apt",5,2,3,"$451.00",84,1125,0,0,0,NA,"t",NA
4049,"17/02/2018","within a few hours","t",2,"t","Manly",-33.80362,151.28957,"Entire home/apt",4,1,2,"$337.00",5,730,22,77,0,4.83,"f",1.15
17164,"14/03/2018","within an hour","f",44,"t","Canada Bay",-33.82945194,151.0874164,"Entire home/apt",8,NA,3,"",2,365,0,4,2,3.75,"f",2.45
9887,"4/12/2018","within an hour","f",2,"t","Ku-Ring-Gai",-33.73169,151.12467,"Entire home/apt",2,1,1,"$184.00",1,365,0,20,0,4.35,"t",1.02
10155,"23/08/2023","within an hour","f",3,"t","Parramatta",-33.8206493,151.0027874,"Entire home/apt",4,2,2,"$204.00",2,365,16,24,0,4.21,"t",1.36
7399,"13/04/2016","N/A","f",1,"t","Parramatta",-33.82346938,151.0214922,"Entire home/apt",2,1,1,"$400.00",90,365,29,1,0,5,"f",0.06
16170,"14/11/2014","within a day","t",13,"t","Sydney",-33.8836447,151.1758945,"Entire home/apt",3,1,1,"$623.00",5,365,29,0,0,NA,"f",NA
5857,"20/05/2015","within an hour","f",11,"t","Leichhardt",-33.88639,151.1723,"Private room",2,1,1,"$77.00",2,365,0,71,1,4.62,"f",1.69
2708,"28/03/2016","within an hour","t",2,"t","Woollahra",-33.8684082,151.2741089,"Private room",2,1,1,"$71.00",1,8,21,33,2,4.88,"f",1.37
6335,"1/07/2016","N/A","f",1,"t","Waverley",-33.892616,151.2702919,"Entire home/apt",4,NA,2,"",90,365,0,13,0,4.92,"f",0.43
6324,"23/05/2012","within a few hours","t",117,"t","Waverley",-33.88947678,151.2829132,"Entire home/apt",4,NA,2,"",5,89,0,0,0,NA,"f",NA
2419,"23/06/2018","N/A","f",1,"t","Ku-Ring-Gai",-33.78534,151.17963,"Entire home/apt",4,1,1,"$126.00",90,180,29,25,0,4.48,"t",0.29
15644,"17/04/2018","within an hour","",24,"t","Sydney",-33.87574,151.20448,"Entire home/apt",4,2,2,"$403.00",3,365,6,0,0,NA,"f",NA
9565,"16/03/2022","within an hour","f",2,"t","Ku-Ring-Gai",-33.74544907,151.1355856,"Entire home/apt",7,2,5,"$302.00",1,365,0,25,0,4.36,"f",3.35
5011,"15/10/2020","within an hour","f",1,"t","Pittwater",-33.64233,151.31753,"Entire home/apt",4,2.5,3,"$850.00",90,200,22,0,0,NA,"f",NA
13293,"15/02/2013","within a day","f",1,"t","Randwick",-33.91927947,151.2519527,"Entire home/apt",6,1,3,"$180.00",9,24,1,1,0,5,"f",0.12
4025,"21/10/2017","N/A","f",1,"f","Pittwater",-33.65679,151.30706,"Entire home/apt",5,1,2,"$340.00",90,1125,28,3,0,4.67,"f",0.04
3386,"16/04/2019","within an hour","t",21,"t","Marrickville",-33.91864,151.16138,"Entire home/apt",4,1,1,"$134.00",2,1125,8,94,0,4.8,"f",1.26
11997,"30/03/2018","within an hour","f",2,"t","Camden",-34.01573,150.78345,"Entire home/apt",8,2.5,4,"$474.00",2,30,21,8,0,5,"f",0.7
14026,"13/09/2015","N/A","f",2,"t","Ku-Ring-Gai",-33.75543942,151.1834095,"Private room",2,1,1,"$61.00",3,60,29,0,0,NA,"f",NA
3436,"4/06/2014","within a day","f",0,"t","Mosman",-33.81947,151.23787,"Entire home/apt",7,NA,4,"",90,1125,0,0,0,NA,"f",NA
16406,"2/08/2017","within an hour","t",3,"t","Auburn",-33.8496114,151.0612483,"Entire home/apt",6,2,3,"$245.00",3,365,8,11,2,4.45,"f",2.89
2378,"13/05/2014","within an hour","f",55,"t","Sydney",-33.86944,151.20356,"Entire home/apt",2,1,1,"$237.00",90,1125,28,12,0,4.75,"f",0.13
12378,"22/11/2021","within an hour","t",6,"t","North Sydney",-33.84394,151.22833,"Private room",2,0,1,"$204.00",1,365,29,2,0,4.5,"t",0.27
15762,"25/08/2019","within an hour","f",169,"t","Rockdale",-33.9608289,151.1193149,"Private room",2,2,1,"$53.00",1,89,28,7,2,4.14,"f",1.86
5323,"19/03/2021","within a day","f",1,"f","Randwick",-33.90407,151.22534,"Private room",1,1,1,"$66.00",90,1125,29,1,0,3,"t",0.04
15616,"15/09/2024","within an hour","t",22,"t","Sydney",-33.8706879,151.1938642,"Entire home/apt",8,2,4,"$310.00",4,365,17,21,5,4.71,"f",4.41
4073,"11/11/2019","within an hour","f",2,"t","Mosman",-33.82878,151.24049,"Entire home/apt",3,1,2,"$225.00",3,7,20,10,0,5,"f",0.15
5230,"5/04/2014","N/A","f",2,"t","Warringah",-33.73112,151.29538,"Entire home/apt",12,3.5,5,"$1,532.00",90,1125,28,0,0,NA,"f",NA
3775,"24/07/2012","within a few hours","t",126,"t","Pittwater",-33.59954334,151.3204867,"Entire home/apt",10,4,5,"$1,559.00",1,1125,27,4,0,5,"f",0.06
11970,"19/05/2018","within an hour","t",1,"t","Penrith",-33.72905919,150.710953,"Entire home/apt",2,1,1,"$154.00",2,14,25,33,2,4.91,"f",2.42
1993,"6/08/2016","N/A","f",5,"t","Parramatta",-33.79659,151.04102,"Private room",1,NA,NA,"",14,730,0,49,0,4.73,"f",0.53
2791,"12/04/2017","within an hour","f",14,"t","Sydney",-33.88256,151.19594,"Private room",5,1,1,"$262.00",1,90,16,52,1,4.75,"t",0.9
2519,"16/09/2015","N/A","f",1,"t","Leichhardt",-33.85455,151.17609,"Entire home/apt",4,1,1,"$120.00",90,1125,0,13,0,4.15,"f",0.15
5325,"15/09/2016","N/A","f",2,"t","Sydney",-33.86957,151.19764,"Entire home/apt",6,2,2,"$258.00",90,1125,29,4,0,4.5,"f",0.08
7536,"23/12/2020","within an hour","f",44,"t","Sydney",-33.89925,151.19805,"Private room",2,1,1,"$97.00",1,60,29,42,1,4.64,"f",1.38
4548,"4/08/2013","within an hour","t",68,"t","Randwick",-33.94683,151.24828,"Entire home/apt",12,2.5,4,"$400.00",28,1125,29,18,0,4.67,"f",0.27
6874,"23/04/2015","N/A","f",1,"f","Sydney",-33.87642,151.20414,"Private room",2,NA,1,"",90,120,29,0,0,NA,"f",NA
14081,"3/11/2024","N/A","f",1,"t","Sydney",-33.87588,151.18461,"Entire home/apt",2,NA,1,"",3,365,0,2,0,4,"t",0.32
9119,"8/03/2013","N/A","f",2,"t","The Hills Shire",-33.7525431,151.0277858,"Private room",2,1,2,"$109.00",90,365,26,0,0,NA,"f",NA
3724,"27/10/2017","within a day","f",289,"t","Sydney",-33.86864,151.20559,"Entire home/apt",4,2,2,"$345.00",90,1125,28,0,0,NA,"f",NA
7544,"2/01/2023","N/A","f",2,"t","Pittwater",-33.63651048,151.3100641,"Entire home/apt",4,1,2,"$450.00",90,365,0,23,0,4.96,"f",0.78
11983,"1/12/2023","a few days or more","f",1,"t","Sydney",-33.8824,151.20079,"Private room",2,NA,1,"",90,365,24,1,0,5,"f",0.08
14753,"3/09/2020","within a few hours","f",1,"t","Waverley",-33.8908895,151.2454019,"Entire home/apt",3,1,1,"$196.00",2,365,6,3,0,5,"f",0.55
4600,"16/04/2019","within an hour","t",21,"t","Marrickville",-33.91983,151.16159,"Entire home/apt",2,1,1,"$100.00",2,1125,0,138,0,4.76,"f",2.28
801,"1/12/2015","N/A","f",4,"f","Marrickville",-33.89961,151.13805,"Private room",2,1,1,"$56.00",90,90,29,25,0,4.64,"f",0.22
3026,"3/10/2018","within an hour","f",11,"t","Woollahra",-33.84079,151.28037,"Entire home/apt",6,3,3,"$6,490.00",7,120,22,0,0,NA,"f",NA
8536,"15/11/2022","within a few hours","t",5,"t","Pittwater",-33.60350586,151.3200602,"Entire home/apt",1,NA,1,"",90,1125,0,0,0,NA,"f",NA
12081,"15/10/2023","within a day","f",18,"f","Sydney",-33.89208,151.19513,"Private room",1,1,1,"$68.00",1,365,0,2,0,4.5,"f",0.16
868,"6/06/2013","within an hour","f",3,"t","Sydney",-33.89137,151.21266,"Entire home/apt",2,1,1,"$150.00",7,1124,0,71,0,4.44,"f",0.63
11998,"30/11/2015","within an hour","f",6,"t","Sydney",-33.89433,151.20515,"Entire home/apt",2,1,1,"$115.00",3,365,4,27,3,4.7,"t",1.97
5387,"22/09/2015","within a few hours","f",37,"t","Auburn",-33.82481,151.07789,"Entire home/apt",4,2,2,"$178.00",2,1125,27,12,0,4.33,"f",0.28
2306,"7/05/2017","N/A","t",1,"t","Blacktown",-33.76141,150.86478,"Entire home/apt",5,1,3,"$162.00",90,1125,29,43,0,4.72,"f",0.45
6417,"19/06/2013","within a day","f",1,"t","Randwick",-33.92229,151.24217,"Private room",1,1,2,"$51.00",2,28,28,33,0,4.85,"f",0.97
6713,"11/01/2020","within an hour","t",45,"t","Canada Bay",-33.82757,151.08736,"Entire home/apt",4,2,2,"$211.00",4,365,12,49,0,4.9,"f",1.42
4200,"11/10/2018","within an hour","f",2,"t","Rockdale",-33.94161606,151.1512146,"Entire home/apt",3,1,1,"$99.00",1,28,15,137,1,4.68,"f",2.05
17608,"15/04/2025","within a few hours","f",20,"t","Strathfield",-33.86727877,151.0877124,"Entire home/apt",6,2,3,"$258.00",1,365,26,0,0,NA,"f",NA
17609,"20/04/2015","within an hour","f",1,"t","North Sydney",-33.84555759,151.2024387,"Private room",1,1,1,"$132.00",1,30,13,0,0,NA,"t",NA
14109,"12/11/2014","within a few hours","t",1,"t","Hornsby",-33.5879,151.11521,"Entire home/apt",3,1,1,"$360.00",2,365,21,21,2,4.86,"f",2.8
15255,"15/10/2015","N/A","f",1,"t","Bankstown",-33.95053188,151.0301553,"Entire home/apt",3,1,1,"$118.00",1,65,0,1,0,5,"f",0.18
10512,"6/11/2016","within an hour","f",35,"t","Sydney",-33.87857,151.20908,"Entire home/apt",2,1,0,"$118.00",1,365,17,25,1,4.36,"f",2.34
17474,"2/06/2023","within an hour","f",31,"t","Sydney",-33.8993,151.21307,"Entire home/apt",4,2,2,"$168.00",10,365,23,0,0,NA,"f",NA
14800,"13/08/2017","within a day","f",7,"t","Manly",-33.79494028,151.2868841,"Entire home/apt",8,2.5,3,"$1,200.00",7,90,0,1,0,5,"f",0.19
12702,"27/03/2021","within an hour","t",1,"t","Waverley",-33.88846417,151.2675658,"Entire home/apt",6,1,3,"$746.00",2,90,22,12,1,5,"f",1.05
16966,"16/02/2017","N/A","f",1,"t","Parramatta",-33.81714445,151.0088715,"Entire home/apt",5,2,2,"$224.00",3,90,7,0,0,NA,"f",NA
15486,"14/10/2012","a few days or more","f",1,"t","Randwick",-33.92333,151.22027,"Entire home/apt",6,1,3,"$373.00",3,30,11,2,0,5,"f",0.44
17318,"24/07/2019","N/A","f",912,"t","Sydney",-33.8873869,151.179892,"Entire home/apt",4,2,2,"$224.00",3,365,3,1,0,5,"t",0.79
13422,"30/10/2017","within an hour","t",3,"t","Hornsby",-33.73183744,151.0825557,"Entire home/apt",2,0,1,"$98.00",2,180,29,1,0,5,"f",0.14
2098,"21/08/2016","within an hour","t",7,"t","Hornsby",-33.6927,151.09768,"Private room",1,1,1,"$46.00",7,1125,7,23,0,4.43,"f",0.24
1455,"26/08/2016","within an hour","t",24,"t","Sydney",-33.87906,151.2096,"Entire home/apt",3,1,1,"$380.00",1,1125,29,125,0,4.89,"f",1.19
16045,"26/11/2023","within an hour","t",43,"t","Sydney",-33.8572072,151.2068027,"Entire home/apt",6,2,2,"$199.00",1,365,5,19,6,4.95,"t",4.91
12452,"26/04/2010","within an hour","f",51,"t","Waverley",-33.88952,151.28149,"Entire home/apt",4,NA,2,"",3,365,20,16,1,4.25,"t",1.34
17611,"30/10/2013","within an hour","t",4,"t","Hornsby",-33.52721,151.13661,"Entire home/apt",2,1,1,"$297.00",2,365,20,0,0,NA,"t",NA
1957,"22/11/2015","N/A","f",1,"t","Randwick",-33.94088776,151.2377437,"Entire home/apt",4,1,1,"$250.00",10,21,0,4,0,5,"t",0.48
5875,"12/12/2015","within an hour","f",13,"t","Strathfield",-33.86641732,151.0900154,"Entire home/apt",4,1,2,"$121.00",3,365,10,115,3,4.67,"f",3.01
610,"29/05/2012","within a day","f",1,"t","Waverley",-33.89245,151.27283,"Entire home/apt",4,1,1,"$110.00",7,1125,14,95,0,4.4,"f",0.67
1533,"5/02/2016","N/A","f",1,"t","Willoughby",-33.78387,151.2032,"Entire home/apt",12,NA,5,"",7,18,0,3,0,5,"f",0.03
10661,"11/05/2018","within an hour","t",2,"t","Mosman",-33.82398,151.2427814,"Entire home/apt",6,1,2,"$363.00",1,365,29,15,0,4.8,"t",0.94
14370,"11/12/2014","within a day","f",72,"t","Pittwater",-33.61407857,151.3270932,"Entire home/apt",12,3,5,"$1,063.00",2,1125,28,3,1,5,"f",1.96
11067,"11/01/2021","within an hour","f",1,"t","Canterbury",-33.92890228,151.1194,"Private room",4,1,2,"$161.00",3,365,7,8,0,4.88,"f",0.49
2911,"3/08/2014","within an hour","f",1,"t","Randwick",-33.95349,151.24939,"Entire home/apt",2,1,1,"$153.00",2,99,1,52,0,4.94,"f",0.65
17622,"5/12/2024","within an hour","f",22,"t","Sydney",-33.87957976,151.195156,"Entire home/apt",2,1,1,"$135.00",7,365,0,0,0,NA,"f",NA
2623,"6/07/2018","within an hour","f",6,"t","Sydney",-33.90797,151.20225,"Private room",2,NA,1,"",1,1125,29,12,0,4.5,"t",0.24
17833,"24/07/2019","N/A","f",912,"t","Sutherland Shire",-34.05475,151.11076,"Entire home/apt",8,2,4,"$445.00",3,365,14,0,0,NA,"t",NA
10439,"22/11/2014","within an hour","t",23,"t","Sydney",-33.86795926,151.2054324,"Entire home/apt",7,2.5,3,"$700.00",2,365,11,67,7,4.96,"t",3.76
16252,"7/06/2015","within an hour","t",5,"t","Sydney",-33.87539913,151.2234433,"Entire home/apt",4,NA,2,"",7,365,29,2,1,5,"t",1.71
3407,"7/10/2015","N/A","f",2,"t","Ryde",-33.79064,151.09164,"Private room",2,2,3,"$59.00",90,1125,26,1,0,4,"f",0.01
8016,"11/08/2015","within an hour","f",34,"t","Woollahra",-33.88998528,151.2363002,"Entire home/apt",5,1.5,3,"$595.00",4,365,28,0,0,NA,"f",NA
4756,"9/02/2014","within an hour","f",2,"t","Pittwater",-33.60457,151.33064,"Entire home/apt",4,1,2,"$213.00",2,7,0,93,0,4.82,"f",1.67
14591,"9/11/2018","within an hour","f",1,"t","Sydney",-33.87182498,151.2296777,"Entire home/apt",2,NA,1,"",2,10,0,10,1,4.8,"f",1.55
10420,"13/08/2018","within an hour","f",57,"t","Sydney",-33.87806,151.20593,"Entire home/apt",5,2,2,"$223.00",1,365,6,81,4,4.69,"f",4.35
197,"30/12/2014","within a few hours","t",1,"t","Pittwater",-33.61681,151.3351,"Entire home/apt",4,1,1,"$141.00",5,1125,0,368,1,4.91,"f",2.89
16010,"14/10/2015","within an hour","f",1,"t","Botany Bay",-33.9238146,151.1847268,"Entire home/apt",6,2.5,3,"$366.00",2,365,6,15,4,4.93,"f",3.66
12483,"30/04/2023","within an hour","t",1,"t","Bankstown",-33.87122371,150.9961709,"Entire home/apt",2,1,1,"$89.00",1,365,6,51,3,4.84,"t",4.55
15048,"30/11/2024","within an hour","f",10,"t","Sutherland Shire",-34.03996386,151.1201439,"Entire home/apt",2,NA,1,"",7,365,0,2,0,4.5,"f",0.48
1768,"13/05/2014","within an hour","f",55,"t","Sydney",-33.87047,151.20607,"Entire home/apt",4,2,2,"$369.00",90,1125,28,6,0,4.5,"f",0.08
2008,"1/09/2016","within an hour","t",1,"t","Pittwater",-33.67508,151.31426,"Entire home/apt",4,1,2,"$314.00",2,1125,5,219,2,4.98,"t",2.35
5497,"30/06/2015","N/A","f",1,"t","Botany Bay",-33.92484,151.18744,"Private room",2,NA,NA,"",200,365,0,13,0,4.92,"t",0.33
5607,"5/02/2015","within an hour","t",19,"t","Sydney",-33.87259,151.19485,"Entire home/apt",11,2.5,4,"$516.00",4,90,11,64,0,4.83,"f",1.45
14674,"10/11/2024","within an hour","t",2,"t","Holroyd",-33.83971838,150.9885621,"Entire home/apt",5,NA,2,"",1,60,0,0,0,NA,"f",NA
17256,"11/09/2022","within an hour","",6,"t","Willoughby",-33.8044366,151.1997892,"Entire home/apt",2,1,0,"$289.00",2,365,28,1,1,5,"t",1
670,"24/02/2012","within a day","t",1,"t","North Sydney",-33.83846,151.22445,"Entire home/apt",2,1.5,1,"$145.00",5,365,2,104,0,4.92,"f",0.73
7036,"10/07/2013","within an hour","f",244,"t","Woollahra",-33.87387,151.24518,"Entire home/apt",4,1,2,"$327.00",1,1125,2,49,0,4.76,"t",1.53
12627,"10/10/2015","within a day","f",1,"t","Woollahra",-33.8487362,151.2777117,"Entire home/apt",2,NA,1,"",1,28,0,7,0,5,"f",0.77
1361,"13/07/2012","N/A","f",3,"f","Rockdale",-33.92667,151.15517,"Entire home/apt",6,2,2,"$293.00",90,1125,21,131,0,4.68,"f",1.29
9102,"23/09/2020","a few days or more","f",1,"t","Randwick",-33.93238,151.25088,"Entire home/apt",4,2,1,"$250.00",3,365,3,1,0,5,"f",0.17
2499,"8/07/2016","within an hour","f",7,"t","Sydney",-33.87585,151.22575,"Private room",3,1,1,"$247.00",1,999,29,81,0,4.32,"t",0.97
10569,"15/12/2023","within an hour","f",1,"t","Sydney",-33.88037495,151.211304,"Entire home/apt",5,1,2,"$232.00",3,12,16,39,2,4.74,"f",2.45
60,"4/01/2014","within a day","t",1,"t","Waverley",-33.88859,151.27103,"Entire home/apt",2,1,1,"$172.00",2,730,29,216,0,4.77,"f",1.57
5425,"14/02/2013","N/A","f",1,"t","Warringah",-33.78229,151.28613,"Entire home/apt",2,1,1,"$250.00",90,365,26,2,0,4.5,"f",0.07
10928,"24/01/2024","N/A","t",1,"t","Canada Bay",-33.82835926,151.0842798,"Entire home/apt",4,1,2,"$219.00",90,365,0,39,0,4.82,"t",2.37
12292,"23/12/2020","within an hour","f",44,"t","Sydney",-33.8581,151.20257,"Private room",2,1,1,"$107.00",1,30,23,7,0,4.14,"f",0.64
9571,"13/09/2014","N/A","f",2,"t","Sydney",-33.87034093,151.1978193,"Entire home/apt",4,NA,2,"",90,365,18,0,0,NA,"f",NA
14446,"14/03/2018","within an hour","f",44,"t","Ryde",-33.77825396,151.1151086,"Entire home/apt",3,1,1,"$149.00",2,365,8,8,1,4.75,"f",1.25
10323,"21/10/2023","within an hour","f",42,"t","Sydney",-33.88651,151.19806,"Entire home/apt",6,NA,2,"",90,365,0,16,0,4.06,"t",0.85
14383,"15/08/2016","N/A","f",1,"t","Marrickville",-33.89182859,151.1548726,"Entire home/apt",4,NA,1,"",1,270,0,6,0,4.67,"f",1.03
1762,"22/03/2017","within an hour","f",1,"f","Sydney",-33.87979,151.21411,"Entire home/apt",2,NA,1,"",90,180,16,29,0,4.76,"f",0.29
11239,"23/06/2017","within an hour","",26,"t","Sydney",-33.8605312,151.2075118,"Entire home/apt",6,2,2,"$457.00",2,365,12,77,3,4.78,"t",5.18
6300,"20/06/2022","N/A","f",1,"t","Blacktown",-33.7465829,150.8750428,"Entire home/apt",4,1,1,"$620.00",90,365,29,13,0,4.46,"f",0.37
16002,"13/12/2024","within an hour","f",3,"t","Parramatta",-33.82185,151.01981,"Entire home/apt",4,1,1,"$140.00",1,365,29,5,1,3.4,"t",1.09
303,"7/06/2012","within an hour","f",1,"t","Woollahra",-33.87705,151.23272,"Entire home/apt",8,2,3,"$928.00",3,365,25,280,1,4.92,"f",1.85
13695,"30/12/2019","within an hour","t",1,"t","Sydney",-33.8880791,151.1968644,"Entire home/apt",2,1,1,"$150.00",1,30,27,13,1,4.92,"f",1.76
12899,"30/04/2018","within an hour","f",1,"t","Canterbury",-33.91942003,151.0667213,"Entire home/apt",5,1,2,"$149.00",3,1125,19,10,1,4.5,"f",1.18
6761,"11/04/2012","within a few hours","f",1,"t","Leichhardt",-33.87631,151.16715,"Entire home/apt",5,1.5,3,"$356.00",4,23,7,1,0,5,"f",0.03
11152,"14/12/2018","N/A","f",1,"t","Woollahra",-33.8860713,151.2664584,"Entire home/apt",4,2,2,"$427.00",4,365,0,0,0,NA,"f",NA
2690,"6/07/2018","within an hour","f",3,"t","Sydney",-33.88571,151.20177,"Hotel room",2,NA,1,"",1,1125,28,304,1,4.54,"t",3.67
17051,"27/03/2025","within an hour","f",11,"t","Sydney",-33.87007819,151.1937665,"Entire home/apt",6,2.5,3,"$291.00",2,365,7,3,1,4.67,"t",1.76
17200,"2/11/2015","within an hour","f",7,"t","Sydney",-33.91316953,151.2077564,"Entire home/apt",6,2,3,"$280.00",2,365,12,3,2,5,"f",2
16430,"7/11/2016","within an hour","t",5,"t","Sydney",-33.8873956,151.1798896,"Entire home/apt",2,1,1,"$172.00",1,365,0,1,0,5,"f",0.34
11595,"31/08/2017","within an hour","f",54,"t","Ryde",-33.7863772,151.1183701,"Entire home/apt",4,2,2,"$220.00",90,365,0,3,0,4.67,"t",0.24
11696,"13/12/2013","within a day","f",1,"t","Pittwater",-33.6585962,151.3112247,"Entire home/apt",4,1,2,"$256.00",90,90,27,4,0,5,"f",0.28
7769,"24/12/2022","within an hour","t",1,"t","Leichhardt",-33.87804,151.16934,"Entire home/apt",4,1,1,"$179.00",2,1125,9,59,0,4.93,"f",2.11
4491,"18/12/2019","N/A","f",1,"f","Waverley",-33.88994,151.28327,"Private room",2,1,1,"$131.00",90,1125,29,0,0,NA,"t",NA
17726,"14/04/2023","within an hour","f",81,"t","Botany Bay",-33.92276799,151.1858821,"Entire home/apt",5,2,2,"$237.00",1,365,23,0,0,NA,"t",NA
9370,"4/10/2018","N/A","f",1,"t","Canterbury",-33.89672,151.10705,"Entire home/apt",5,NA,2,"",3,60,0,8,0,5,"f",1.09
9163,"1/11/2022","within an hour","f",1,"t","Camden",-34.01325,150.76437,"Entire home/apt",10,2,5,"$235.00",2,365,12,51,1,4.71,"f",2.3
4598,"13/03/2015","within an hour","f",19,"t","Rockdale",-33.95453,151.13595,"Private room",1,1,1,"$55.00",7,180,27,26,1,4.5,"t",0.65
3414,"20/04/2019","N/A","f",1,"t","Warringah",-33.74823,151.23079,"Private room",3,1,3,"$862.00",90,1125,28,0,0,NA,"t",NA
6038,"24/07/2012","within a few hours","t",126,"t","Pittwater",-33.61108,151.32908,"Entire home/apt",8,3,4,"$1,680.00",1,1125,24,4,0,5,"f",0.12
1877,"21/01/2016","within an hour","t",2,"t","Marrickville",-33.89409,151.17239,"Entire home/apt",2,1,1,"$126.00",1,1125,18,326,5,4.92,"f",4.43
13666,"29/05/2021","within an hour","t",2,"t","Sydney",-33.8740052,151.197435,"Entire home/apt",3,1,1,"$187.00",4,365,18,25,0,4.76,"t",3.06
4960,"23/09/2020","within an hour","t",2,"t","Sydney",-33.87478,151.20879,"Entire home/apt",4,2,2,"$362.00",2,1125,5,58,0,4.81,"f",1.09
1493,"11/02/2016","within an hour","t",2,"t","Randwick",-33.95862,151.24399,"Entire home/apt",4,1.5,2,"$286.00",1,1125,16,131,2,4.92,"f",1.24
3723,"15/09/2016","within a few hours","f",39,"t","Pittwater",-33.67594,151.31202,"Entire home/apt",2,1,0,"$175.00",1,1125,21,86,1,4.59,"f",1.23
2110,"24/10/2017","N/A","f",1,"f","The Hills Shire",-33.78544,151.03855,"Private room",3,1,2,"$150.00",90,1125,29,0,0,NA,"f",NA
1496,"30/12/2014","within an hour","t",2,"t","Randwick",-33.92304,151.24851,"Entire home/apt",5,1,2,"$207.00",3,90,0,225,5,4.97,"f",2.19
14806,"24/07/2022","N/A","f",1,"t","Warringah",-33.75139,151.29128,"Entire home/apt",4,NA,2,"",5,30,0,1,0,5,"f",0.18
7959,"24/07/2019","N/A","f",912,"t","Sydney",-33.85913,151.20376,"Entire home/apt",4,1,2,"$285.00",3,365,0,29,0,4.34,"t",1.06
14423,"14/03/2020","within an hour","f",12,"t","Parramatta",-33.82068,151.00517,"Entire home/apt",4,2,2,"$184.00",3,365,10,6,2,5,"f",0.87
17031,"6/06/2016","within an hour","f",37,"t","Sydney",-33.90956767,151.2082571,"Entire home/apt",5,2,3,"$215.00",1,365,27,0,0,NA,"t",NA
7784,"19/01/2022","within an hour","t",42,"t","Hornsby",-33.69913,151.10317,"Entire home/apt",3,NA,1,"",28,365,0,1,0,5,"f",0.03
2149,"8/04/2013","within a few hours","f",1,"t","Woollahra",-33.88154,151.22148,"Entire home/apt",6,1.5,3,"$446.00",2,1125,14,180,0,4.94,"f",1.95
7577,"23/07/2014","N/A","f",1,"t","North Sydney",-33.83002,151.21502,"Entire home/apt",3,1,2,"$168.00",5,20,0,1,0,5,"f",0.18
3954,"23/09/2019","within an hour","t",3,"t","Waverley",-33.88787,151.27349,"Entire home/apt",2,1,0,"$128.00",3,100,2,141,0,4.85,"t",2.04
14346,"5/09/2024","within an hour","f",34,"t","Pittwater",-33.64171216,151.3315172,"Entire home/apt",8,4,4,"$1,349.00",1,1125,26,1,1,5,"f",1
17326,"23/11/2015","within an hour","t",12,"t","Sutherland Shire",-34.01007,151.11503,"Entire home/apt",16,3,5,"$244.00",2,92,0,0,0,NA,"t",NA
8523,"19/09/2019","within an hour","f",1,"t","Canterbury",-33.92954923,151.1225692,"Entire home/apt",6,1,3,"$160.00",1,20,7,76,0,4.57,"f",3.07
3683,"5/09/2016","within an hour","f",4,"f","Auburn",-33.84835,151.07326,"Entire home/apt",4,1,1,"$184.00",1,70,16,2,0,5,"f",0.03
15441,"27/09/2010","within an hour","f",26,"t","Hunters Hill",-33.84111,151.16933,"Entire home/apt",8,2,4,"$405.00",1,1125,10,5,0,5,"t",0.87
2164,"15/10/2012","N/A","f",1,"t","Manly",-33.78889,151.28201,"Entire home/apt",8,NA,4,"",7,30,0,6,0,4.83,"f",0.06
12481,"1/06/2014","within an hour","t",1,"t","Ashfield",-33.8869546,151.1274272,"Entire home/apt",4,1,2,"$141.00",2,730,14,29,2,4.9,"f",2.93
2389,"26/12/2017","within a few hours","f",1,"t","Ryde",-33.79371,151.13831,"Entire home/apt",5,2,2,"$213.00",6,700,0,131,0,4.69,"f",1.49
2468,"22/10/2017","N/A","f",1,"f","The Hills Shire",-33.74975,150.95254,"Private room",2,2,3,"$100.00",90,1125,29,4,0,4.75,"t",0.05
2326,"9/03/2018","within an hour","f",1,"t","Warringah",-33.78677,151.25999,"Entire home/apt",9,2,4,"$223.00",5,28,11,4,0,5,"t",0.15
4322,"26/05/2015","N/A","f",1,"t","Strathfield",-33.85966,151.06517,"Entire home/apt",4,2.5,2,"$139.00",180,1125,22,0,0,NA,"f",NA
9700,"27/09/2023","within an hour","f",1,"t","Sydney",-33.863542,151.207876,"Entire home/apt",2,1,1,"$268.00",90,365,0,11,0,4.91,"t",0.62
17020,"16/12/2014","within a day","f",2,"t","Randwick",-33.9123,151.24803,"Private room",2,NA,NA,"",90,360,0,0,0,NA,"f",NA
7209,"26/01/2018","within an hour","f",13,"t","Willoughby",-33.7955,151.17892,"Entire home/apt",2,1,1,"$143.00",3,365,28,14,0,4.14,"f",0.46
739,"26/07/2015","within an hour","f",1,"t","Pittwater",-33.61761,151.31844,"Private room",4,1,2,"$515.00",2,60,28,60,0,4.93,"f",0.5
6957,"21/10/2022","within an hour","t",1,"t","North Sydney",-33.82378,151.19789,"Entire home/apt",5,2,2,"$244.00",2,90,8,75,1,4.85,"f",2.38
375,"7/04/2014","N/A","f",2,"t","Blacktown",-33.77397,150.89262,"Private room",2,2.5,1,"$61.00",90,1125,28,1,0,5,"f",0.01
11002,"19/08/2015","within an hour","t",1,"t","Waverley",-33.8841044,151.2757408,"Entire home/apt",3,1,2,"$191.00",1,1125,1,87,5,4.92,"f",4.96
1518,"28/08/2014","within an hour","f",4,"t","Bankstown",-33.90344,151.01527,"Private room",1,1,2,"$45.00",4,30,20,34,0,4.74,"f",0.36
866,"25/02/2016","within an hour","t",3,"t","Sydney",-33.88235,151.18274,"Private room",2,1.5,1,"$98.00",1,1125,7,679,7,4.9,"f",6.03
5264,"18/06/2015","within an hour","f",8,"t","Sydney",-33.8813,151.20864,"Private room",4,1,1,"$201.00",1,365,5,56,0,4.61,"t",1.28
491,"6/05/2013","within an hour","f",1,"t","Sydney",-33.87408,151.22425,"Entire home/apt",4,1,1,"$108.00",3,1125,18,154,0,4.72,"t",1.19
11510,"18/07/2012","within an hour","f",1,"t","Warringah",-33.74858,151.2439,"Entire home/apt",8,2.5,5,"$476.00",21,365,19,0,0,NA,"f",NA
14544,"29/11/2023","within an hour","f",46,"t","Ku-Ring-Gai",-33.7783412,151.1654329,"Private room",2,1,1,"$83.00",1,365,6,7,2,3.86,"f",1.3
2538,"19/05/2013","within a day","f",1,"t","North Sydney",-33.8316,151.19204,"Entire home/apt",4,NA,1,"",3,4,0,63,0,4.95,"f",0.77
13546,"7/08/2018","within a day","f",1,"t","Blacktown",-33.72415951,150.8648726,"Entire home/apt",6,2,3,"$300.00",2,365,0,1,0,4,"f",0.12
1911,"20/05/2014","within an hour","t",1,"t","Mosman",-33.82321,151.23185,"Entire home/apt",4,1,2,"$280.00",2,8,0,73,0,5,"f",0.78
10062,"26/04/2014","within an hour","t",15,"t","Waverley",-33.88796,151.2691,"Entire home/apt",4,1,2,"$236.00",3,365,11,9,0,4.78,"f",0.48
12555,"8/09/2015","within an hour","t",4,"t","Sydney",-33.8799242,151.2121212,"Private room",2,2,1,"$106.00",1,365,5,88,6,4.88,"t",8.89
3317,"17/01/2019","within an hour","f",9,"t","Sydney",-33.8576889,151.2055817,"Entire home/apt",2,1,1,"$202.00",2,365,9,187,1,4.53,"t",2.44
9850,"18/10/2023","within an hour","t",1,"t","Sydney",-33.8747581,151.2206718,"Entire home/apt",3,1,1,"$233.00",3,40,26,21,0,5,"f",1.08
3099,"7/11/2017","within an hour","f",3,"t","Blacktown",-33.73345,150.88153,"Private room",2,1,0,"$54.00",2,1125,10,58,0,4.79,"f",0.73
609,"13/05/2012","within a day","t",1,"t","Warringah",-33.7849,151.27432,"Entire home/apt",2,1,0,"$220.00",2,21,17,83,0,4.83,"f",0.71
8557,"21/11/2011","within an hour","f",26,"t","Liverpool",-33.92057832,150.9082292,"Entire home/apt",4,NA,NA,"",1,365,25,6,0,4.33,"f",0.25
12509,"29/12/2012","within an hour","t",1,"t","Pittwater",-33.63756,151.28159,"Entire home/apt",3,1,1,"$366.00",2,365,24,22,1,5,"f",2.21
5879,"25/08/2017","within an hour","t",1,"t","Sydney",-33.88428136,151.1760143,"Entire home/apt",2,1,1,"$162.00",21,40,9,31,3,4.97,"f",1.26
6499,"24/10/2011","within an hour","t",75,"t","Manly",-33.80638,151.25377,"Entire home/apt",2,NA,1,"",3,21,0,3,0,5,"f",0.09
13144,"1/10/2012","within an hour","f",45,"t","Sydney",-33.8851807,151.2085315,"Entire home/apt",2,1,1,"$196.00",2,90,3,29,1,4.72,"t",2.66
4744,"30/10/2013","within an hour","t",4,"t","Hornsby",-33.52918,151.13856,"Entire home/apt",2,1,1,"$280.00",2,30,18,102,0,4.88,"t",1.8
14466,"20/01/2015","N/A","f",1,"t","Sydney",-33.88516,151.20853,"Entire home/apt",3,NA,1,"",3,10,0,3,0,5,"f",0.54
17728,"5/08/2014","a few days or more","f",1,"t","North Sydney",-33.8484149,151.2039753,"Entire home/apt",2,1,1,"$200.00",3,365,27,0,0,NA,"f",NA
16800,"12/04/2019","within an hour","f",63,"t","Ryde",-33.8107895,151.1024049,"Private room",2,1.5,1,"$52.00",1,89,23,1,0,4,"f",0.48
3876,"9/09/2019","within an hour","f",19,"f","Manly",-33.7893354,151.28619,"Entire home/apt",2,1,1,"$201.00",2,365,28,42,1,4.43,"f",0.62
3427,"9/09/2015","within a day","f",27,"t","North Sydney",-33.84404,151.21353,"Entire home/apt",6,3,3,"$809.00",90,1125,0,0,0,NA,"f",NA
13363,"2/07/2016","within an hour","t",1,"t","Warringah",-33.7824608,151.2863357,"Entire home/apt",3,1,1,"$175.00",3,365,29,8,0,5,"f",0.92
14860,"10/03/2015","N/A","f",1,"t","Pittwater",-33.6703442,151.3112248,"Entire home/apt",4,1,2,"$580.00",7,9,29,0,0,NA,"f",NA
9818,"1/08/2023","within an hour","t",2,"t","Botany Bay",-33.95275,151.23081,"Entire home/apt",2,1.5,1,"$259.00",1,1,12,0,0,NA,"f",NA
8319,"25/09/2018","within a few hours","t",1,"t","Warringah",-33.75546832,151.2952336,"Entire home/apt",2,1,1,"$315.00",2,1125,22,12,0,4.83,"f",1.63
14058,"11/07/2021","within an hour","t",28,"t","Waverley",-33.86374,151.28102,"Private room",3,2,1,"$162.00",2,365,0,7,0,5,"f",0.94
236,"27/05/2014","within an hour","t",61,"t","Waverley",-33.90105,151.25691,"Entire home/apt",10,3.5,5,"$800.00",5,90,29,9,0,5,"f",0.18
13079,"1/10/2012","within an hour","f",45,"t","Manly",-33.7939492,151.286677,"Entire home/apt",6,2.5,3,"$507.00",3,90,16,17,1,4.76,"f",1.95
6366,"1/08/2019","within a day","f",10,"t","Woollahra",-33.86503,151.27051,"Entire home/apt",8,4,4,"$3,520.00",7,1125,22,0,0,NA,"f",NA
7061,"15/10/2022","N/A","f",1,"t","Sydney",-33.87272,151.2071,"Entire home/apt",4,NA,1,"",3,365,0,13,0,5,"f",0.41
12412,"15/03/2016","within a few hours","f",1,"t","Pittwater",-33.70187,151.27954,"Entire home/apt",10,3,4,"$810.00",2,365,16,7,1,5,"f",1.26
6225,"24/07/2019","N/A","f",912,"t","Marrickville",-33.8985473,151.1447759,"Entire home/apt",2,1,0,"$142.00",3,365,29,25,0,4.4,"t",0.66
6330,"12/09/2017","N/A","f",1,"t","Woollahra",-33.881882,151.221085,"Entire home/apt",6,NA,3,"",90,365,0,13,0,5,"f",0.34
17354,"19/05/2012","within an hour","f",1,"t","Randwick",-33.9412208,151.2350176,"Entire home/apt",2,1,1,"$146.00",3,365,4,4,3,5,"t",3
16003,"18/08/2022","within an hour","f",10,"t","The Hills Shire",-33.7339634,150.9677195,"Private room",5,2,2,"$338.00",1,90,17,0,0,NA,"t",NA
12731,"28/02/2023","N/A","f",1,"t","Sydney",-33.87429232,151.2261299,"Private room",2,0.5,1,"$224.00",1,365,29,1,0,5,"f",0.09
10511,"18/12/2016","within a few hours","t",2,"t","Waverley",-33.89249907,151.2543875,"Entire home/apt",5,1,1,"$250.00",6,365,4,21,0,4.9,"f",1.19
16595,"12/04/2019","within an hour","f",63,"t","Blacktown",-33.7762407,150.9313796,"Private room",2,1,1,"$70.00",1,89,27,0,0,NA,"f",NA
3786,"1/07/2019","N/A","f",1,"t","Canada Bay",-33.86529,151.12827,"Private room",5,1,2,"$107.00",90,1125,29,1,0,5,"t",0.01
2880,"5/09/2018","N/A","f",1,"t","Parramatta",-33.78726,151.08072,"Private room",2,1,2,"$162.00",90,1125,29,1,0,5,"t",0.01
9021,"14/02/2019","within an hour","t",1,"t","Hornsby",-33.68628669,151.0979679,"Private room",2,1.5,1,"$97.00",1,21,0,112,5,5,"f",4.77
12646,"24/10/2016","within an hour","f",72,"t","Manly",-33.79889,151.28381,"Entire home/apt",4,1,0,"$185.00",2,45,15,18,1,4.83,"t",1.99
9481,"5/01/2023","within an hour","f",50,"t","Randwick",-33.9455105,151.2405053,"Private room",2,2,1,"$80.00",4,75,28,17,0,3.88,"f",0.81
14645,"25/01/2016","within a day","f",2,"t","North Sydney",-33.83598054,151.2205522,"Entire home/apt",2,1,1,"$194.00",4,365,29,0,0,NA,"f",NA
11164,"7/07/2019","within an hour","f",3,"t","Rockdale",-33.93981,151.1064839,"Entire home/apt",2,1,0,"$102.00",1,365,26,12,0,4.08,"f",0.78
2588,"21/12/2015","N/A","f",6,"f","Penrith",-33.79885,150.78475,"Private room",2,NA,5,"",90,1125,0,0,0,NA,"f",NA
11056,"1/05/2015","N/A","f",1,"t","Randwick",-33.96033769,151.2341479,"Entire home/apt",5,NA,4,"",90,365,0,0,0,NA,"f",NA
45,"26/12/2013","within an hour","f",1,"t","North Sydney",-33.82197,151.21016,"Entire home/apt",4,NA,2,"",90,365,0,0,0,NA,"f",NA
6708,"7/09/2022","N/A","f",1,"t","Waverley",-33.89530294,151.2740983,"Entire home/apt",2,1,1,"$500.00",90,365,26,9,0,4.89,"f",0.29
15568,"25/05/2021","N/A","f",1,"t","Campbelltown",-34.02908,150.80753,"Entire home/apt",6,1,3,"$314.00",1,7,0,0,0,NA,"f",NA
15790,"4/12/2024","within a few hours","f",53,"t","Sydney",-33.91279,151.209,"Entire home/apt",4,1,2,"$282.00",7,40,0,1,0,1,"f",0.21
1997,"8/10/2017","within an hour","f",1,"t","Sutherland Shire",-34.05373,151.03175,"Entire home/apt",2,1,1,"$119.00",2,35,7,97,2,4.76,"f",1.05
3527,"2/06/2015","within an hour","t",1,"t","Warringah",-33.77024,151.22018,"Private room",4,1,1,"$108.00",1,730,29,120,1,4.68,"f",1.69
744,"31/03/2011","N/A","f",1,"f","Sydney",-33.9047766,151.1922838,"Entire home/apt",6,NA,4,"",28,365,0,1,0,5,"f",0.17
15445,"29/01/2016","N/A","f",15,"t","Sydney",-33.90241195,151.2062332,"Entire home/apt",4,NA,2,"",7,365,0,1,0,3,"f",0.23
14163,"17/10/2022","within a few hours","f",1,"t","The Hills Shire",-33.63399,150.95158,"Entire home/apt",7,2,4,"$663.00",2,365,16,2,1,5,"f",0.52
8363,"3/01/2017","within a few hours","t",3,"f","Sydney",-33.86174,151.21394,"Entire home/apt",2,1,1,"$375.00",3,7,13,19,3,5,"f",0.83
3249,"15/05/2019","within an hour","t",3,"t","Rockdale",-33.95537,151.14422,"Entire home/apt",2,1,2,"$115.00",1,60,29,226,3,4.75,"t",3.06
17033,"6/06/2016","within an hour","f",37,"t","Sydney",-33.88733304,151.1776338,"Entire home/apt",3,1,1,"$150.00",1,365,30,4,0,3.75,"t",1.9
6455,"19/07/2022","within a day","f",1,"t","The Hills Shire",-33.71275,150.99624,"Entire home/apt",6,2.5,3,"$395.00",4,1125,14,18,0,5,"f",0.56
4642,"22/12/2016","within an hour","f",120,"t","Sydney",-33.8858,151.21089,"Entire home/apt",2,1,1,"$225.00",4,365,9,64,0,4.55,"f",1.11
9861,"21/12/2019","N/A","f",1,"t","Hornsby",-33.74077,151.06586,"Entire home/apt",4,2,2,"$187.00",90,365,29,30,0,4.8,"f",1.44
3268,"21/01/2019","N/A","f",1,"t","Sydney",-33.87524,151.22347,"Hotel room",2,1,0,"$352.00",1,1125,29,112,0,4.32,"t",1.45
10264,"7/08/2016","N/A","f",1,"t","Warringah",-33.75401892,151.2908625,"Entire home/apt",2,NA,1,"",4,14,0,2,0,5,"f",0.34
8764,"8/02/2022","within an hour","t",1,"f","The Hills Shire",-33.47834803,150.9191881,"Entire home/apt",7,1,3,"$390.00",1,14,15,20,2,4.9,"t",0.84
7966,"1/02/2017","within an hour","t",2,"t","Willoughby",-33.81986,151.19325,"Private room",1,NA,1,"",14,365,0,1,0,5,"f",0.04
15607,"2/12/2021","within an hour","f",2,"t","Manly",-33.80506505,151.2837729,"Entire home/apt",4,1,2,"$313.00",2,1125,22,1,1,5,"t",1
4899,"17/05/2016","within an hour","f",1,"t","Sydney",-33.89217,151.18454,"Entire home/apt",2,1,1,"$231.00",5,20,27,34,0,4.76,"f",0.65
15273,"23/10/2018","N/A","f",1,"t","Sydney",-33.87171835,151.2264358,"Entire home/apt",2,1,1,"$200.00",7,365,24,0,0,NA,"t",NA
9406,"20/07/2015","within an hour","f",1,"t","Pittwater",-33.6662315,151.3117032,"Entire home/apt",2,1,1,"$356.00",2,365,2,48,0,4.85,"t",2.32
17879,"29/01/2016","N/A","f",15,"t","Sydney",-33.91262,151.21113,"Entire home/apt",4,2,2,"$157.00",5,365,27,0,0,NA,"f",NA
16262,"20/11/2018","within an hour","f",7,"t","Leichhardt",-33.85873946,151.1853506,"Entire home/apt",6,1,3,"$316.00",2,365,14,12,1,4.83,"f",3.19
4587,"20/04/2016","within an hour","t",1,"t","Willoughby",-33.80548,151.17785,"Entire home/apt",2,1,1,"$142.00",5,62,4,79,2,4.99,"t",1.35
1615,"21/04/2016","within an hour","t",2,"t","Bankstown",-33.90134,151.02743,"Private room",2,1,1,"$46.00",2,1125,29,61,0,4.74,"t",0.57
12321,"18/11/2019","within an hour","t",2,"t","Burwood",-33.86974133,151.1035351,"Private room",2,1,1,"$77.00",1,28,5,18,0,4.72,"f",1.62
11703,"11/12/2011","within an hour","t",1,"t","Waverley",-33.88725962,151.2785105,"Entire home/apt",2,NA,1,"",8,365,16,22,1,4.91,"f",1.66
7599,"30/11/2022","within an hour","",2,"t","Canada Bay",-33.86831516,151.105133,"Entire home/apt",2,1,1,"$156.00",2,5,25,101,1,4.92,"f",3.34
14641,"14/04/2023","within an hour","f",81,"t","Sydney",-33.87718051,151.2041307,"Entire home/apt",4,2,2,"$328.00",1,365,29,15,0,4.93,"t",2.53
11781,"20/06/2016","N/A","f",1,"f","Randwick",-33.95591562,151.2310662,"Entire home/apt",2,1,2,"$212.00",90,365,28,1,0,5,"f",0.1
648,"9/11/2011","within an hour","t",2,"t","Leichhardt",-33.86113578,151.171219,"Private room",2,1,1,"$138.00",2,120,29,129,0,4.91,"f",1.08
13786,"22/10/2016","within an hour","t",22,"t","Canada Bay",-33.8677034,151.1033866,"Entire home/apt",8,3,4,"$284.00",5,365,13,11,0,4.64,"t",1.3
8247,"19/04/2018","within an hour","f",59,"t","Rockdale",-33.96010312,151.1384207,"Entire home/apt",6,2,3,"$361.00",3,365,25,8,0,4.75,"f",0.3
6677,"11/04/2022","within an hour","t",6,"t","Waverley",-33.8983,151.27008,"Private room",1,1,1,"$100.00",2,28,23,61,0,4.93,"f",1.84
2769,"9/01/2016","N/A","f",1,"t","Warringah",-33.77088,151.21755,"Entire home/apt",5,2.5,4,"$325.00",4,21,0,9,0,4.78,"f",0.11
11481,"20/05/2017","within a day","t",3,"t","The Hills Shire",-33.63286273,150.9002677,"Private room",2,1,1,"$85.00",2,365,20,9,0,5,"f",0.6
13494,"9/09/2024","within an hour","f",1,"f","The Hills Shire",-33.40678099,150.9709657,"Entire home/apt",8,1.5,2,"$315.00",1,365,26,2,0,4.5,"f",1.02
16349,"25/08/2019","within an hour","f",169,"t","City Of Kogarah",-33.9757935,151.1241767,"Private room",1,1.5,1,"$49.00",1,89,10,1,0,5,"f",0.47
17174,"26/02/2017","within a day","f",1,"t","Sydney",-33.86335583,151.2028867,"Entire home/apt",2,1,1,"$354.00",2,365,22,0,0,NA,"f",NA
12001,"19/04/2018","within an hour","f",59,"t","Strathfield",-33.86529974,151.0886336,"Entire home/apt",5,2,2,"$206.00",2,365,16,6,0,4.83,"t",0.46
5806,"19/04/2016","N/A","f",2,"t","Waverley",-33.89257,151.26069,"Entire home/apt",4,NA,2,"",99,1125,0,51,0,4.73,"f",1.26
4982,"1/02/2016","N/A","f",4,"t","Leichhardt",-33.88141,151.16218,"Entire home/apt",6,1.5,3,"$378.00",5,50,9,26,0,5,"f",0.51
7510,"8/10/2020","within an hour","f",29,"t","Mosman",-33.81962053,151.2509015,"Entire home/apt",5,NA,2,"",2,1125,0,22,0,4.73,"f",0.73
2982,"24/07/2019","N/A","f",912,"t","Sydney",-33.87922,151.18134,"Entire home/apt",2,1,0,"$151.00",3,365,0,27,0,4.26,"t",0.34
7387,"24/07/2012","within a few hours","t",126,"t","Pittwater",-33.59373,151.32324,"Entire home/apt",10,3,4,"$2,164.00",1,1125,29,7,0,5,"f",0.25
15749,"7/04/2023","within an hour","f",67,"t","Ryde",-33.80487,151.07309,"Private room",2,1,1,"$50.00",1,365,26,0,0,NA,"t",NA
7651,"1/10/2014","within an hour","t",1,"t","Manly",-33.8001693,151.2906941,"Entire home/apt",5,1,2,"$274.00",2,65,2,66,1,5,"t",2.19
5676,"20/06/2019","N/A","f",53,"t","Marrickville",-33.9002,151.17202,"Entire home/apt",4,1,2,"$170.00",2,90,0,82,1,4.49,"f",1.86
6945,"20/07/2017","within an hour","t",9,"t","Randwick",-33.9131724,151.2377718,"Entire home/apt",2,1,1,"$155.00",2,365,3,36,2,4.69,"t",1.17
1878,"19/09/2016","N/A","f",2,"t","Warringah",-33.78405,151.28712,"Entire home/apt",4,NA,1,"",90,1125,0,54,0,4.54,"t",0.57
10136,"4/12/2011","within an hour","f",1,"t","Botany Bay",-33.9275,151.20729,"Private room",1,1,1,"$75.00",4,365,27,6,0,5,"f",0.32
15080,"12/12/2024","within a day","f",1,"t","Waverley",-33.89767,151.26013,"Entire home/apt",6,2.5,3,"$701.00",5,25,27,0,0,NA,"f",NA
9709,"21/02/2018","N/A","f",1,"t","Ryde",-33.77427864,151.1188245,"Entire home/apt",3,2,1,"$250.00",10,365,28,2,0,5,"f",0.1
2564,"22/01/2017","N/A","f",1,"t","Canterbury",-33.9251,151.14104,"Private room",2,1,1,"$108.00",90,1125,29,0,0,NA,"f",NA
10599,"1/12/2023","within an hour","f",2,"t","Auburn",-33.82682635,151.0783454,"Entire home/apt",4,1,2,"$151.00",1,365,5,16,3,4.31,"f",1.39
17409,"1/05/2016","within a day","f",1,"t","Sutherland Shire",-34.05796334,151.1550573,"Private room",2,1,1,"$63.00",3,7,24,0,0,NA,"f",NA
7046,"13/06/2015","within an hour","",8,"t","Randwick",-33.92528,151.23352,"Private room",1,1,1,"$76.00",2,1125,29,36,4,4.94,"f",1.17
11086,"13/08/2018","within an hour","f",57,"t","Sydney",-33.88026747,151.2039801,"Entire home/apt",2,1,0,"$142.00",1,365,13,41,0,4.56,"f",2.7
11172,"22/04/2016","N/A","f",1,"t","Canterbury",-33.91669823,151.0793769,"Private room",2,1,1,"$176.00",1,365,28,1,0,5,"f",0.18
9314,"30/03/2017","within a few hours","t",1,"t","Sydney",-33.89395,151.18913,"Entire home/apt",4,1,2,"$279.00",3,60,3,63,4,5,"f",2.96
756,"1/10/2015","within an hour","t",6,"t","Botany Bay",-33.94991,151.229,"Private room",4,1,1,"$108.00",1,1125,0,35,0,4.91,"f",0.3
12941,"6/01/2015","within an hour","f",27,"t","Auburn",-33.8267335,151.078967,"Entire home/apt",2,1,1,"$119.00",3,20,13,27,2,4.59,"f",2.6
17954,"13/01/2025","N/A","f",57,"t","Ashfield",-33.8915427,151.1292348,"Entire home/apt",6,1.5,3,"$160.00",1,365,21,0,0,NA,"f",NA
7743,"20/01/2023","within an hour","f",1,"f","Waverley",-33.89440774,151.2505559,"Entire home/apt",4,1,2,"$270.00",7,25,0,9,0,5,"f",0.34
13857,"8/10/2024","N/A","f",1,"t","Canada Bay",-33.85822,151.14137,"Private room",2,1,1,"$214.00",2,30,29,0,0,NA,"f",NA
13566,"7/12/2015","within an hour","f",4,"t","Sydney",-33.8748288,151.2155158,"Entire home/apt",2,1,1,"$209.00",1,365,4,32,3,4.84,"f",3.68
10738,"14/11/2012","within an hour","f",1,"t","Randwick",-33.90599124,151.2413651,"Entire home/apt",2,1,1,"$214.00",3,90,0,7,0,5,"f",0.39
4506,"15/09/2016","within a few hours","f",39,"t","Pittwater",-33.6723,151.31659,"Entire home/apt",10,3,5,"$2,496.00",1,1125,0,8,0,4.63,"f",0.19
876,"19/09/2014","within an hour","t",4,"t","Sydney",-33.87565,151.22666,"Entire home/apt",2,1,1,"$155.00",1,180,5,354,1,4.84,"f",3.1
3586,"24/07/2012","within a few hours","t",126,"t","Pittwater",-33.60522865,151.3305236,"Entire home/apt",8,3,4,"$1,559.00",1,1125,27,10,0,5,"f",0.17
12214,"5/05/2022","within an hour","f",6,"t","Botany Bay",-33.92482671,151.184733,"Entire home/apt",4,1,2,"$168.00",3,365,16,27,0,4.63,"t",2.18
12573,"13/11/2014","within a day","t",82,"t","Pittwater",-33.62068325,151.3370096,"Entire home/apt",8,5,4,"$1,607.00",1,1125,0,0,0,NA,"f",NA
7040,"27/05/2014","within an hour","t",61,"t","Sydney",-33.87199,151.23131,"Entire home/apt",6,2,3,"$500.00",21,365,8,18,1,4.94,"f",0.56
12142,"12/05/2024","N/A","f",1,"t","Pittwater",-33.69600322,151.287541,"Entire home/apt",6,2,3,"$540.00",4,14,0,2,0,5,"f",0.34
2035,"24/03/2015","N/A","f",1,"t","Mosman",-33.81232,151.24019,"Entire home/apt",8,4.5,5,"$1,000.00",90,1125,22,1,0,5,"f",0.01
12416,"21/08/2016","within an hour","t",3,"t","Waverley",-33.88762582,151.2699702,"Entire home/apt",4,1,2,"$250.00",3,30,27,4,0,5,"f",0.32
1952,"7/12/2016","within an hour","f",6,"t","Sydney",-33.86143,151.20198,"Entire home/apt",5,1,2,"$261.00",3,30,7,292,0,4.7,"f",3.21
8337,"27/06/2017","within an hour","f",46,"t","Mosman",-33.8370093,151.234402,"Entire home/apt",7,2,3,"$370.00",2,45,14,55,0,4.85,"t",2.17
11535,"7/03/2024","within an hour","f",2,"t","Warringah",-33.7544206,151.2960543,"Entire home/apt",10,3,5,"$777.00",2,365,23,16,0,4.75,"t",1.08
12353,"26/08/2016","within an hour","f",78,"t","Warringah",-33.78214266,151.2661682,"Entire home/apt",4,1,1,"$150.00",90,90,29,7,0,4.14,"t",0.63
17269,"4/08/2012","within an hour","f",1,"t","Woollahra",-33.88672009,151.2307922,"Entire home/apt",6,1,2,"$165.00",2,28,8,5,4,4.8,"t",3.85
733,"7/03/2015","within a day","f",11,"t","Manly",-33.79716,151.27471,"Entire home/apt",4,1,2,"$326.00",5,1125,23,63,0,4.78,"f",0.53
15140,"18/03/2024","within an hour","f",10,"t","Marrickville",-33.89387,151.1606,"Entire home/apt",2,NA,1,"",3,365,0,5,0,4.8,"t",0.93
9220,"24/07/2019","N/A","f",912,"t","Marrickville",-33.8985473,151.1447759,"Entire home/apt",2,1,0,"$139.00",3,365,26,14,0,4.86,"t",0.73
12089,"18/12/2019","within an hour","t",25,"t","North Sydney",-33.85158601,151.2172952,"Entire home/apt",12,2,4,"$371.00",1,365,4,10,1,5,"f",0.75
15237,"15/12/2024","within an hour","f",1,"t","Randwick",-33.93097692,151.2315381,"Entire home/apt",6,2.5,3,"$503.00",2,365,29,2,0,5,"t",0.59
5761,"17/02/2010","within an hour","f",1,"t","Warringah",-33.77151,151.29278,"Entire home/apt",8,2,4,"$367.00",3,365,22,23,0,4.65,"f",0.54
169,"17/02/2014","N/A","f",1,"t","Sydney",-33.86803,151.205,"Entire home/apt",5,2,2,"$387.00",90,120,28,85,0,4.46,"f",0.73
2374,"27/04/2012","within an hour","t",3,"t","Woollahra",-33.88212,151.22234,"Entire home/apt",3,1,1,"$474.00",90,365,28,2,0,5,"f",0.02
7317,"19/01/2022","within an hour","t",42,"t","Hornsby",-33.716291,151.1083268,"Entire home/apt",3,1,1,"$148.00",3,365,15,30,0,4.67,"f",1.01
11987,"9/08/2022","within a few hours","f",40,"t","Strathfield",-33.86665,151.08826,"Entire home/apt",4,1,1,"$169.00",1,365,27,1,0,5,"f",0.12
14050,"18/02/2017","within a few hours","t",8,"t","Sutherland Shire",-34.05085685,151.1445328,"Entire home/apt",5,3,4,"$1,144.00",6,365,29,0,0,NA,"f",NA
14120,"12/04/2019","within an hour","f",63,"t","Bankstown",-33.9412469,150.9781479,"Private room",1,1,1,"$42.00",1,89,27,9,1,4.22,"f",1.3
17235,"27/08/2024","within an hour","t",3,"t","Sydney",-33.8754999,151.2005379,"Entire home/apt",7,3,3,"$487.00",3,365,7,2,2,5,"f",2
7983,"23/04/2018","N/A","f",46,"t","Waverley",-33.90907,151.26318,"Entire home/apt",6,2.5,3,"$413.00",1,90,15,36,0,4.58,"t",1.32
4500,"26/07/2015","within an hour","f",1,"t","Sutherland Shire",-34.081329,151.142273,"Entire home/apt",6,1,2,"$180.00",2,28,24,56,0,4.77,"t",0.95
15479,"19/02/2023","within a few hours","f",1,"t","Sydney",-33.88525,151.20879,"Entire home/apt",2,1,1,"$288.00",5,40,13,8,2,5,"f",2
1666,"23/11/2016","N/A","f",1,"t","Waverley",-33.89377,151.25089,"Private room",2,1,1,"$85.00",90,1125,29,0,0,NA,"t",NA
13789,"8/03/2017","within an hour","t",1,"t","Fairfield",-33.89352977,150.9349418,"Entire home/apt",4,1,2,"$143.00",2,365,15,10,1,5,"f",1.28
18168,"7/01/2024","N/A","f",1,"t","Woollahra",-33.88577,151.23855,"Private room",1,3,2,"$437.00",1,365,29,0,0,NA,"f",NA
1659,"21/08/2012","N/A","f",1,"t","Woollahra",-33.88509,151.22961,"Entire home/apt",4,1,2,"$434.00",90,1125,28,126,0,4.81,"f",1.21
5282,"26/07/2021","within an hour","f",1,"t","Sydney",-33.894211,151.199783,"Private room",2,1,1,"$92.00",1,6,19,115,0,4.48,"t",2.58
7584,"11/03/2013","within a day","f",1,"t","Woollahra",-33.8874896,151.26319,"Entire home/apt",2,1,1,"$126.00",5,365,10,7,0,4.57,"f",0.39
9253,"5/10/2012","within an hour","t",2,"t","Waverley",-33.88816219,151.2674866,"Entire home/apt",4,NA,2,"",2,180,0,13,0,5,"f",0.57
17441,"4/07/2016","N/A","f",1,"t","Waverley",-33.89845,151.25144,"Private room",2,1,1,"$150.00",90,365,29,0,0,NA,"f",NA
8420,"28/05/2023","N/A","f",1,"t","Manly",-33.8012308,151.2933424,"Entire home/apt",2,1,1,"$446.00",3,31,0,27,1,5,"f",1.09
1724,"23/12/2015","within an hour","t",3,"t","Sydney",-33.90245178,151.1839797,"Entire home/apt",4,1,2,"$597.00",2,30,12,55,1,4.91,"t",0.63
2360,"24/05/2018","N/A","f",3,"t","Leichhardt",-33.88581,151.15732,"Entire home/apt",2,1,1,"$160.00",90,1125,29,13,0,4.85,"t",0.16
11270,"21/01/2024","within an hour","t",31,"t","Sydney",-33.87237,151.20499,"Entire home/apt",8,2.5,3,"$408.00",1,365,14,100,5,4.92,"f",6.16
884,"25/11/2013","within a day","f",9,"f","Waverley",-33.89072037,151.2737579,"Entire home/apt",3,1,1,"$120.00",90,90,0,136,0,4.64,"f",1.18
14173,"19/09/2024","within an hour","t",2,"t","Holroyd",-33.82155,150.98946,"Entire home/apt",4,1,1,"$141.00",1,1125,21,28,4,4.96,"t",3.84
17724,"23/04/2018","N/A","f",46,"t","Leichhardt",-33.87595544,151.1680252,"Entire home/apt",2,1,1,"$158.00",2,90,11,1,1,5,"f",1
2841,"23/12/2013","within a few hours","t",1,"t","Waverley",-33.89397,151.2664,"Entire home/apt",6,2,3,"$369.00",28,1125,29,99,0,4.96,"f",1.26
1873,"5/07/2014","N/A","f",1,"t","Warringah",-33.79076,151.25389,"Entire home/apt",8,2,3,"$675.00",90,180,22,6,0,4.83,"f",0.08
2054,"20/06/2019","N/A","f",53,"t","Woollahra",-33.8806,151.22662,"Entire home/apt",2,1,0,"$151.00",2,90,18,147,0,4.6,"t",1.58
14024,"28/02/2014","within an hour","t",8,"t","Waverley",-33.8932566,151.2686568,"Entire home/apt",4,NA,2,"",2,365,0,3,0,5,"t",0.54
5498,"6/10/2014","within a few hours","f",1,"t","Woollahra",-33.88544464,151.2321596,"Entire home/apt",6,1.5,3,"$596.00",3,365,0,26,0,4.92,"f",1.2
17841,"23/05/2025","within an hour","f",22,"t","Sydney",-33.8841014,151.1955591,"Entire home/apt",2,1,1,"$90.00",7,365,19,0,0,NA,"f",NA
10218,"23/03/2019","within an hour","t",17,"t","Leichhardt",-33.88648025,151.167247,"Entire home/apt",2,1,1,"$104.00",1,14,16,127,6,4.81,"f",6.59
902,"18/09/2015","N/A","t",3,"t","Ryde",-33.79783,151.15607,"Private room",2,NA,NA,"",1,14,0,103,0,4.92,"f",0.88
12603,"14/04/2023","within an hour","f",81,"t","North Sydney",-33.82308956,151.1984272,"Entire home/apt",3,1,1,"$140.00",1,365,15,27,3,4.56,"t",2.29
16437,"10/12/2015","within an hour","f",32,"t","Botany Bay",-33.92315,151.19131,"Entire home/apt",6,2,3,"$221.00",2,365,18,1,0,5,"f",0.65
751,"25/10/2013","within an hour","t",1,"t","Mosman",-33.82897949,151.2527008,"Entire home/apt",2,1,1,"$333.00",3,1125,29,143,1,4.93,"f",1.25
1788,"23/01/2014","within an hour","t",4,"t","North Sydney",-33.85199,151.21769,"Entire home/apt",7,1,2,"$350.00",3,14,7,7,0,3.86,"f",0.08
15798,"10/10/2023","within an hour","t",7,"t","Sydney",-33.88828,151.20661,"Entire home/apt",6,1,2,"$312.00",2,365,3,21,4,4.76,"f",4.92
13308,"10/12/2014","within an hour","f",26,"f","Marrickville",-33.90208636,151.1644951,"Entire home/apt",4,2,2,"$251.00",5,365,0,6,1,4.17,"f",0.75
8178,"31/05/2021","within a few hours","f",6,"t","Pittwater",-33.60421,151.32487,"Entire home/apt",2,1,1,"$248.00",1,3,16,2,0,5,"f",0.11
11832,"27/10/2019","within an hour","f",5,"t","Fairfield",-33.88079987,150.9192123,"Private room",2,1,1,"$50.00",1,365,29,10,0,4.2,"f",0.71
8678,"8/03/2016","within a day","f",2,"f","Lane Cove",-33.824993,151.1499006,"Entire home/apt",7,NA,3,"",90,365,0,0,0,NA,"f",NA
2305,"2/03/2014","N/A","f",2,"t","Hurstville",-33.95361,151.07032,"Private room",2,1,1,"$95.00",90,1125,29,1,0,5,"t",0.01
7970,"27/05/2014","within an hour","t",61,"t","Waverley",-33.8939,151.24339,"Entire home/apt",5,NA,3,"",90,365,0,1,0,5,"f",0.04
12494,"6/05/2024","within an hour","f",14,"t","Strathfield",-33.8664689,151.0885126,"Entire home/apt",5,2,2,"$243.00",2,365,0,22,0,4.45,"t",1.91
2103,"30/09/2013","within a day","f",2,"t","Manly",-33.78888,151.28567,"Entire home/apt",4,1,2,"$400.00",2,730,1,29,0,4.72,"f",0.32
6285,"6/11/2016","within an hour","f",35,"t","Sydney",-33.87964,151.20436,"Entire home/apt",5,2,2,"$229.00",1,365,6,196,5,4.68,"f",5.29
6233,"17/10/2020","within an hour","f",1,"t","North Sydney",-33.84859,151.20529,"Entire home/apt",2,1,1,"$274.00",2,60,14,87,2,4.83,"f",2.37
9035,"20/08/2017","within an hour","t",1,"t","Botany Bay",-33.94454,151.22378,"Entire home/apt",6,2,2,"$198.00",1,365,23,48,0,4.71,"f",2.04
3116,"26/12/2018","a few days or more","f",1,"t","Ryde",-33.79773,151.13907,"Entire home/apt",1,NA,1,"",90,1125,29,11,0,4.73,"t",0.14
14714,"1/08/2012","within an hour","f",1,"t","Sydney",-33.87093,151.22908,"Entire home/apt",2,1,0,"$165.00",2,365,26,0,0,NA,"f",NA
8869,"26/07/2023","within an hour","f",2,"t","Blacktown",-33.73604816,150.8535142,"Entire home/apt",4,1,2,"$218.00",1,90,27,45,1,4.87,"t",2
9903,"13/08/2018","within an hour","f",57,"t","Sydney",-33.87848,151.20411,"Entire home/apt",4,1,1,"$159.00",1,365,21,58,1,4.36,"f",2.88
18154,"23/05/2025","within an hour","f",22,"t","Sydney",-33.88372,151.19666,"Entire home/apt",2,1,1,"$90.00",7,365,20,0,0,NA,"f",NA
11371,"11/02/2019","N/A","f",1,"t","Randwick",-33.97872387,151.2466711,"Private room",1,1,1,"$125.00",90,365,28,0,0,NA,"f",NA
2777,"26/08/2018","within a day","t",1,"t","Sutherland Shire",-34.04502,151.15201,"Entire home/apt",12,2,5,"$523.00",5,90,17,85,0,4.89,"f",1.06
14341,"15/10/2024","within a few hours","f",34,"t","Rockdale",-33.9337923,151.1573385,"Entire home/apt",2,NA,1,"",7,60,0,0,0,NA,"f",NA
6234,"15/03/2022","N/A","f",1,"t","Waverley",-33.8921,151.27264,"Entire home/apt",4,1,2,"$225.00",4,365,14,54,0,4.8,"f",1.5
14752,"26/02/2021","within an hour","f",1,"f","Pittwater",-33.62709242,151.3279444,"Private room",3,0.5,1,"$162.00",3,365,28,0,0,NA,"f",NA
13406,"27/09/2010","within an hour","f",26,"t","Sydney",-33.89243,151.21667,"Entire home/apt",2,0,1,"$148.00",1,1125,15,11,0,4.64,"t",1.17
14549,"23/08/2014","within an hour","t",6,"t","Sydney",-33.89388814,151.2055832,"Entire home/apt",2,1,1,"$303.00",2,365,8,3,0,5,"f",0.42
8391,"23/04/2023","within an hour","t",1,"t","Rockdale",-33.95385,151.13933,"Private room",2,1,1,"$98.00",2,1125,0,49,1,4.96,"f",1.92
17462,"29/03/2024","within an hour","t",22,"t","Manly",-33.790777,151.283621,"Shared room",1,1,1,"$44.00",1,365,29,0,0,NA,"t",NA
1436,"15/03/2014","N/A","f",2,"t","City Of Kogarah",-33.97578,151.08964,"Private room",2,1,1,"$55.00",90,1125,28,58,0,4.71,"f",0.53
10773,"3/03/2014","within a day","f",2,"t","Warringah",-33.78252989,151.2856891,"Private room",2,1,1,"$110.00",2,365,26,0,0,NA,"f",NA
6834,"2/10/2022","within an hour","t",1,"t","Pittwater",-33.61833,151.32999,"Entire home/apt",4,2,2,"$340.00",1,90,16,79,0,4.86,"f",2.44
846,"20/01/2015","within an hour","t",2,"t","Botany Bay",-33.924,151.1884,"Private room",1,NA,NA,"",1,4,28,58,0,4.95,"f",0.49
4262,"9/10/2019","within an hour","f",6,"t","Bankstown",-33.89993,151.0471,"Private room",5,1,1,"$260.00",1,1125,29,24,0,4.42,"t",0.38
7198,"11/10/2019","within an hour","f",138,"t","Hornsby",-33.77027,151.07778,"Entire home/apt",4,2,2,"$154.00",2,1125,4,13,0,4.92,"f",0.44
3956,"9/09/2014","within an hour","f",28,"t","Sydney",-33.87375,151.22474,"Entire home/apt",2,NA,NA,"",1,1125,3,59,0,4.54,"f",0.88
3864,"30/10/2016","N/A","f",1,"f","Manly",-33.7947,151.27448,"Entire home/apt",3,1,2,"$250.00",90,1125,9,1,0,5,"f",0.02
7229,"30/01/2022","a few days or more","f",1,"t","Fairfield",-33.86294,150.95619,"Entire home/apt",2,1,2,"$156.00",90,90,29,3,0,5,"t",0.1
15296,"28/10/2018","within an hour","t",1,"t","Canada Bay",-33.82622024,151.0868566,"Entire home/apt",2,NA,1,"",2,365,0,15,0,4.8,"t",3
1133,"29/04/2015","N/A","f",1,"t","Waverley",-33.88843,151.27622,"Entire home/apt",4,1,1,"$525.00",90,1125,29,5,0,4.8,"t",0.06
15492,"15/12/2024","within an hour","f",1,"t","Sydney",-33.87335892,151.2231596,"Entire home/apt",2,1,1,"$113.00",21,365,23,7,2,4.86,"f",1.19
8245,"16/07/2014","within an hour","t",5,"t","City Of Kogarah",-33.99147863,151.0984523,"Entire home/apt",12,NA,5,"",2,1125,0,11,0,5,"f",0.73
12276,"9/09/2017","within an hour","t",17,"t","Sydney",-33.88533623,151.2112324,"Entire home/apt",2,1,0,"$127.00",1,365,11,67,3,4.87,"f",5.48
3233,"22/11/2017","within an hour","",14,"t","Waverley",-33.894615,151.273514,"Entire home/apt",2,1,0,"$214.00",1,1125,5,293,0,4.86,"f",3.75
10863,"4/12/2022","N/A","f",1,"t","Pittwater",-33.70987665,151.2887932,"Entire home/apt",4,NA,2,"",4,7,0,0,0,NA,"t",NA
10399,"8/09/2016","within an hour","f",1,"t","Pittwater",-33.6249983,151.3353898,"Entire home/apt",4,2,2,"$293.00",2,90,21,3,0,5,"f",0.17
11322,"21/10/2023","within an hour","f",42,"t","Sydney",-33.87481816,151.2197316,"Entire home/apt",6,NA,2,"",90,365,0,17,0,4.18,"t",1.06
1376,"2/12/2016","within an hour","t",2,"t","Sydney",-33.87583,151.22345,"Entire home/apt",2,1,0,"$171.00",3,1125,0,393,0,4.9,"f",3.81
14270,"6/01/2015","within an hour","f",27,"t","Sydney",-33.8850108,151.2073928,"Entire home/apt",4,1,2,"$162.00",2,7,9,25,2,4.28,"f",3.3
13572,"22/09/2024","within an hour","t",1,"t","Mosman",-33.82645,151.23544,"Entire home/apt",11,2,3,"$419.00",1,365,15,16,4,4.94,"f",1.88
2512,"9/04/2018","within a day","f",1,"t","Sutherland Shire",-34.08456,151.15974,"Entire home/apt",4,NA,2,"",2,28,0,94,0,4.94,"f",1.08
1301,"19/09/2014","within an hour","t",4,"t","Sydney",-33.874825,151.225571,"Entire home/apt",2,1,0,"$145.00",1,180,9,352,5,4.81,"f",3.32
18066,"24/05/2025","within an hour","f",1,"t","Lane Cove",-33.81719645,151.1520542,"Entire home/apt",8,2.5,4,"$352.00",1,365,0,0,0,NA,"f",NA
12009,"26/04/2023","within an hour","f",2,"t","Liverpool",-33.92344344,150.9596779,"Entire home/apt",6,1,3,"$159.00",2,365,8,42,2,4.6,"t",3.24
15068,"11/05/2018","within a few hours","f",1,"t","Holroyd",-33.8177364,150.9313728,"Private room",2,1,1,"$48.00",1,90,11,9,3,4.78,"f",1.51
13530,"26/08/2016","within an hour","f",78,"t","Warringah",-33.78346,151.2681,"Entire home/apt",4,1,1,"$150.00",90,365,3,11,0,4.82,"t",1.26
4367,"6/03/2020","within a day","f",1,"t","Ryde",-33.7652,151.11381,"Private room",1,1,1,"$56.00",90,365,22,0,0,NA,"f",NA
6304,"16/09/2017","a few days or more","f",1,"t","Randwick",-33.9069,151.25593,"Entire home/apt",5,1,3,"$269.00",90,90,29,0,0,NA,"f",NA
5955,"11/10/2016","within an hour","t",1,"t","Marrickville",-33.89946181,151.1764811,"Entire home/apt",2,1,1,"$182.00",2,1125,11,57,3,4.74,"f",2.03
10707,"23/07/2022","within an hour","t",2,"t","Pittwater",-33.67113,151.29577,"Entire home/apt",8,2.5,3,"$903.00",4,365,16,0,0,NA,"f",NA
4760,"1/12/2019","N/A","f",1,"t","Ashfield",-33.88483,151.12016,"Private room",3,1.5,1,"$59.00",90,1125,29,0,0,NA,"f",NA
8460,"1/11/2012","within an hour","t",1,"t","Woollahra",-33.880897,151.2227993,"Entire home/apt",6,2,3,"$446.00",3,365,5,49,0,4.92,"f",2.12
14418,"9/11/2024","within an hour","t",1,"t","Sydney",-33.87032,151.20527,"Entire home/apt",6,2,2,"$372.00",2,365,0,49,6,4.96,"t",6.71
11825,"20/10/2015","within an hour","t",1,"f","Sydney",-33.88204,151.2144,"Private room",1,1,1,"$114.00",1,365,11,85,13,4.92,"f",6.44
10015,"5/09/2018","within an hour","f",7,"t","Auburn",-33.84680956,151.0741002,"Private room",2,NA,NA,"",1,365,0,1,0,5,"f",0.05
16065,"29/04/2024","within a few hours","f",9,"t","Randwick",-33.94645311,151.2454371,"Private room",2,1,1,"$75.00",3,90,3,5,1,5,"f",1.43
2980,"11/11/2018","within an hour","t",1,"t","Parramatta",-33.79939,151.03786,"Entire home/apt",4,1,2,"$163.00",2,365,19,197,2,4.94,"f",2.5
15983,"18/08/2022","within an hour","f",10,"t","The Hills Shire",-33.7339634,150.9677195,"Private room",2,1,1,"$197.00",1,90,22,1,0,4,"t",0.49
10528,"8/04/2011","within a day","f",1,"t","Randwick",-33.9450344,151.257748,"Entire home/apt",3,1,0,"$375.00",7,365,12,3,0,4.67,"f",0.19
9417,"23/03/2019","within an hour","t",17,"t","Sydney",-33.8677758,151.2246821,"Entire home/apt",3,1,1,"$194.00",1,7,4,206,7,4.87,"f",9.48
11934,"2/09/2022","within an hour","f",14,"t","Sydney",-33.87379,151.19843,"Entire home/apt",2,1,1,"$119.00",2,180,1,40,2,4.3,"f",3.03
8237,"29/12/2021","N/A","f",1,"t","Sydney",-33.90518258,151.2126548,"Private room",1,1,1,"$186.00",7,90,28,0,0,NA,"f",NA
8276,"27/10/2019","within an hour","f",5,"t","Fairfield",-33.88905169,150.9136034,"Private room",2,1,1,"$68.00",1,365,29,5,0,4.4,"f",0.2
13042,"30/03/2017","within an hour","t",1,"t","Ashfield",-33.8840484,151.1284704,"Entire home/apt",2,1,1,"$138.00",2,365,12,32,0,4.91,"t",3
16046,"28/05/2017","within an hour","f",50,"t","Waverley",-33.87153,151.28127,"Entire home/apt",14,4,7,"$634.00",3,365,20,5,1,5,"t",1.49
14235,"19/04/2018","within an hour","f",59,"t","Ryde",-33.7783221,151.1149251,"Entire home/apt",2,1,1,"$227.00",2,365,27,8,0,4.88,"t",1.11
11137,"10/07/2013","within an hour","f",244,"t","Woollahra",-33.88703,151.26418,"Entire home/apt",2,1,1,"$184.00",1,1125,0,1,0,3,"t",0.29
12049,"8/05/2024","N/A","f",1,"t","Randwick",-33.94283508,151.246878,"Entire home/apt",3,1,2,"$209.00",90,360,26,0,0,NA,"f",NA
4839,"4/12/2018","within an hour","f",3,"t","Liverpool",-33.91357,150.89315,"Entire home/apt",2,1.5,1,"$48.00",1,1125,17,126,3,4.47,"t",2.46
6602,"18/08/2022","within an hour","f",10,"t","Waverley",-33.89702,151.2605,"Entire home/apt",4,1,2,"$222.00",2,120,8,40,1,4.75,"f",1.21
7369,"19/01/2022","within an hour","t",42,"t","Hornsby",-33.69926,151.10141,"Entire home/apt",5,NA,2,"",28,365,0,2,0,3.5,"f",0.07
10572,"31/08/2015","within an hour","t",1,"t","Canterbury",-33.91899183,151.1313454,"Entire home/apt",2,1,1,"$134.00",7,1125,8,7,1,5,"f",0.51
5142,"22/10/2015","within an hour","t",1,"t","Waverley",-33.89434,151.26396,"Entire home/apt",2,1,0,"$72.00",5,180,11,63,3,4.84,"f",1.15
8513,"3/07/2015","within a few hours","f",3,"t","Hornsby",-33.54805645,151.2271845,"Entire home/apt",2,2,2,"$290.00",1,60,27,9,1,4.78,"f",0.78
4917,"3/02/2019","within an hour","f",5,"t","Sydney",-33.86915,151.22472,"Private room",2,1,0,"$263.00",1,365,29,15,0,4.53,"t",0.3
16986,"30/12/2019","within an hour","f",4,"t","Liverpool",-33.93259822,150.7928452,"Entire home/apt",10,3.5,5,"$187.00",2,365,4,2,0,5,"t",0.95
9441,"20/09/2016","within an hour","t",6,"t","Campbelltown",-33.97720778,150.861627,"Private room",2,NA,NA,"",1,365,29,14,0,4.71,"f",0.67
6678,"11/02/2022","within an hour","f",20,"t","Sydney",-33.89095,151.19565,"Entire home/apt",4,2,2,"$267.00",2,365,8,26,1,4.77,"f",0.78
4249,"27/04/2020","N/A","f",1,"t","Parramatta",-33.8205,151.00594,"Entire home/apt",4,2,3,"$474.00",90,1125,29,0,0,NA,"f",NA
8676,"3/01/2017","within an hour","t",37,"t","Sydney",-33.87821,151.20898,"Entire home/apt",6,2,2,"$942.00",1,365,9,123,2,4.84,"t",5.47
11316,"21/10/2022","within an hour","f",60,"t","City Of Kogarah",-33.9829328,151.1083041,"Entire home/apt",10,2,5,"$257.00",2,365,8,29,2,4.69,"f",1.96
15733,"25/08/2019","within an hour","f",169,"t","Camden",-34.0330212,150.7760836,"Private room",1,2,1,"$41.00",1,89,5,3,0,4.67,"f",1.08
4840,"6/06/2014","within a few hours","f",1,"f","Woollahra",-33.87718,151.23877,"Entire home/apt",5,1.5,3,"$221.00",12,21,19,0,0,NA,"f",NA
10296,"29/06/2015","within an hour","t",4,"t","Sydney",-33.8887771,151.1985434,"Entire home/apt",2,1,1,"$223.00",2,30,15,69,0,4.97,"f",3.86
11536,"22/12/2016","within an hour","f",120,"t","Woollahra",-33.87855614,151.2437536,"Entire home/apt",2,1,1,"$166.00",3,365,4,1,0,5,"f",0.3
8373,"22/12/2016","within an hour","f",120,"t","North Sydney",-33.8354,151.21875,"Entire home/apt",2,1,1,"$176.00",3,365,13,26,0,4.69,"f",1.06
1880,"22/09/2015","N/A","f",1,"t","Warringah",-33.73624,151.27021,"Entire home/apt",7,2,3,"$853.00",90,1125,29,11,0,4.91,"t",0.12
11445,"13/04/2017","within an hour","t",1,"t","Pittwater",-33.64702,151.32213,"Entire home/apt",6,1,3,"$315.00",1,60,27,23,0,4.91,"f",1.62
1015,"23/05/2012","within a few hours","t",117,"t","Sydney",-33.88421,151.22054,"Entire home/apt",6,2,3,"$383.00",5,89,0,74,0,4.72,"f",0.66
7704,"29/12/2016","within an hour","t",3,"t","Blacktown",-33.7574491,150.8657175,"Entire home/apt",4,1,2,"$164.00",3,200,13,36,2,4.75,"t",1.19
5211,"30/09/2013","N/A","f",1,"t","Sydney",-33.89094,151.21082,"Entire home/apt",3,1,1,"$204.00",3,21,0,41,0,5,"f",0.94
7954,"13/01/2025","N/A","f",57,"t","Ryde",-33.77996,151.11367,"Entire home/apt",4,1,2,"$135.00",21,365,1,41,1,4.9,"f",1.47
9921,"4/01/2019","within an hour","f",17,"t","Sydney",-33.87907,151.20519,"Entire home/apt",2,1,1,"$190.00",1,354,19,65,0,4.58,"t",3.28
11582,"21/11/2018","within an hour","f",51,"t","Sydney",-33.8783006,151.2131165,"Entire home/apt",2,1,1,"$200.00",90,365,29,0,0,NA,"t",NA
18115,"17/11/2023","within a few hours","f",40,"t","Sydney",-33.91176,151.21224,"Private room",2,1,1,"$78.00",5,365,2,0,0,NA,"t",NA
14363,"11/06/2014","within a few hours","f",2,"t","City Of Kogarah",-33.99214272,151.0764503,"Entire home/apt",6,3,3,"$473.00",2,20,0,4,1,5,"f",0.71
117,"4/10/2011","within an hour","f",1,"t","Leichhardt",-33.87266,151.16439,"Entire home/apt",4,1,2,"$216.00",5,56,0,7,0,4.43,"f",0.05
7426,"24/07/2012","within a few hours","t",126,"t","Pittwater",-33.59568658,151.3201035,"Entire home/apt",12,5,5,"$1,922.00",1,1125,18,9,0,5,"f",0.55
1294,"1/09/2016","within an hour","f",1,"t","Mosman",-33.82798,151.24631,"Entire home/apt",2,NA,1,"",3,85,0,58,0,4.83,"f",0.56
12088,"29/11/2023","within an hour","f",46,"t","Leichhardt",-33.8840802,151.1594138,"Private room",2,2,1,"$183.00",90,365,0,10,0,3.5,"f",0.77
6671,"5/05/2016","within an hour","f",26,"t","Marrickville",-33.90531,151.18008,"Entire home/apt",2,1,0,"$110.00",5,365,26,87,4,4.55,"t",2.52
972,"1/07/2014","within a few hours","t",1,"t","Sydney",-33.8928901,151.1816973,"Entire home/apt",2,1,1,"$318.00",4,730,28,47,0,4.7,"f",0.41
11478,"1/11/2016","within a day","f",1,"t","Pittwater",-33.6885229,151.301086,"Entire home/apt",10,2,4,"$921.00",4,365,27,3,0,3.67,"f",0.35
5646,"7/11/2019","within an hour","f",25,"t","Fairfield",-33.89687567,150.9354237,"Entire home/apt",7,1,2,"$109.00",2,90,0,24,0,4.63,"f",0.9
8570,"6/02/2016","N/A","f",4,"t","Penrith",-33.77335563,150.7644828,"Entire home/apt",4,1,2,"$115.00",90,365,29,0,0,NA,"t",NA
3797,"25/08/2019","within an hour","f",169,"t","Sydney",-33.883917,151.2084847,"Private room",1,1,1,"$107.00",2,365,25,158,1,4.53,"f",2.27
8361,"29/08/2017","within an hour","f",1,"t","Ku-Ring-Gai",-33.78518449,151.1612514,"Entire home/apt",3,1,2,"$109.00",2,120,28,34,0,4.38,"f",1.34
7038,"19/11/2013","N/A","f",1,"t","Botany Bay",-33.92653,151.22273,"Entire home/apt",6,NA,3,"",8,27,0,3,0,5,"f",0.1
7248,"22/03/2016","within a few hours","t",4,"t","Sydney",-33.90281,151.20428,"Entire home/apt",2,1,1,"$210.00",7,365,0,0,0,NA,"f",NA
11963,"25/08/2019","within an hour","f",169,"t","Sydney",-33.8838731,151.2084937,"Private room",2,1,1,"$118.00",4,365,12,11,1,4.55,"f",0.88
6798,"16/10/2021","within an hour","f",40,"t","Fairfield",-33.86538602,150.9553813,"Private room",2,2,1,"$44.00",1,90,28,79,3,4.43,"t",2.32
1206,"27/02/2016","N/A","f",1,"t","Waverley",-33.86064,151.27918,"Private room",1,1.5,1,"$100.00",90,1125,28,1,0,5,"f",0.02
9427,"4/10/2017","within an hour","f",1,"t","Canada Bay",-33.827143,151.0867371,"Entire home/apt",4,1,1,"$202.00",1,14,9,75,0,4.72,"t",4.09
16144,"9/02/2025","N/A","f",1,"t","Waverley",-33.88969,151.27566,"Entire home/apt",2,NA,1,"",3,14,0,0,0,NA,"f",NA
4566,"15/03/2020","within an hour","f",2,"f","Blacktown",-33.77563,150.90144,"Entire home/apt",6,1,3,"$149.00",4,60,5,101,0,4.84,"f",1.59
1553,"5/11/2016","within an hour","t",1,"t","Marrickville",-33.91935,151.16286,"Entire home/apt",2,1,1,"$126.00",2,7,4,348,5,4.91,"f",3.43
5668,"16/07/2013","within a few hours","f",2,"t","Sutherland Shire",-34.08404,151.15371,"Entire home/apt",10,2,5,"$1,259.00",3,90,26,3,0,5,"f",0.08
12499,"10/07/2017","within an hour","f",4,"t","Canada Bay",-33.8494,151.08478,"Entire home/apt",2,NA,1,"",90,365,0,9,0,3.89,"t",0.91
11312,"4/10/2021","within a day","t",3,"f","Warringah",-33.77997,151.27581,"Private room",1,1,1,"$122.00",2,30,0,17,0,5,"f",1.24
5268,"31/05/2015","within a few hours","f",1,"t","Willoughby",-33.80704,151.16879,"Entire home/apt",4,1,2,"$189.00",2,90,13,2,0,5,"f",0.05
470,"26/04/2015","within a few hours","t",1,"t","Leichhardt",-33.86057,151.18093,"Entire home/apt",6,2,3,"$252.00",3,730,6,188,2,4.94,"f",1.55
12667,"19/01/2012","within an hour","t",6,"t","Campbelltown",-34.0669467,150.8125111,"Entire home/apt",4,2,2,"$280.00",1,365,3,22,1,4.77,"t",2.07
14106,"25/08/2019","within an hour","f",169,"t","Liverpool",-33.9175514,150.911746,"Private room",1,1,1,"$41.00",1,89,26,4,0,3.75,"f",0.55
13517,"30/09/2016","within an hour","",8,"t","The Hills Shire",-33.6553283,150.8961918,"Private room",3,1,1,"$72.00",1,365,27,11,1,4.91,"f",1.23
12808,"1/07/2024","within an hour","",14,"t","Waverley",-33.889146,151.275832,"Entire home/apt",2,1,1,"$221.00",1,365,20,3,0,5,"t",0.27
5950,"24/07/2019","N/A","f",912,"t","Sydney",-33.8792428,151.1813574,"Entire home/apt",2,1,0,"$146.00",3,365,14,35,2,4.4,"t",1
18169,"15/04/2025","within a few hours","f",20,"t","Sydney",-33.87976,151.19199,"Entire home/apt",4,1,1,"$170.00",2,365,27,0,0,NA,"f",NA
574,"30/03/2014","within an hour","f",1,"t","Sydney",-33.8978,151.18068,"Entire home/apt",2,1,2,"$171.00",21,70,22,1,0,5,"f",0.06
15681,"12/01/2025","within an hour","t",2,"t","Ryde",-33.7873,151.09966,"Private room",1,1,1,"$66.00",1,100,29,10,0,4.9,"f",2.1
6297,"20/06/2022","within an hour","t",1,"t","Woollahra",-33.88186,151.24064,"Entire home/apt",10,1.5,3,"$586.00",2,30,25,94,3,4.93,"f",2.64
7893,"3/10/2018","within an hour","f",11,"t","Pittwater",-33.59275,151.31921,"Entire home/apt",8,NA,4,"",5,180,22,0,0,NA,"f",NA
15714,"16/02/2024","within an hour","f",1,"t","Sydney",-33.87347596,151.228366,"Entire home/apt",2,1,1,"$205.00",2,365,0,4,0,5,"f",0.98
6940,"14/05/2018","within a day","f",1,"t","Pittwater",-33.6982,151.30841,"Entire home/apt",7,1,3,"$584.00",5,730,22,0,0,NA,"f",NA
18172,"14/07/2015","within an hour","f",32,"t","Waverley",-33.88613,151.2761,"Entire home/apt",4,2.5,2,"$432.00",90,365,0,0,0,NA,"f",NA
5985,"31/08/2016","within an hour","",45,"t","Auburn",-33.82505,151.07733,"Entire home/apt",2,1,1,"$202.00",2,1125,29,5,0,5,"f",0.14
8465,"19/12/2014","within an hour","t",47,"t","Mosman",-33.83057,151.25112,"Entire home/apt",9,NA,4,"",7,365,0,0,0,NA,"f",NA
7698,"24/03/2014","within an hour","t",2,"t","Manly",-33.788067,151.2853194,"Entire home/apt",8,2.5,3,"$681.00",2,365,19,53,1,4.91,"t",1.98
10405,"12/02/2015","within an hour","t",7,"t","Canada Bay",-33.86667541,151.1161801,"Private room",2,1,1,"$111.00",1,14,4,14,1,5,"f",1.13
16435,"25/05/2020","within an hour","f",1,"f","Hunters Hill",-33.82852,151.13782,"Entire home/apt",4,1.5,2,"$153.00",2,90,4,7,3,4.86,"f",4.12
9399,"12/12/2016","within an hour","t",1,"t","Sutherland Shire",-34.07168094,151.0127581,"Entire home/apt",2,1,1,"$262.00",2,365,14,26,5,4.92,"t",4.43
6136,"20/08/2020","within an hour","f",2,"t","Pittwater",-33.69565,151.29049,"Entire home/apt",6,1,3,"$328.00",3,180,19,44,2,5,"f",1.2
2233,"12/11/2017","within an hour","f",9,"t","Waverley",-33.89285,151.26072,"Entire home/apt",2,1,2,"$186.00",2,1125,29,21,1,4.71,"t",0.25
16646,"6/11/2016","within an hour","f",35,"t","Ashfield",-33.87351,151.14278,"Entire home/apt",4,1,2,"$212.00",4,365,10,6,3,5,"f",2.12
10971,"25/04/2019","within an hour","t",68,"t","Sydney",-33.876724,151.197723,"Entire home/apt",8,2,2,"$357.00",1,365,12,31,3,4.94,"f",1.76
2226,"20/07/2015","within an hour","f",2,"t","Sutherland Shire",-34.03902,151.11465,"Entire home/apt",2,1,0,"$124.00",2,90,0,35,0,4.83,"t",0.37
7697,"9/01/2023","within an hour","",12,"t","Blacktown",-33.70464802,150.8817952,"Entire home/apt",6,1,2,"$130.00",2,180,6,74,3,4.57,"f",2.65
17905,"29/10/2024","within an hour","f",16,"t","Sydney",-33.9113266,151.2121323,"Entire home/apt",2,1,1,"$121.00",6,365,0,0,0,NA,"f",NA
8527,"23/04/2018","N/A","f",46,"t","Marrickville",-33.9108147,151.1805044,"Entire home/apt",4,2,2,"$305.00",2,90,23,22,0,4.32,"f",0.89
4316,"24/07/2019","N/A","f",912,"t","Leichhardt",-33.85741,151.18755,"Entire home/apt",6,2,3,"$326.00",3,365,15,92,1,4.76,"f",1.5
2795,"9/10/2018","within an hour","f",6,"t","Randwick",-33.91247,151.24608,"Private room",3,1,0,"$307.00",1,365,29,56,0,4.79,"t",0.86
11331,"15/04/2014","within an hour","t",4,"t","Sydney",-33.88984214,151.2041252,"Entire home/apt",4,NA,2,"",90,365,0,21,0,4.86,"f",1.33
6750,"28/09/2022","within an hour","t",1,"t","Sydney",-33.8674943,151.1933116,"Entire home/apt",4,2,2,"$330.00",3,365,14,55,2,4.78,"f",2.39
12022,"4/04/2023","within an hour","f",23,"t","Parramatta",-33.81938,151.00508,"Entire home/apt",8,2,3,"$247.00",2,365,11,10,0,4.5,"f",0.77
10076,"6/06/2021","within an hour","t",1,"f","Warringah",-33.77657899,151.2910369,"Entire home/apt",6,2,3,"$510.00",2,365,0,14,0,5,"f",0.82
2916,"1/02/2016","N/A","f",1,"t","Randwick",-33.91321,151.2372,"Private room",1,1,1,"$80.00",90,1125,6,7,0,5,"f",0.14
2530,"12/04/2017","a few days or more","f",1,"t","Canterbury",-33.93421924,151.0543388,"Private room",2,1,3,"$57.00",1,365,0,0,0,NA,"f",NA
2594,"9/11/2017","within an hour","",5,"t","Sydney",-33.88859,151.21197,"Entire home/apt",5,2,2,"$180.00",1,1125,2,287,5,4.61,"f",3.46
13462,"19/09/2024","within an hour","t",1,"t","Manly",-33.79207094,151.2875593,"Entire home/apt",4,2,2,"$506.00",2,365,16,22,1,5,"t",3.47
13986,"17/11/2023","within a few hours","f",40,"t","Sydney",-33.8784965,151.1965775,"Entire home/apt",4,NA,2,"",7,365,0,0,0,NA,"f",NA
17829,"19/07/2015","within a day","f",1,"f","Rockdale",-33.93334,151.15059,"Entire home/apt",2,1,1,"$176.00",2,365,8,0,0,NA,"f",NA
11664,"8/04/2024","within an hour","t",7,"t","Hornsby",-33.7701182,151.0773642,"Entire home/apt",4,1,1,"$127.00",5,365,13,13,1,4.85,"t",0.93
6011,"13/05/2014","within an hour","",49,"t","Warringah",-33.77307,151.29175,"Entire home/apt",6,2,3,"$237.00",2,365,8,98,0,4.85,"f",2.64
721,"5/06/2013","N/A","f",1,"t","Randwick",-33.92211,151.24884,"Entire home/apt",2,1,0,"$209.00",90,1125,28,0,0,NA,"f",NA
11528,"21/10/2023","within an hour","f",42,"t","Sydney",-33.87556,151.19639,"Entire home/apt",6,NA,2,"",90,365,7,1,0,3,"t",0.07
14505,"15/11/2022","N/A","t",1,"t","Woollahra",-33.87626557,151.2448116,"Entire home/apt",2,NA,1,"",1,365,0,9,0,4.89,"t",1.31
10754,"26/08/2016","within an hour","f",78,"t","Waverley",-33.89238,151.24882,"Private room",3,1,1,"$476.00",1,365,0,4,0,5,"t",0.22
12034,"7/01/2014","within an hour","t",1,"t","Randwick",-33.91601,151.25657,"Private room",1,1,1,"$113.00",1,365,28,60,0,4.87,"f",4.76
9928,"21/10/2022","within an hour","f",60,"t","Strathfield",-33.8641584,151.0815832,"Entire home/apt",4,2,2,"$171.00",1,365,0,11,0,4.55,"f",0.59
4857,"26/01/2013","within a day","t",2,"t","Waverley",-33.88677,151.27348,"Entire home/apt",2,1,1,"$309.00",7,365,24,12,0,4.92,"f",0.28
16439,"18/02/2017","within a few hours","t",8,"t","Sutherland Shire",-34.03624006,151.0932704,"Entire home/apt",7,3,5,"$731.00",5,365,28,0,0,NA,"f",NA
10090,"3/03/2015","N/A","f",1,"t","North Sydney",-33.82803968,151.2259523,"Entire home/apt",4,1.5,3,"$400.00",5,365,12,2,0,5,"f",0.11
10523,"19/06/2015","N/A","f",1,"t","Penrith",-33.7478758,150.6755799,"Entire home/apt",8,2,4,"$270.00",2,30,14,46,2,4.87,"f",2.72
14881,"20/05/2020","N/A","f",1,"t","North Sydney",-33.8347304,151.2090967,"Entire home/apt",4,0,1,"$475.00",7,21,0,0,0,NA,"f",NA
178,"7/10/2011","within an hour","t",5,"t","Sydney",-33.87334,151.2224,"Entire home/apt",4,1,1,"$211.00",7,120,15,363,0,4.76,"f",2.33
6937,"9/10/2022","within an hour","f",3,"t","Canterbury",-33.91467,151.08429,"Entire home/apt",6,1.5,2,"$135.00",90,365,12,89,4,4.69,"f",2.75
1671,"24/11/2016","N/A","f",1,"t","Lane Cove",-33.82649,151.18741,"Entire home/apt",2,1,1,"$182.00",2,30,27,21,0,4.33,"f",0.2
14333,"31/03/2013","N/A","f",1,"f","Leichhardt",-33.87147,151.15568,"Entire home/apt",2,1,1,"$186.00",4,365,12,3,0,5,"f",0.43
5517,"23/05/2012","within a few hours","t",117,"t","Waverley",-33.88925934,151.2757416,"Entire home/apt",2,1,0,"$229.00",5,89,1,32,0,4.94,"f",0.83
7223,"8/04/2017","within an hour","f",1,"t","Sydney",-33.89232,151.18601,"Entire home/apt",4,2,2,"$363.00",2,30,0,13,0,4.77,"f",0.47
13050,"9/09/2023","within an hour","t",14,"t","Waverley",-33.89425,151.26241,"Entire home/apt",2,1,0,"$170.00",2,365,14,18,1,4.83,"t",1.96
16934,"18/03/2025","within an hour","f",23,"t","Hornsby",-33.7679234,151.0768281,"Private room",3,1,1,"$89.00",1,365,29,2,0,5,"t",0.75
16005,"18/08/2022","within an hour","f",10,"t","The Hills Shire",-33.7339634,150.9677195,"Private room",6,2,3,"$329.00",1,90,17,0,0,NA,"t",NA
5333,"19/05/2015","within a few hours","t",5,"t","Hornsby",-33.7497,151.05196,"Private room",4,1,1,"$54.00",7,1125,8,3,0,3.67,"f",0.07
630,"19/12/2013","within an hour","t",1,"t","Marrickville",-33.90229,151.15958,"Entire home/apt",2,1,1,"$133.00",2,14,8,441,6,4.9,"f",3.64
14062,"29/08/2024","N/A","f",39,"t","Sydney",-33.86731,151.21031,"Entire home/apt",2,1,1,"$219.00",84,1125,29,0,0,NA,"t",NA
13411,"13/08/2018","within an hour","f",57,"t","Sydney",-33.8799,151.20461,"Entire home/apt",3,1,0,"$152.00",1,365,17,26,2,4.69,"f",2.85
1023,"20/11/2010","within a few hours","t",7,"t","Mosman",-33.84062,151.23319,"Entire home/apt",5,1,2,"$314.00",90,120,29,19,0,4.84,"f",0.18
14467,"25/09/2015","within an hour","f",1,"t","Manly",-33.79881,151.2726,"Entire home/apt",2,1,1,"$308.00",2,365,0,6,1,5,"f",1.03
5535,"21/10/2018","within an hour","t",1,"t","Leichhardt",-33.85751,151.17958,"Entire home/apt",4,1,2,"$329.00",2,120,11,76,4,4.95,"f",1.71
11964,"21/10/2023","within an hour","f",42,"t","Sydney",-33.88162,151.21292,"Entire home/apt",6,NA,2,"",90,365,11,4,0,4,"t",0.34
7864,"26/11/2020","within an hour","t",1,"t","Pittwater",-33.63790921,151.3106396,"Entire home/apt",2,1,1,"$157.00",1,730,24,288,6,4.92,"f",10.32
8913,"22/09/2015","within a few hours","f",2,"t","Holroyd",-33.83998,150.9899013,"Entire home/apt",4,1,2,"$114.00",1,1125,4,46,2,4.65,"f",2.06
16705,"1/07/2024","within an hour","",14,"t","Waverley",-33.89756,151.27002,"Entire home/apt",3,1,1,"$314.00",1,365,0,0,0,NA,"t",NA
16957,"5/01/2023","within an hour","f",50,"t","Blacktown",-33.7400034,150.8982166,"Private room",1,1,1,"$49.00",1,89,21,4,3,5,"f",2.67
10525,"20/12/2021","N/A","f",1,"t","North Sydney",-33.83526521,151.2107172,"Entire home/apt",2,NA,NA,"",1,90,0,3,0,4,"f",0.19
11728,"27/04/2024","within an hour","t",1,"t","Sutherland Shire",-34.05345216,151.0048638,"Entire home/apt",1,1,1,"$121.00",1,15,22,48,1,4.94,"f",4.08
6343,"24/07/2019","N/A","f",912,"t","Warringah",-33.75753,151.29851,"Entire home/apt",7,2,4,"$346.00",3,365,19,28,2,4.68,"t",0.79
17423,"26/04/2025","within an hour","f",1,"t","North Sydney",-33.8487205,151.2136397,"Private room",2,1,1,"$181.00",2,60,5,9,6,5,"t",7.11
5908,"4/03/2022","within a few hours","t",1,"t","Willoughby",-33.81527,151.20605,"Entire home/apt",2,NA,1,"",5,15,13,59,0,4.85,"f",1.53
4469,"5/03/2020","within an hour","f",3,"t","Ryde",-33.78688,151.12844,"Entire home/apt",4,1,2,"$276.00",1,1125,23,151,1,4.61,"t",2.36
14177,"18/07/2024","within an hour","f",9,"t","Burwood",-33.87815177,151.099394,"Entire home/apt",5,1,2,"$112.00",30,365,29,0,0,NA,"f",NA
17784,"28/01/2015","within an hour","f",1,"t","Lane Cove",-33.82686444,151.1760827,"Entire home/apt",2,1,1,"$105.00",1,365,29,6,6,5,"f",6
16539,"10/09/2012","within an hour","f",6,"t","Woollahra",-33.87375306,151.2376819,"Private room",2,1,1,"$97.00",2,365,11,12,2,4.92,"t",3.5
2737,"22/11/2014","within an hour","t",23,"t","Sydney",-33.86839,151.20544,"Entire home/apt",3,1,0,"$205.00",2,365,20,201,4,4.87,"t",2.34
13977,"24/07/2019","N/A","f",912,"t","Waverley",-33.8929692,151.2468243,"Entire home/apt",2,1,0,"$176.00",3,365,5,7,0,4.43,"t",0.93
7824,"10/08/2014","within a few hours","t",2,"t","Waverley",-33.89223,151.26075,"Private room",2,1,1,"$120.00",2,5,17,45,2,4.89,"f",1.66
15775,"11/07/2021","within an hour","t",28,"t","Sydney",-33.87814398,151.215591,"Entire home/apt",7,2,2,"$493.00",1,1125,16,0,0,NA,"t",NA
406,"19/07/2014","within an hour","t",2,"t","Randwick",-33.92294693,151.2572327,"Entire home/apt",6,1,2,"$395.00",2,365,5,161,3,4.99,"f",1.28
14313,"4/08/2014","within a few hours","f",1,"t","Woollahra",-33.88222,151.26976,"Entire home/apt",5,2,2,"$307.00",3,365,3,10,0,4.7,"f",1.82
15335,"29/01/2016","N/A","f",15,"t","Sydney",-33.90212,151.2138,"Entire home/apt",2,NA,1,"",6,365,0,0,0,NA,"f",NA
1172,"9/01/2016","N/A","f",1,"t","Rockdale",-33.9591638,151.155608,"Entire home/apt",6,NA,3,"",2,1125,0,21,0,4.95,"t",1.06
17248,"24/06/2019","N/A","f",1,"t","The Hills Shire",-33.777,151.01757,"Entire home/apt",4,1,3,"$800.00",1,365,29,0,0,NA,"f",NA
14639,"26/05/2018","within an hour","t",4,"t","The Hills Shire",-33.68758335,151.0270141,"Private room",2,1,1,"$77.00",1,1125,29,9,2,4.56,"t",1.51
7054,"6/12/2013","within an hour","t",2,"t","Warringah",-33.71683,151.29852,"Entire home/apt",4,1,2,"$230.00",9,270,1,23,1,4.74,"f",0.76
14607,"10/12/2014","within an hour","f",26,"f","Sydney",-33.88289,151.19737,"Private room",2,1,1,"$99.00",2,365,29,7,0,3.57,"f",1.98
17207,"5/06/2012","within a day","f",1,"t","Pittwater",-33.60384436,151.3304259,"Entire home/apt",8,1,4,"$2,474.00",2,14,22,1,1,5,"f",1
17265,"15/08/2024","within an hour","f",3,"t","Camden",-33.97285177,150.8115777,"Entire home/apt",10,2.5,4,"$161.00",2,365,9,1,0,5,"f",0.65
12169,"8/08/2017","within an hour","t",2,"t","Hornsby",-33.7071184,151.0980947,"Entire home/apt",3,1,1,"$123.00",5,180,3,29,0,4.72,"f",2.51
17837,"5/01/2025","within an hour","",4,"t","Sydney",-33.8757782,151.224292,"Entire home/apt",4,1,1,"$285.00",2,365,0,1,1,5,"t",1
4176,"25/04/2017","N/A","f",1,"t","Warringah",-33.7874,151.24533,"Entire home/apt",6,3.5,4,"$850.00",90,1125,22,4,0,5,"f",0.06
8920,"24/01/2012","within an hour","t",2,"t","Marrickville",-33.8949687,151.1433702,"Entire home/apt",4,2,2,"$283.00",2,40,26,39,2,4.9,"f",1.69
9717,"19/04/2018","within an hour","f",59,"t","Marrickville",-33.89896426,151.1755836,"Entire home/apt",4,1,2,"$227.00",2,365,20,23,0,4.57,"t",1.18
3863,"4/10/2017","within an hour","f",2,"t","North Sydney",-33.84198,151.2063,"Entire home/apt",2,1,0,"$227.00",3,90,11,305,3,4.87,"f",4.36
1718,"13/12/2016","within an hour","t",2,"t","Ryde",-33.82427,151.10853,"Entire home/apt",2,1,1,"$162.00",2,28,9,73,0,4.75,"t",0.74
5494,"19/02/2013","within an hour","t",2,"t","Warringah",-33.712078,151.299866,"Private room",2,1,1,"$103.00",1,28,11,80,3,4.96,"f",1.84
1319,"10/12/2016","within an hour","f",2,"t","Marrickville",-33.9103,151.18068,"Entire home/apt",4,1,2,"$162.00",4,1125,21,159,2,4.83,"t",1.55
8436,"23/05/2014","within a day","f",1,"f","Manly",-33.7934566,151.2733894,"Entire home/apt",6,2,3,"$571.00",7,30,28,3,0,5,"f",0.17
13469,"27/08/2024","N/A","f",2,"t","Hurstville",-33.960435,151.0521762,"Private room",2,NA,NA,"",1,365,0,0,0,NA,"f",NA
863,"20/02/2016","within an hour","t",2,"t","Mosman",-33.80981,151.24557,"Entire home/apt",2,1,0,"$113.00",1,30,14,636,8,4.84,"f",5.62
14327,"19/03/2017","within a few hours","f",3,"t","Sydney",-33.88324637,151.2100864,"Entire home/apt",5,NA,2,"",1,365,0,1,0,4,"f",0.14
9738,"16/04/2018","within a few hours","t",7,"t","Waverley",-33.87958887,151.2759806,"Entire home/apt",3,1,1,"$152.00",21,365,28,0,0,NA,"f",NA
3648,"12/05/2017","within a few hours","t",1,"t","Hurstville",-33.94921,151.06986,"Entire home/apt",6,2.5,3,"$320.00",3,1125,23,41,0,4.88,"f",0.72
8293,"31/05/2012","N/A","f",1,"t","Blacktown",-33.70065,150.88735,"Private room",2,1,1,"$126.00",2,1125,29,0,0,NA,"f",NA
2895,"2/09/2015","within a day","f",2,"t","Sydney",-33.88482,151.20981,"Entire home/apt",2,1,1,"$179.00",1,1125,8,118,1,4.68,"f",1.5
12014,"24/02/2013","within an hour","t",92,"t","Sydney",-33.86117855,151.206258,"Entire home/apt",8,2,3,"$509.00",2,365,3,83,4,4.83,"t",6.34
17195,"27/03/2023","within an hour","f",6,"t","Hornsby",-33.62745558,151.0662374,"Entire home/apt",12,2.5,5,"$596.00",2,365,27,7,2,4.86,"t",2.5
11618,"5/10/2021","within an hour","t",1,"t","Manly",-33.79371246,151.2866333,"Private room",3,3,1,"$234.00",1,21,23,2,0,4.5,"t",0.15
13784,"19/09/2024","within an hour","f",1,"t","Penrith",-33.76565882,150.7259382,"Private room",2,1,1,"$59.00",1,30,26,6,0,4.17,"f",0.69
12084,"12/10/2021","within an hour","f",34,"t","Sydney",-33.8750557,151.2144824,"Entire home/apt",6,3,3,"$427.00",2,365,7,25,2,4.88,"t",2
8403,"17/12/2018","within an hour","t",18,"t","Waverley",-33.88938784,151.2766946,"Entire home/apt",2,1,1,"$147.00",3,365,22,88,3,4.84,"f",3.57
5450,"29/08/2012","N/A","f",1,"t","Warringah",-33.78103,151.28592,"Entire home/apt",2,NA,1,"",2,1125,0,7,0,4.71,"f",0.17
13254,"18/07/2024","within an hour","f",9,"t","Burwood",-33.87809236,151.0978227,"Private room",4,1,1,"$52.00",30,365,29,2,1,5,"f",0.22
3668,"17/08/2019","within an hour","f",1,"t","Woollahra",-33.87424,151.23462,"Entire home/apt",6,2,2,"$332.00",3,1125,9,146,2,4.96,"t",2.06
13847,"17/04/2024","within an hour","f",13,"t","Rockdale",-33.95624137,151.143858,"Entire home/apt",4,2,2,"$148.00",4,365,6,19,3,4.63,"t",2.37
16249,"24/05/2015","N/A","f",1,"t","Sydney",-33.89476608,151.2102465,"Private room",1,1,1,"$190.00",3,365,28,0,0,NA,"f",NA
18089,"10/07/2013","within an hour","f",244,"t","Manly",-33.79869121,151.2875764,"Entire home/apt",4,2,2,"$497.00",1,1125,2,0,0,NA,"t",NA
14068,"20/08/2015","within a few hours","f",2,"t","Sydney",-33.87354,151.19801,"Entire home/apt",4,2,2,"$1,200.00",90,365,29,1,0,5,"t",0.18
15404,"20/11/2015","N/A","f",1,"t","Waverley",-33.88836,151.2613973,"Entire home/apt",2,NA,1,"",2,365,0,3,0,4.67,"f",0.54
8176,"29/08/2024","N/A","f",39,"t","North Sydney",-33.82702,151.22007,"Entire home/apt",2,1,1,"$249.00",84,1125,1,0,0,NA,"t",NA
1602,"31/07/2016","within an hour","t",3,"t","Sydney",-33.87917,151.21332,"Entire home/apt",3,1,0,"$132.00",5,1125,8,159,1,4.62,"f",2.06
4749,"2/06/2018","N/A","f",1,"f","Liverpool",-33.88763,150.83947,"Private room",2,NA,2,"",90,1125,29,0,0,NA,"t",NA
631,"30/01/2013","within a few hours","t",1,"t","Randwick",-33.96818,151.2519,"Entire home/apt",5,1,2,"$170.00",6,90,11,246,1,4.92,"f",1.82
17106,"29/12/2012","a few days or more","f",1,"t","Auburn",-33.8520301,151.070656,"Entire home/apt",4,1,2,"$240.00",3,365,22,0,0,NA,"f",NA
17982,"4/04/2023","within an hour","f",23,"t","Canterbury",-33.90981615,151.1180515,"Entire home/apt",5,2,2,"$160.00",1,365,16,0,0,NA,"t",NA
13962,"22/09/2024","within an hour","f",2,"t","Penrith",-33.75974,150.70768,"Entire home/apt",2,1,1,"$91.00",1,365,18,44,4,4.64,"t",6.88
7492,"18/02/2017","within a few hours","t",8,"t","Sutherland Shire",-34.06536863,151.1476318,"Entire home/apt",9,2,3,"$1,029.00",3,365,29,0,0,NA,"t",NA
9947,"10/07/2013","within an hour","f",244,"t","Waverley",-33.89911,151.26163,"Entire home/apt",10,3.5,5,"$1,615.00",1,1125,0,0,0,NA,"t",NA
15188,"5/12/2024","within an hour","f",22,"t","Sydney",-33.9127833,151.2100865,"Entire home/apt",2,NA,1,"",7,365,0,0,0,NA,"f",NA
6012,"6/08/2019","N/A","f",33,"t","Sydney",-33.8874,151.20071,"Entire home/apt",3,1,1,"$163.00",2,90,8,108,1,4.65,"f",2.68
14906,"9/10/2019","within a day","f",17,"t","Sydney",-33.9091744,151.2049538,"Entire home/apt",4,2,2,"$224.00",1,365,14,0,0,NA,"f",NA
15011,"7/08/2013","within a day","f",6,"t","Sydney",-33.87726067,151.1964931,"Private room",2,0.5,1,"$193.00",2,50,29,2,0,4.5,"f",0.42
5320,"21/11/2020","within an hour","f",5,"t","Willoughby",-33.793,151.18077,"Private room",2,3,1,"$58.00",5,1125,0,24,0,3.83,"t",0.47
4843,"10/12/2015","within an hour","f",32,"t","Auburn",-33.82773,151.07476,"Entire home/apt",4,2,2,"$245.00",2,1125,29,10,0,4.7,"f",0.18
7689,"2/04/2018","N/A","f",2,"f","Warringah",-33.73623366,151.2180954,"Entire home/apt",12,2.5,5,"$1,425.00",90,365,22,2,0,5,"f",0.35
11653,"26/03/2024","within an hour","f",2,"t","Willoughby",-33.79422638,151.1855442,"Entire home/apt",3,1,1,"$154.00",2,365,2,14,2,4.5,"t",1.19
17960,"2/06/2023","within an hour","f",31,"t","Sydney",-33.89957425,151.2149122,"Private room",2,1,1,"$89.00",10,365,18,0,0,NA,"f",NA
17631,"20/06/2019","N/A","f",53,"t","Randwick",-33.9132023,151.250032,"Entire home/apt",4,1,2,"$233.00",2,90,6,0,0,NA,"f",NA
11027,"14/04/2023","within an hour","f",81,"t","Auburn",-33.82553601,151.0783817,"Entire home/apt",5,2,2,"$155.00",1,365,0,36,0,4.36,"f",2.25
12869,"13/05/2015","within an hour","f",1,"t","Marrickville",-33.90573953,151.134911,"Entire home/apt",3,2,2,"$160.00",7,30,0,1,0,5,"f",0.25
7685,"13/07/2018","within an hour","f",31,"t","Canada Bay",-33.85333384,151.0885124,"Private room",1,1,1,"$111.00",1,365,29,6,0,4.67,"f",0.22
13707,"29/08/2024","N/A","f",39,"t","North Sydney",-33.8482793,151.2153918,"Entire home/apt",2,1,1,"$244.00",84,1125,0,2,0,4.5,"f",0.57
5171,"8/04/2020","within an hour","f",180,"t","Sydney",-33.869015,151.204376,"Entire home/apt",3,1,0,"$279.00",2,365,0,39,0,4.51,"f",0.8
11,"3/04/2011","N/A","f",1,"f","Ku-Ring-Gai",-33.70174,151.12481,"Private room",1,1,1,"$80.00",90,730,0,22,0,4.9,"f",0.13
3123,"15/10/2012","within an hour","",86,"t","Sydney",-33.85871,151.20183,"Entire home/apt",10,1.5,3,"$300.00",1,1125,5,152,4,4.82,"f",1.99
18175,"13/01/2025","N/A","f",57,"t","Holroyd",-33.83359,150.99413,"Entire home/apt",4,2,2,"$152.00",1,365,24,0,0,NA,"f",NA
14588,"7/06/2017","within an hour","t",3,"t","Sydney",-33.8943843,151.202882,"Entire home/apt",2,1,1,"$117.00",2,68,20,15,2,4.93,"f",2.28
2455,"13/05/2014","within an hour","f",55,"t","Sydney",-33.8703,151.2084,"Entire home/apt",2,1,1,"$180.00",90,1125,16,18,0,4.44,"f",0.22
14139,"25/04/2024","within a few hours","t",4,"t","Sutherland Shire",-34.04001345,151.1411177,"Entire home/apt",2,NA,1,"",100,365,28,10,0,4.9,"t",1.73
10580,"24/11/2020","within an hour","f",4,"t","Mosman",-33.82516,151.24956,"Private room",2,1.5,1,"$80.00",3,180,12,27,1,4.41,"f",1.76
2300,"6/03/2018","N/A","f",1,"t","Bankstown",-33.9086,151.03353,"Private room",2,1,1,"$82.00",90,1125,29,3,0,4,"f",0.03
10588,"11/01/2020","within an hour","t",45,"t","Ryde",-33.7790393,151.1218792,"Entire home/apt",5,2,3,"$326.00",4,365,10,6,0,4.83,"f",0.34
8124,"19/03/2023","a few days or more","f",1,"t","Warringah",-33.75518085,151.2284345,"Entire home/apt",4,1,2,"$193.00",1,365,29,1,0,5,"f",0.04
9073,"31/12/2020","within an hour","t",13,"t","Lane Cove",-33.82629,151.19389,"Entire home/apt",6,2,2,"$196.00",30,365,29,76,0,4.8,"f",3.15
6147,"20/05/2017","within an hour","f",1,"t","Pittwater",-33.63669,151.32848,"Entire home/apt",2,2,1,"$200.00",1,30,19,106,2,4.8,"f",2.81
17373,"21/08/2014","within an hour","t",8,"t","Rockdale",-33.93666,151.15635,"Private room",4,1.5,1,"$74.00",1,365,10,6,4,5,"t",4.74
3037,"30/07/2015","within a day","t",2,"t","Randwick",-33.91499,151.25037,"Entire home/apt",4,1,2,"$262.00",7,300,0,7,0,4.71,"f",0.11
9882,"1/05/2014","N/A","f",1,"t","Manly",-33.79404,151.27935,"Entire home/apt",8,3,5,"$630.00",20,20,10,0,0,NA,"f",NA
14129,"12/04/2019","within an hour","f",63,"t","Ryde",-33.8107895,151.1024049,"Private room",2,1.5,1,"$58.00",1,89,18,10,0,3.5,"f",1.36
4893,"11/08/2011","N/A","f",1,"t","Waverley",-33.89523,151.2696,"Entire home/apt",4,NA,2,"",3,365,0,4,0,5,"t",0.12
3566,"28/08/2017","N/A","f",1,"t","Sydney",-33.91387,151.20896,"Private room",2,1,1,"$100.00",90,1125,29,0,0,NA,"f",NA
6885,"2/12/2020","within an hour","t",1,"t","Ryde",-33.81901,151.09574,"Entire home/apt",4,1,1,"$212.00",4,50,15,16,2,4.94,"f",0.47
529,"17/05/2015","within an hour","f",1,"t","Sydney",-33.87064,151.20737,"Entire home/apt",2,1,1,"$297.00",14,120,3,36,0,4.94,"f",0.3
3257,"20/01/2019","within an hour","t",5,"t","Randwick",-33.91872,151.242,"Hotel room",2,1,0,"$182.00",1,1125,19,91,0,4.53,"t",1.18
8853,"19/02/2020","within an hour","f",22,"t","Botany Bay",-33.92418337,151.1842859,"Entire home/apt",4,1,1,"$172.00",2,1125,17,13,1,4.62,"f",0.63
13328,"17/06/2016","within an hour","t",9,"t","Sutherland Shire",-34.0536329,151.1547254,"Entire home/apt",6,NA,3,"",1,365,17,5,3,4.6,"t",0.75
6941,"1/10/2012","within an hour","f",45,"t","Sydney",-33.8927295,151.2147293,"Entire home/apt",11,2,5,"$287.00",3,90,17,105,3,4.88,"t",3.22
4528,"21/12/2017","N/A","f",1,"t","Rockdale",-33.92855,151.1503,"Private room",2,1,1,"$72.00",90,1125,29,0,0,NA,"t",NA
4120,"10/05/2014","N/A","f",1,"t","Manly",-33.7966,151.28186,"Entire home/apt",6,2,3,"$657.00",14,30,27,13,0,5,"f",0.19
6334,"1/10/2012","within an hour","f",45,"t","Sydney",-33.896183,151.181702,"Entire home/apt",4,1.5,2,"$243.00",90,365,24,16,0,4.63,"t",0.43
2973,"26/08/2016","within an hour","t",24,"t","Sydney",-33.87906,151.2096,"Entire home/apt",5,1,1,"$430.00",1,1125,29,124,0,4.85,"t",1.52
16746,"24/01/2016","within a few hours","f",1,"t","Randwick",-33.96835571,151.2497323,"Entire home/apt",6,3.5,4,"$540.00",5,365,0,0,0,NA,"f",NA
15138,"5/12/2013","within an hour","t",64,"t","Sutherland Shire",-34.0541918,151.1404972,"Entire home/apt",8,2,4,"$663.00",4,365,8,2,0,5,"f",0.36
11544,"8/03/2021","N/A","f",1,"t","Sydney",-33.9162063,151.1994665,"Private room",2,1,1,"$148.00",1,6,26,3,0,5,"f",0.41
5418,"19/03/2013","within an hour","f",2,"t","Sydney",-33.874645,151.225571,"Entire home/apt",2,1.5,1,"$110.00",2,365,1,9,1,4.89,"f",0.18
12235,"28/10/2021","within a day","f",1,"t","Sutherland Shire",-34.01089947,151.2045674,"Entire home/apt",10,2,4,"$900.00",2,365,0,3,0,5,"f",0.35
4118,"18/12/2019","within an hour","t",25,"t","Sydney",-33.859104,151.203033,"Entire home/apt",16,4,6,"$545.00",1,300,6,77,1,4.88,"f",1.18
8508,"22/03/2023","within an hour","t",12,"t","North Sydney",-33.83253443,151.204466,"Entire home/apt",2,1,0,"$139.00",1,365,22,66,1,4.92,"f",2.62
2614,"31/08/2017","within an hour","f",54,"t","Willoughby",-33.79612732,151.1884155,"Entire home/apt",2,1,1,"$173.00",90,365,17,8,1,4.75,"t",0.16
3072,"16/11/2018","within a day","f",2,"t","Sydney",-33.87935,151.20813,"Entire home/apt",5,2,2,"$383.00",1,1125,0,15,0,4,"t",0.23
1889,"13/11/2014","within a day","t",82,"t","Pittwater",-33.59499025,151.3208614,"Entire home/apt",8,3,5,"$1,326.00",1,1125,28,3,0,5,"f",0.04
14427,"21/01/2019","within an hour","t",13,"t","Sydney",-33.90724,151.20162,"Private room",4,2,2,"$404.00",1,365,29,5,0,4.2,"t",0.87
895,"22/04/2015","N/A","f",1,"t","Sydney",-33.86317,151.20462,"Entire home/apt",2,1,1,"$390.00",12,48,22,11,0,4.91,"f",0.09
6727,"8/01/2016","within an hour","t",1,"t","Sutherland Shire",-34.0521874,151.1539267,"Entire home/apt",6,2,3,"$338.00",2,1125,11,56,2,4.84,"f",1.76
18098,"23/05/2025","within an hour","f",22,"t","Botany Bay",-33.9225565,151.1843861,"Entire home/apt",2,1,1,"$140.00",7,365,10,0,0,NA,"f",NA
6462,"10/07/2016","within a few hours","t",2,"t","Pittwater",-33.64924,151.30386,"Private room",2,1,1,"$162.00",1,28,28,34,0,5,"f",0.97
3573,"5/05/2019","within an hour","t",1,"t","Pittwater",-33.6384,151.30843,"Entire home/apt",2,1,0,"$275.00",2,1125,21,210,2,4.97,"t",2.84
5207,"30/12/2016","within an hour","t",4,"t","Pittwater",-33.63648,151.30481,"Entire home/apt",4,1,2,"$551.00",1,21,5,24,2,5,"f",1.1
645,"4/05/2013","N/A","f",2,"t","Waverley",-33.87557,151.2791,"Private room",2,2,1,"$120.00",90,1125,29,0,0,NA,"f",NA
7773,"1/07/2014","within an hour","f",1,"t","Sydney",-33.88653585,151.1980715,"Entire home/apt",4,1,2,"$286.00",2,180,4,55,0,4.82,"f",2.01
6584,"26/12/2018","within an hour","t",1,"t","Sutherland Shire",-34.0591,151.08621,"Entire home/apt",2,1,1,"$189.00",2,365,25,37,0,4.95,"f",1.12
6466,"1/11/2015","within a few hours","f",1,"t","Botany Bay",-33.94781,151.22674,"Entire home/apt",4,1,2,"$125.00",4,730,27,6,0,5,"f",0.17
6963,"10/10/2022","within an hour","t",2,"t","Leichhardt",-33.85845,151.19136,"Entire home/apt",5,1,2,"$293.00",1,365,23,62,0,4.81,"f",1.97
17438,"24/05/2023","within an hour","f",12,"t","Botany Bay",-33.92264,151.18671,"Entire home/apt",2,1,1,"$117.00",5,365,17,0,0,NA,"f",NA
17528,"15/12/2019","within an hour","f",2,"t","Holroyd",-33.8127789,150.9741937,"Private room",1,1,1,"$71.00",2,365,29,0,0,NA,"f",NA
15013,"21/01/2011","within an hour","t",8,"t","Botany Bay",-33.93528,151.19317,"Entire home/apt",3,1,1,"$163.00",1,365,0,1,0,4,"t",0.28
4902,"15/12/2020","within an hour","t",1,"t","Sydney",-33.85951,151.20218,"Entire home/apt",4,1,2,"$257.00",2,1125,7,214,3,4.79,"f",3.98
18010,"23/06/2017","within an hour","",26,"t","Botany Bay",-33.92321063,151.1859694,"Entire home/apt",2,1,1,"$153.00",2,365,10,0,0,NA,"t",NA
15379,"15/08/2018","within a few hours","t",1,"t","North Sydney",-33.82702,151.20613,"Private room",2,0.5,1,"$123.00",1,365,10,9,0,5,"f",1.57
16220,"26/08/2024","within an hour","f",5,"t","Lane Cove",-33.8216298,151.1504626,"Entire home/apt",4,2,2,"$145.00",2,365,3,5,0,5,"t",1.72
6985,"29/08/2024","N/A","f",39,"t","North Sydney",-33.8326057,151.2263113,"Entire home/apt",2,1,1,"$227.00",5,1125,25,5,0,4.6,"t",0.17
2971,"11/01/2015","within an hour","t",1,"t","Marrickville",-33.89708,151.17146,"Entire home/apt",4,1.5,2,"$259.00",2,1125,14,85,3,4.88,"f",3.97
15675,"3/01/2017","within an hour","t",37,"t","Ku-Ring-Gai",-33.78702221,151.1803626,"Entire home/apt",8,3.5,4,"$282.00",1,365,3,18,3,4.89,"t",3.62
1316,"9/12/2016","N/A","f",1,"f","Sutherland Shire",-34.07058,151.15587,"Entire home/apt",6,2.5,3,"$425.00",90,1125,27,32,0,4.91,"t",0.31
16112,"23/03/2024","within an hour","f",1,"t","Ku-Ring-Gai",-33.7418996,151.1606202,"Entire home/apt",2,1,1,"$159.00",1,365,6,6,0,5,"f",1.42
937,"5/04/2015","within a day","f",2,"t","Parramatta",-33.80387,151.02909,"Private room",2,1,1,"$67.00",90,720,29,10,0,4.6,"f",0.1
11744,"24/07/2019","N/A","f",912,"t","Randwick",-33.92383,151.22819,"Entire home/apt",6,2,3,"$293.00",3,365,20,20,2,4.05,"t",1.35
5351,"11/10/2019","within an hour","f",138,"t","Sydney",-33.90528,151.20787,"Entire home/apt",4,2,2,"$339.00",2,1125,22,12,0,4.83,"f",0.28
5132,"12/02/2021","within an hour","t",1,"t","Warringah",-33.7354,151.29477,"Entire home/apt",2,1,1,"$114.00",2,1125,8,175,4,4.98,"f",3.36
17779,"15/04/2025","within a few hours","f",20,"t","Sydney",-33.89363,151.20221,"Entire home/apt",4,1,1,"$148.00",1,365,6,2,2,4,"f",2
6003,"8/09/2015","within a day","f",1,"t","Randwick",-33.94008,151.23684,"Entire home/apt",2,1,1,"$182.00",9,365,0,8,0,5,"f",0.23
6124,"13/08/2018","within an hour","f",57,"t","Sydney",-33.87959,151.20452,"Entire home/apt",5,2,2,"$319.00",1,365,5,188,3,4.67,"f",5.11
919,"10/03/2016","within a day","f",1,"t","Mosman",-33.83096,151.23049,"Entire home/apt",12,2.5,5,"$800.00",7,30,0,14,0,4.86,"f",0.21
9132,"18/07/2017","within an hour","t",13,"t","Auburn",-33.83183764,151.0725942,"Entire home/apt",4,2,2,"$177.00",2,365,17,37,0,4.89,"t",1.62
4409,"17/06/2020","N/A","f",9,"t","The Hills Shire",-33.74626,150.95641,"Entire home/apt",2,1,1,"$386.00",1,1125,29,7,0,5,"f",0.12
13691,"7/09/2015","within an hour","f",1,"t","Willoughby",-33.81538972,151.2048752,"Entire home/apt",6,1.5,2,"$299.00",2,365,24,5,0,4.8,"t",0.79
11971,"4/08/2015","within a few hours","t",2,"t","Warringah",-33.78552866,151.249301,"Entire home/apt",2,1,1,"$175.00",2,14,14,8,0,5,"f",0.77
17104,"8/09/2020","within an hour","f",1,"t","Marrickville",-33.89589923,151.1643343,"Entire home/apt",8,3.5,4,"$564.00",2,120,0,1,0,5,"f",0.53
1048,"27/08/2014","within a day","f",1,"t","Leichhardt",-33.85904,151.17183,"Entire home/apt",6,2,3,"$572.00",3,45,13,19,0,5,"f",0.32
11854,"24/07/2019","N/A","f",912,"t","Sydney",-33.8792428,151.1813574,"Entire home/apt",2,1,0,"$142.00",3,365,0,7,0,3.57,"t",0.51
10003,"23/05/2012","within a few hours","t",117,"t","Waverley",-33.8978441,151.269472,"Entire home/apt",4,NA,2,"",5,89,0,2,0,5,"f",0.12
8300,"23/05/2012","within a few hours","t",117,"t","Sydney",-33.9010933,151.2042793,"Entire home/apt",4,2,2,"$310.00",5,89,26,22,0,4.82,"f",0.92
3276,"9/09/2014","within an hour","f",28,"t","Sydney",-33.87259,151.22417,"Entire home/apt",2,1,0,"$400.00",1,1125,12,28,0,4.54,"f",0.38
167,"6/02/2014","within an hour","",28,"t","Woollahra",-33.87635,151.23235,"Entire home/apt",4,1,2,"$227.00",5,100,2,243,0,4.91,"f",2.17
3088,"22/12/2014","a few days or more","f",1,"t","Sydney",-33.90387,151.1959,"Private room",2,NA,NA,"",90,1125,28,1,0,5,"f",0.01
11341,"11/08/2015","within an hour","f",34,"t","Woollahra",-33.8847,151.22803,"Entire home/apt",4,3,2,"$675.00",90,365,0,1,0,5,"f",0.07
7299,"4/08/2017","within an hour","f",1,"t","Leichhardt",-33.8870242,151.1584788,"Entire home/apt",4,2,2,"$243.00",1,14,12,99,3,4.92,"f",3.2
6094,"16/04/2018","within a few hours","f",1,"t","Sydney",-33.87579,151.20737,"Entire home/apt",2,1,1,"$392.00",3,400,18,5,0,5,"f",0.31
15645,"2/02/2020","within an hour","f",1,"t","Randwick",-33.92409333,151.251291,"Private room",2,1,1,"$103.00",2,365,2,6,0,4.67,"f",1.54
1934,"22/08/2017","N/A","f",2,"t","Waverley",-33.89534347,151.2711898,"Entire home/apt",5,1,2,"$450.00",90,1125,29,59,0,4.88,"f",0.77
3884,"28/12/2018","N/A","f",1,"t","Holroyd",-33.8136,150.97204,"Private room",2,0.5,1,"$81.00",1,365,27,0,0,NA,"f",NA
14110,"30/11/2023","within a few hours","f",49,"t","Sydney",-33.88392,151.20372,"Entire home/apt",2,NA,1,"",5,365,0,1,0,1,"f",0.18
16536,"12/11/2020","within an hour","f",5,"t","North Sydney",-33.84977923,151.2167599,"Entire home/apt",5,NA,2,"",1,1125,0,2,1,5,"t",1.36
14412,"7/03/2024","within an hour","t",31,"t","The Hills Shire",-33.78191,151.04523,"Entire home/apt",8,2,3,"$143.00",1,365,11,37,5,4.95,"f",4.64
10027,"5/01/2015","within a few hours","f",2,"t","Waverley",-33.89671,151.24449,"Entire home/apt",6,1,4,"$664.00",2,365,22,6,0,4.83,"f",0.36
11993,"23/06/2018","within an hour","f",4,"t","Rockdale",-33.95643405,151.1486881,"Private room",2,2,1,"$85.00",3,365,24,2,0,5,"f",0.59
13036,"22/09/2015","within a few hours","f",37,"t","Liverpool",-33.91583767,150.927432,"Entire home/apt",6,NA,3,"",2,365,29,3,1,4.33,"f",0.54
671,"18/09/2013","within an hour","t",1,"t","Sydney",-33.88254,151.21094,"Entire home/apt",4,1,2,"$277.00",4,90,4,162,2,4.94,"t",1.14
14107,"25/08/2019","within an hour","f",169,"t","Liverpool",-33.9175514,150.911746,"Private room",2,1,1,"$49.00",1,89,19,5,0,4,"f",0.73
7296,"16/06/2021","within an hour","f",57,"t","Sydney",-33.88032,151.1992,"Entire home/apt",4,1,2,"$214.00",2,120,3,78,3,4.65,"f",2.52
15156,"5/12/2022","within an hour","f",1,"t","Hornsby",-33.69633,151.09763,"Entire home/apt",10,3.5,5,"$296.00",2,365,9,11,1,4.91,"t",3.3
16497,"15/10/2012","within an hour","t",27,"t","Mosman",-33.8148227,151.2444438,"Entire home/apt",4,2,3,"$205.00",1,365,0,6,3,5,"f",3.46
6237,"27/12/2012","within an hour","t",2,"t","Sydney",-33.89465,151.20456,"Private room",1,2,2,"$143.00",10,365,23,16,0,4.94,"f",0.7
3084,"2/04/2013","within a day","f",1,"t","Manly",-33.80146,151.2883,"Entire home/apt",4,1,1,"$220.00",1,4,28,48,0,4.35,"f",0.63
2228,"31/10/2015","within an hour","f",1,"t","Manly",-33.79866,151.28933,"Entire home/apt",3,1,2,"$115.00",12,730,18,157,1,4.57,"t",1.64
13848,"27/06/2017","within an hour","f",46,"t","Marrickville",-33.8900031,151.1749907,"Entire home/apt",8,2,4,"$381.00",2,45,13,10,0,4.6,"t",1.18
5433,"19/06/2010","within an hour","t",1,"t","Sutherland Shire",-34.08702,151.15618,"Entire home/apt",6,1,3,"$437.00",2,31,25,59,1,4.88,"f",1.35
7512,"29/03/2019","N/A","f",1,"t","Randwick",-33.92449,151.25743,"Private room",2,NA,3,"",7,45,29,4,0,4.5,"f",0.13
5864,"20/11/2020","within a few hours","f",1,"t","North Sydney",-33.84774,151.21666,"Entire home/apt",4,1,2,"$700.00",5,14,29,3,0,4.67,"f",0.15
7632,"28/02/2016","within an hour","f",1,"t","Leichhardt",-33.86683,151.17412,"Entire home/apt",4,1,1,"$217.00",1,20,25,75,1,4.67,"f",2.78
11233,"2/12/2022","within an hour","t",3,"t","Blacktown",-33.7707215,150.8366443,"Private room",3,1,1,"$65.00",5,31,29,56,4,4.89,"f",3.51
9173,"15/03/2021","within a few hours","",8,"t","Sydney",-33.87294,151.21724,"Entire home/apt",4,1,2,"$386.00",2,180,21,21,3,5,"f",0.98
15072,"6/05/2020","within a day","f",7,"t","Marrickville",-33.9035158,151.1428229,"Private room",2,1,0,"$131.00",3,28,28,1,0,1,"f",0.18
3080,"24/07/2019","N/A","f",912,"t","Sydney",-33.86948,151.22105,"Entire home/apt",3,1,0,"$181.00",3,365,23,135,0,4.3,"t",1.71
12341,"6/07/2014","within an hour","t",19,"t","Sydney",-33.9148401,151.2068738,"Entire home/apt",4,2,2,"$188.00",2,365,3,40,1,4.9,"f",3.17
8230,"3/01/2017","a few days or more","f",3,"t","Leichhardt",-33.8574,151.18394,"Private room",2,1,1,"$200.00",1,365,28,0,0,NA,"f",NA
11549,"16/04/2018","within a few hours","t",7,"t","Waverley",-33.88616695,151.2832129,"Entire home/apt",5,1,2,"$270.00",21,365,28,0,0,NA,"f",NA
12529,"25/04/2014","N/A","f",1,"t","Randwick",-33.94618175,151.2557281,"Private room",1,NA,NA,"",3,365,0,8,0,5,"f",0.75
17254,"28/05/2017","within an hour","f",50,"t","Campbelltown",-34.08475418,150.8335514,"Entire home/apt",12,3,5,"$254.00",3,365,23,2,2,5,"t",2
9200,"21/03/2015","within an hour","t",5,"t","Marrickville",-33.89633,151.17955,"Private room",3,1,1,"$76.00",30,365,8,3,0,5,"t",0.23
16732,"6/05/2024","within an hour","f",14,"t","Ryde",-33.7901465,151.0766207,"Entire home/apt",4,2,2,"$205.00",2,365,14,0,0,NA,"t",NA
8158,"28/11/2022","within an hour","f",3,"t","Blacktown",-33.68826,150.91212,"Entire home/apt",8,2.5,4,"$187.00",2,365,3,61,4,4.82,"f",2.23
5972,"3/04/2022","within a day","f",1,"t","Warringah",-33.77731,151.27441,"Entire home/apt",7,2,3,"$495.00",7,60,25,1,0,4,"f",0.03
5817,"26/08/2016","within an hour","f",78,"t","Ashfield",-33.89294,151.13345,"Entire home/apt",3,0,0,"$143.00",90,365,17,19,0,4.42,"t",0.49
18142,"30/11/2023","within a few hours","f",49,"t","Botany Bay",-33.9219,151.19311,"Entire home/apt",4,2,2,"$142.00",5,365,11,0,0,NA,"f",NA
1339,"13/12/2016","within an hour","f",5,"t","Sutherland Shire",-34.04265,151.15698,"Entire home/apt",3,1,1,"$128.00",2,1125,24,70,0,4.67,"f",0.7
7710,"26/06/2014","within an hour","t",1,"t","Sydney",-33.85909,151.20336,"Entire home/apt",6,2,3,"$410.00",2,1125,14,99,4,4.86,"t",3.51
1024,"23/05/2012","within a few hours","t",117,"t","Waverley",-33.89738083,151.2736969,"Entire home/apt",4,1,2,"$313.00",5,89,24,32,0,4.81,"f",0.3
1220,"12/05/2016","N/A","f",1,"f","Blacktown",-33.73571,150.93814,"Private room",1,3,1,"$57.00",90,1125,26,0,0,NA,"f",NA
11974,"11/10/2019","within an hour","f",138,"t","Canada Bay",-33.82663061,151.0844242,"Entire home/apt",4,2,2,"$678.00",2,365,29,10,0,4.8,"f",0.78
2240,"30/05/2013","within an hour","",9,"t","Waverley",-33.89272,151.24689,"Entire home/apt",4,2,2,"$665.00",90,1125,16,114,0,4.9,"f",1.24
7129,"22/11/2014","within an hour","t",23,"t","Sydney",-33.86782716,151.2049306,"Entire home/apt",3,1,0,"$199.00",2,365,1,65,0,4.97,"t",3.67
6948,"24/07/2019","N/A","f",912,"t","Ryde",-33.80984,151.10829,"Entire home/apt",4,1,2,"$186.00",3,365,18,21,0,4.33,"t",0.64
2847,"4/04/2017","within an hour","t",4,"t","Sydney",-33.90709761,151.1907059,"Entire home/apt",2,1,1,"$176.00",2,1125,16,265,5,4.83,"f",3.3
3135,"21/10/2016","N/A","f",1,"f","Rockdale",-33.95411,151.14497,"Private room",1,1,1,"$67.00",90,1125,29,5,0,4.8,"f",0.06
3047,"19/11/2018","N/A","f",1,"t","Waverley",-33.89883,151.26835,"Private room",2,1.5,1,"$200.00",90,1125,29,0,0,NA,"t",NA
7120,"12/12/2020","within an hour","f",16,"t","Blacktown",-33.76545,150.87439,"Private room",2,1,1,"$60.00",1,365,25,15,0,5,"f",0.48
15836,"4/12/2024","within a few hours","f",53,"t","Randwick",-33.91362,151.23972,"Entire home/apt",4,1,2,"$226.00",7,365,0,0,0,NA,"f",NA
6997,"13/12/2018","within an hour","t",2,"t","Waverley",-33.89072694,151.2828905,"Entire home/apt",2,1,0,"$225.00",2,365,0,86,0,4.77,"t",2.8
8233,"1/09/2024","N/A","f",44,"t","North Sydney",-33.8248,151.20043,"Entire home/apt",2,1,1,"$187.00",5,1125,3,3,1,4.33,"t",0.14
14783,"12/11/2024","within a few hours","f",20,"t","Sydney",-33.9148782,151.2090551,"Entire home/apt",4,NA,2,"",7,30,0,0,0,NA,"f",NA
10757,"21/07/2015","within an hour","t",24,"t","Sydney",-33.8744848,151.2076265,"Entire home/apt",6,2,3,"$532.00",4,365,0,55,0,4.98,"f",3.11
4854,"23/04/2018","N/A","f",46,"t","Sydney",-33.8634,151.20784,"Entire home/apt",4,1,2,"$247.00",2,90,3,66,0,4.42,"f",1.5
6221,"2/05/2022","within an hour","f",3,"t","Hornsby",-33.76642,151.05871,"Private room",2,1,1,"$70.00",1,365,0,101,0,4.73,"f",2.7
8231,"3/01/2017","a few days or more","f",3,"t","Leichhardt",-33.85909,151.18416,"Private room",2,1,1,"$200.00",1,365,28,0,0,NA,"f",NA
14963,"29/01/2016","N/A","f",15,"t","Sydney",-33.91435,151.2096,"Entire home/apt",2,NA,1,"",5,365,0,2,0,3,"f",0.43
4758,"25/09/2020","within a few hours","f",4,"t","Willoughby",-33.7954,151.18015,"Entire home/apt",3,1,0,"$144.00",2,90,4,13,0,4.85,"f",0.46
417,"11/12/2012","N/A","f",1,"t","Woollahra",-33.88843,151.2378,"Entire home/apt",6,3,3,"$783.00",7,14,22,7,0,5,"f",0.06
15758,"2/02/2025","within an hour","f",9,"t","Sydney",-33.89012,151.20268,"Private room",6,NA,NA,"",1,365,26,0,0,NA,"t",NA
15136,"24/08/2016","within an hour","f",11,"t","Fairfield",-33.89155408,150.9415303,"Entire home/apt",4,1,2,"$115.00",1,365,10,2,0,5,"t",0.35
9890,"24/06/2018","within an hour","t",1,"t","Woollahra",-33.8871071,151.2328363,"Entire home/apt",4,1,2,"$173.00",2,365,5,93,6,4.77,"t",4.7
15826,"16/06/2021","within an hour","f",57,"t","Sydney",-33.87766598,151.188816,"Entire home/apt",4,NA,1,"",2,90,1,6,1,4.17,"f",2.4
18076,"19/04/2018","within an hour","f",59,"t","Sydney",-33.90198,151.2035436,"Entire home/apt",4,2,2,"$251.00",7,365,20,0,0,NA,"f",NA
4006,"18/10/2013","within an hour","f",2,"t","Ashfield",-33.90469,151.127457,"Entire home/apt",6,1,2,"$143.00",3,1125,24,50,0,4.84,"f",0.75
3899,"10/07/2019","N/A","f",3,"t","Parramatta",-33.81941,151.00454,"Entire home/apt",2,1,1,"$79.00",90,1125,29,23,0,4.52,"f",0.32
17936,"14/11/2021","within an hour","f",2,"t","Waverley",-33.8949921,151.2696216,"Entire home/apt",4,1,2,"$570.00",4,365,0,0,0,NA,"f",NA
2069,"2/01/2018","within an hour","t",1,"t","Canada Bay",-33.84168,151.10635,"Entire home/apt",4,1,2,"$108.00",1,730,14,129,2,4.7,"f",1.43
1362,"20/02/2013","within an hour","t",2,"t","Waverley",-33.8912,151.25682,"Entire home/apt",2,1,0,"$126.00",3,60,22,97,0,4.73,"f",0.91
9806,"8/05/2023","within an hour","f",2,"t","Parramatta",-33.82222,151.02152,"Entire home/apt",6,NA,3,"",2,365,0,30,0,4.9,"f",1.5
11021,"13/03/2013","N/A","f",1,"t","Waverley",-33.8968752,151.2700641,"Entire home/apt",4,NA,2,"",90,365,0,1,0,5,"f",0.06
14339,"12/05/2019","within an hour","f",7,"t","Ryde",-33.7792709,151.1148666,"Entire home/apt",3,1,1,"$165.00",2,365,29,4,0,4.25,"f",0.61
14009,"11/07/2021","within an hour","t",28,"t","Waverley",-33.86395,151.28036,"Private room",3,2,1,"$105.00",3,365,0,7,0,5,"f",0.98
11931,"1/02/2024","a few days or more","f",3,"t","Marrickville",-33.89607179,151.1543706,"Entire home/apt",4,1,1,"$171.00",90,365,28,0,0,NA,"f",NA
15928,"15/08/2011","within an hour","t",2,"t","Sydney",-33.87095,151.22906,"Entire home/apt",2,1,1,"$122.00",2,60,2,11,1,4.82,"f",2.41
17925,"24/07/2019","N/A","f",912,"t","Sydney",-33.8850023,151.2024332,"Entire home/apt",2,1,1,"$247.00",3,365,29,0,0,NA,"t",NA
5915,"9/09/2015","N/A","f",1,"t","Warringah",-33.77841,151.28183,"Entire home/apt",5,NA,3,"",90,1125,0,46,0,5,"f",1.19
13775,"13/04/2013","within a few hours","f",1,"t","Waverley",-33.88834,151.27739,"Entire home/apt",4,1,2,"$302.00",3,120,28,8,0,4.63,"f",1.22
8444,"23/05/2012","within a few hours","t",117,"t","Waverley",-33.8911458,151.2522131,"Entire home/apt",4,2,2,"$362.00",5,365,0,26,0,4.96,"f",1.12
4,"6/11/2010","within a few hours","t",1,"t","Mosman",-33.81748,151.23484,"Entire home/apt",4,1,1,"$179.00",2,90,0,447,5,4.64,"f",2.54
15768,"3/04/2014","within an hour","f",2,"t","Pittwater",-33.68112,151.29511,"Entire home/apt",5,2,3,"$370.00",1,100,28,2,0,5,"f",0.64
16984,"29/06/2021","within an hour","f",1,"t","Sydney",-33.8755562,151.2266017,"Entire home/apt",2,1,1,"$112.00",1,20,10,1,1,5,"f",1
11330,"5/01/2023","within an hour","f",50,"t","Randwick",-33.946447,151.2399578,"Private room",2,2,1,"$72.00",4,75,27,10,0,4.4,"f",0.73
11249,"13/05/2013","N/A","f",1,"t","Waverley",-33.87978065,151.2706448,"Entire home/apt",6,3,3,"$719.00",90,365,28,0,0,NA,"f",NA
1022,"25/06/2013","N/A","f",1,"f","Ryde",-33.82061,151.09754,"Private room",2,1.5,1,"$45.00",90,1125,29,0,0,NA,"f",NA
16488,"11/07/2021","within an hour","t",28,"t","Woollahra",-33.87547,151.27091,"Private room",2,2.5,1,"$99.00",2,365,13,5,1,5,"f",1.6
6953,"26/08/2020","within an hour","f",1,"t","Manly",-33.7879782,151.2814225,"Entire home/apt",5,1,3,"$600.00",2,30,6,4,0,4.75,"f",0.13
16305,"29/04/2016","within an hour","f",4,"t","Hornsby",-33.71147045,151.095472,"Private room",1,1,1,"$73.00",1,60,15,0,0,NA,"f",NA
12925,"7/11/2012","within an hour","t",11,"t","Waverley",-33.89205,151.2831,"Entire home/apt",4,1,1,"$152.00",1,365,2,16,4,4.75,"t",1.71
5179,"25/02/2021","within an hour","f",2,"t","Penrith",-33.80933,150.78139,"Private room",2,1,1,"$35.00",1,1125,0,40,2,4.48,"t",0.77
14726,"24/10/2011","within an hour","t",75,"t","Manly",-33.7886779,151.286997,"Entire home/apt",6,2,3,"$1,400.00",4,365,29,4,0,5,"f",0.79
12167,"10/07/2013","within an hour","f",244,"t","Woollahra",-33.87726,151.24654,"Entire home/apt",6,NA,3,"",1,1125,0,4,0,5,"t",0.35
9654,"15/02/2014","a few days or more","f",1,"t","Waverley",-33.90433806,151.2653675,"Entire home/apt",2,1,1,"$162.00",90,365,0,1,0,4,"f",0.06
17514,"19/12/2021","within a few hours","t",2,"t","Sydney",-33.8844289,151.2186554,"Entire home/apt",3,1,1,"$172.00",1,365,24,1,1,5,"f",1
59,"25/11/2013","within a day","f",9,"f","Waverley",-33.89072,151.27376,"Entire home/apt",3,1,0,"$120.00",90,1125,0,138,0,4.53,"f",1
16530,"20/11/2023","within an hour","t",4,"t","Sydney",-33.86923039,151.2062939,"Entire home/apt",4,1,1,"$275.00",1,365,10,18,6,4.94,"t",6.07
5599,"1/06/2021","within a day","t",1,"t","Manly",-33.79684,151.28546,"Entire home/apt",3,1,1,"$148.00",90,365,10,99,2,4.72,"f",2.66
16975,"12/04/2019","within an hour","f",63,"t","Holroyd",-33.8273106,150.9340294,"Entire home/apt",6,NA,3,"",4,365,29,2,0,4.5,"t",0.91
2095,"23/01/2013","within an hour","f",2,"t","Manly",-33.79881,151.27535,"Entire home/apt",2,1,1,"$220.00",3,60,28,73,0,4.88,"f",0.79
3382,"15/04/2019","N/A","f",1,"f","Mosman",-33.8178,151.24151,"Entire home/apt",2,1,1,"$78.00",90,1125,0,19,0,4.63,"f",0.25
14116,"30/11/2023","within a few hours","f",49,"t","Sydney",-33.91127,151.21158,"Entire home/apt",2,NA,1,"",7,365,0,0,0,NA,"f",NA
12607,"2/12/2019","N/A","f",1,"f","Fairfield",-33.88315,150.95466,"Private room",3,NA,NA,"",90,365,29,0,0,NA,"f",NA
1490,"18/10/2016","N/A","f",1,"t","Woollahra",-33.88557,151.26482,"Entire home/apt",6,2.5,3,"$713.00",90,90,22,1,0,5,"f",0.01
2012,"2/07/2014","within an hour","t",2,"t","Woollahra",-33.84764,151.28105,"Entire home/apt",5,2,2,"$139.00",10,415,4,25,0,4.8,"f",0.27
17327,"11/11/2024","N/A","f",6,"t","Botany Bay",-33.9237751,151.1875028,"Entire home/apt",2,1,1,"$118.00",10,365,0,0,0,NA,"f",NA
8018,"24/07/2019","N/A","f",912,"t","Marrickville",-33.89782,151.17572,"Entire home/apt",2,1,1,"$176.00",3,365,19,37,1,4.54,"t",1.34
7747,"12/11/2013","within an hour","t",1,"t","Sydney",-33.8762158,151.2194878,"Entire home/apt",2,NA,1,"",2,90,0,84,0,4.82,"f",2.91
1741,"2/12/2014","within a few hours","f",1,"t","Mosman",-33.820896,151.248856,"Entire home/apt",10,2.5,5,"$1,750.00",6,35,28,5,0,5,"f",0.06
54,"2/03/2014","N/A","f",1,"t","Waverley",-33.89883,151.2684,"Entire home/apt",6,3.5,3,"$860.00",90,1125,29,3,0,5,"f",0.03
285,"18/02/2015","within an hour","f",1,"t","Sutherland Shire",-34.00329,151.05988,"Entire home/apt",4,1,2,"$231.00",2,1125,16,41,0,4.61,"f",0.34
17243,"3/09/2023","within an hour","f",3,"t","Marrickville",-33.90235595,151.1403107,"Entire home/apt",4,2,2,"$129.00",1,365,2,3,3,4.67,"t",3
9107,"26/07/2013","N/A","f",1,"t","Auburn",-33.8463067,151.0387434,"Entire home/apt",2,1,1,"$200.00",90,360,29,0,0,NA,"t",NA
2935,"26/07/2013","within a few hours","t",1,"t","Sydney",-33.86869,151.22371,"Entire home/apt",4,1,1,"$233.00",3,180,11,154,1,4.92,"f",1.91
3975,"22/06/2019","within an hour","t",3,"t","Ashfield",-33.8953,151.12696,"Private room",2,1.5,1,"$67.00",3,365,0,19,0,4.58,"t",0.95
1106,"22/02/2015","N/A","f",1,"t","Waverley",-33.8887,151.27164,"Entire home/apt",2,1,0,"$114.00",90,1125,25,17,0,4.71,"f",0.15
2573,"6/07/2018","within an hour","f",7,"t","Sydney",-33.88439,151.21022,"Hotel room",4,1,1,"$350.00",1,1125,17,26,0,4.65,"t",0.36
629,"21/06/2015","N/A","f",1,"t","Randwick",-33.90984,151.2533,"Entire home/apt",8,NA,4,"",6,35,0,3,0,5,"f",0.02
3235,"14/01/2019","within an hour","f",1,"t","Leichhardt",-33.87924,151.17047,"Private room",5,2.5,3,"$188.00",2,1125,15,151,2,4.72,"t",1.95
1438,"2/07/2016","within an hour","t",1,"t","Randwick",-33.94256,151.25452,"Private room",1,1,1,"$114.00",1,31,29,103,0,4.82,"f",1.46
12453,"6/05/2024","within an hour","f",14,"t","Auburn",-33.8474957,151.0744719,"Entire home/apt",3,1,1,"$243.00",2,365,12,12,0,4.25,"t",0.98
15467,"10/12/2024","within a day","f",7,"t","Randwick",-33.91951,151.25185,"Private room",2,1,1,"$85.00",1,365,28,6,0,4.17,"f",1.32
6848,"19/04/2018","within an hour","f",59,"t","Marrickville",-33.90105,151.1779,"Entire home/apt",12,5,5,"$2,160.00",1,365,4,14,0,4.79,"f",0.42
8309,"26/04/2010","within an hour","f",51,"t","Waverley",-33.8893725,151.2800401,"Entire home/apt",4,1,2,"$342.00",2,365,26,61,1,4.85,"f",2.28
15465,"17/03/2017","N/A","f",9,"t","Sydney",-33.88963,151.20348,"Private room",2,1,1,"$136.00",1,365,29,2,0,3,"t",0.36
3258,"30/09/2018","within an hour","t",1,"t","Marrickville",-33.91909,151.15232,"Entire home/apt",2,1,1,"$160.00",3,365,29,107,2,4.93,"t",2.64
12664,"7/03/2024","within an hour","t",31,"t","City Of Kogarah",-33.96229,151.1348,"Entire home/apt",4,1,1,"$128.00",1,365,18,51,6,4.88,"f",4.55
14769,"11/07/2021","within an hour","t",28,"t","Waverley",-33.86214678,151.2810463,"Private room",3,2,1,"$133.00",2,365,0,1,0,5,"f",0.28
14377,"12/11/2024","within an hour","f",4,"t","Liverpool",-33.91576,150.9245,"Entire home/apt",6,2,2,"$154.00",2,365,18,21,2,4.81,"t",2.92
1918,"22/09/2014","within a few hours","f",1,"t","Pittwater",-33.606201,151.29689,"Entire home/apt",6,2,3,"$446.00",2,10,26,40,0,4.83,"f",0.44
18163,"23/05/2023","a few days or more","f",7,"t","Sydney",-33.88269,151.20332,"Entire home/apt",1,1,1,"$154.00",7,365,0,0,0,NA,"f",NA
12642,"27/12/2018","within an hour","t",5,"t","Auburn",-33.849106,151.0743945,"Entire home/apt",5,1,2,"$123.00",1,30,10,76,4,4.84,"f",6.48
13688,"9/06/2011","N/A","f",1,"t","North Sydney",-33.8193,151.23154,"Entire home/apt",7,2,4,"$618.00",5,60,22,2,0,5,"f",0.34
5313,"16/04/2019","within an hour","t",21,"t","Penrith",-33.76599,150.79082,"Entire home/apt",2,1,0,"$101.00",2,1125,20,64,1,4.84,"f",1.31
11413,"16/02/2014","within an hour","t",1,"t","Sutherland Shire",-34.0256,151.08297,"Private room",1,0.5,1,"$71.00",2,5,25,32,2,4.97,"f",2.01
17595,"9/11/2024","within an hour","f",4,"t","Marrickville",-33.9020184,151.1754015,"Entire home/apt",4,1,2,"$249.00",2,365,15,1,1,5,"f",1
7591,"31/03/2013","within an hour","t",2,"t","Warringah",-33.75440513,151.2934993,"Entire home/apt",4,1,2,"$202.00",1,1125,11,214,5,4.8,"t",7.54
9706,"10/07/2013","within an hour","f",244,"t","Woollahra",-33.88001,151.2238,"Entire home/apt",6,3,3,"$604.00",1,1125,26,4,0,4.5,"t",0.21
6241,"13/01/2018","within an hour","f",4,"t","Sydney",-33.89095,151.209,"Entire home/apt",10,1,2,"$230.00",4,365,8,0,0,NA,"f",NA
17620,"17/08/2017","within an hour","f",1,"f","Liverpool",-33.95058749,150.8533494,"Private room",2,1,1,"$73.00",1,365,28,4,4,5,"t",4
12933,"12/02/2022","within an hour","t",1,"t","Warringah",-33.77487,151.21771,"Entire home/apt",6,2,3,"$315.00",2,365,0,24,0,4.96,"f",2.32
17015,"27/03/2016","within an hour","f",7,"t","Woollahra",-33.88885,151.25737,"Entire home/apt",4,1,1,"$144.00",2,365,25,5,3,4.4,"t",3.26
15012,"19/02/2013","within an hour","f",2,"t","Sydney",-33.8788,151.21453,"Entire home/apt",4,1,1,"$126.00",1,60,8,30,3,4.73,"f",4.59
12407,"6/01/2015","within an hour","f",27,"t","Sydney",-33.9056847,151.2060893,"Entire home/apt",8,3.5,4,"$279.00",2,10,5,34,4,4.79,"f",3.07
2118,"6/01/2015","a few days or more","f",1,"t","Manly",-33.80782,151.26456,"Entire home/apt",5,3,4,"$750.00",90,1125,29,0,0,NA,"t",NA
841,"1/12/2013","within a few hours","t",1,"t","Canterbury",-33.91838,151.11716,"Entire home/apt",8,2.5,3,"$327.00",2,90,7,87,0,4.91,"f",0.63
7806,"25/04/2019","within an hour","t",68,"t","Ryde",-33.83015,151.1256,"Entire home/apt",4,1,1,"$191.00",3,365,8,60,0,4.87,"f",1.98
15610,"16/05/2017","within an hour","t",3,"f","Camden",-34.01576,150.78358,"Entire home/apt",16,4,7,"$650.00",1,365,13,3,0,5,"t",0.69
12859,"24/07/2019","N/A","f",912,"t","Randwick",-33.9379699,151.2309293,"Entire home/apt",6,2,4,"$445.00",3,365,11,10,1,4.5,"t",1.25
5053,"24/01/2021","within a few hours","t",2,"t","Sydney",-33.89154,151.1953,"Entire home/apt",4,2,2,"$399.00",90,365,28,3,0,5,"f",0.06
18000,"21/03/2016","within a few hours","f",17,"t","Hornsby",-33.77129171,151.0785138,"Entire home/apt",5,2,2,"$225.00",2,365,29,0,0,NA,"f",NA
3989,"31/10/2019","N/A","f",2,"f","Lane Cove",-33.82344,151.18126,"Private room",2,2,1,"$47.00",90,1125,29,10,0,4.7,"f",0.15
4439,"22/04/2018","N/A","f",3,"t","Auburn",-33.82541,151.07679,"Entire home/apt",2,1,1,"$400.00",90,1125,29,0,0,NA,"t",NA
11497,"21/03/2014","within a few hours","f",1,"t","North Sydney",-33.82736396,151.2217037,"Entire home/apt",4,2,2,"$400.00",4,180,22,0,0,NA,"f",NA
6518,"11/08/2015","within a few hours","t",9,"t","Hornsby",-33.51548,151.1765,"Entire home/apt",4,1,2,"$493.00",2,365,20,45,2,4.96,"f",1.39
9110,"10/09/2017","within an hour","t",2,"t","Waverley",-33.89485,151.271938,"Entire home/apt",2,1,1,"$154.00",2,365,5,91,1,4.9,"t",3.87
2222,"15/01/2013","within an hour","f",8,"t","Waverley",-33.89768,151.26775,"Entire home/apt",6,3,2,"$346.00",2,1125,19,269,0,4.56,"f",2.91
9964,"28/11/2015","within an hour","t",4,"t","Waverley",-33.8935075,151.2634591,"Entire home/apt",2,1,1,"$199.00",2,365,0,25,0,4.96,"f",1.31
17540,"8/06/2015","within an hour","f",1,"f","Warringah",-33.75399,151.28885,"Entire home/apt",6,3,3,"$217.00",7,30,0,0,0,NA,"t",NA
2551,"21/06/2017","within an hour","t",1,"t","Ashfield",-33.88874,151.11767,"Entire home/apt",4,1,1,"$123.00",1,90,10,202,4,4.76,"t",2.43
2018,"3/02/2014","within a day","t",5,"t","Warringah",-33.72115,151.29757,"Entire home/apt",4,1,2,"$145.00",3,730,20,41,1,4.88,"f",0.45
799,"16/08/2015","within an hour","t",2,"t","Randwick",-33.90786091,151.2484781,"Entire home/apt",8,5.5,5,"$1,140.00",7,30,23,4,0,4.75,"f",0.04
14760,"17/11/2023","within a few hours","f",40,"t","Sydney",-33.9148782,151.2090551,"Entire home/apt",4,NA,2,"",6,365,0,1,0,3,"f",0.19
4827,"9/06/2014","within an hour","t",2,"t","Manly",-33.79036,151.27853,"Entire home/apt",2,1,0,"$135.00",2,365,13,226,7,4.95,"t",4.42
8125,"15/10/2012","within an hour","",86,"t","Sydney",-33.86077124,151.2021222,"Entire home/apt",8,1,2,"$195.00",1,365,8,69,6,4.91,"f",2.65
5800,"23/08/2017","within a few hours","f",1,"t","Mosman",-33.833199,151.238525,"Entire home/apt",5,1,2,"$279.00",2,40,15,42,0,4.5,"f",1.08
95,"28/07/2014","N/A","f",1,"t","Randwick",-33.9557,151.23118,"Entire home/apt",6,NA,2,"",3,50,0,14,0,4.71,"t",0.11
13217,"4/11/2019","within an hour","t",15,"t","Botany Bay",-33.9296194,151.1963453,"Private room",2,2,1,"$74.00",3,365,4,7,0,4.86,"t",0.8
836,"23/11/2013","within an hour","t",4,"t","Randwick",-33.92416,151.25359,"Entire home/apt",4,1,2,"$179.00",1,1125,3,354,9,4.82,"f",2.52
16111,"27/01/2025","within an hour","f",1,"t","North Sydney",-33.8426228,151.2043698,"Entire home/apt",2,1,1,"$153.00",3,365,0,5,0,4.8,"t",1.42
8521,"5/07/2017","within a day","f",517,"t","Parramatta",-33.80685,151.0065,"Entire home/apt",2,1,1,"$420.00",3,1125,28,0,0,NA,"f",NA
16239,"6/01/2016","within a day","f",1,"t","Camden",-33.9821664,150.7769219,"Entire home/apt",8,NA,4,"",90,365,0,0,0,NA,"f",NA
16811,"29/11/2023","within an hour","f",46,"t","Ku-Ring-Gai",-33.7659076,151.1616799,"Private room",1,1,1,"$58.00",2,365,16,1,0,5,"f",0.6
15426,"9/04/2024","within an hour","f",50,"t","Ryde",-33.77779,151.11942,"Entire home/apt",4,2,2,"$240.00",1,365,0,4,0,4.25,"t",0.84
10950,"18/12/2016","within a few hours","t",2,"t","Waverley",-33.88981008,151.2797533,"Entire home/apt",3,1,1,"$105.00",7,365,12,27,1,4.89,"f",1.63
4679,"16/08/2020","within an hour","f",7,"t","Sydney",-33.89889,151.19427,"Entire home/apt",6,3,3,"$1,045.00",1,7,29,124,0,4.89,"f",2.13
10388,"10/07/2013","within an hour","f",244,"t","Waverley",-33.88058687,151.2770297,"Entire home/apt",8,NA,4,"",90,1125,0,0,0,NA,"t",NA
4517,"12/07/2019","within a few hours","f",1,"t","Waverley",-33.88846418,151.2699757,"Entire home/apt",2,1,1,"$283.00",3,30,0,35,0,4.8,"f",0.52
15187,"31/01/2016","within an hour","t",48,"t","Waverley",-33.8922052,151.2592234,"Entire home/apt",5,1,2,"$262.00",1,365,10,10,1,4.8,"f",1.55
13364,"15/09/2016","within a few hours","f",39,"t","Pittwater",-33.68039333,151.3115045,"Entire home/apt",6,1.5,3,"$428.00",1,365,0,14,0,4.57,"f",1.69
16693,"17/11/2023","within a few hours","f",40,"t","Sydney",-33.8786926,151.1957795,"Entire home/apt",2,1,1,"$135.00",5,365,0,0,0,NA,"f",NA
7271,"24/10/2011","within an hour","t",75,"t","Manly",-33.78883,151.28158,"Entire home/apt",4,3,2,"$1,000.00",3,365,26,4,0,5,"f",0.13
9123,"21/11/2018","within an hour","f",51,"t","North Sydney",-33.83869,151.20557,"Entire home/apt",4,1,2,"$277.00",90,365,26,4,0,4.5,"t",0.71
12920,"16/07/2024","within a few hours","f",49,"t","Burwood",-33.8747764,151.1016606,"Entire home/apt",6,2,3,"$250.00",2,365,17,6,0,4.67,"f",0.69
682,"25/09/2013","within a few hours","t",1,"t","Pittwater",-33.59335,151.30213,"Entire home/apt",6,2,3,"$950.00",2,365,28,168,1,4.96,"f",1.21
15927,"30/09/2016","within an hour","",8,"t","The Hills Shire",-33.65700598,150.8981023,"Private room",3,1,1,"$83.00",1,365,12,1,0,5,"f",0.58
3904,"27/10/2019","within an hour","t",1,"t","Warringah",-33.6157618,151.2046623,"Entire home/apt",4,2,2,"$614.00",2,28,0,142,0,4.94,"f",2.09
7751,"27/11/2022","within an hour","f",4,"t","Liverpool",-33.92877686,150.9175094,"Entire home/apt",4,2,2,"$168.00",2,365,21,60,1,4.75,"f",2.05
8895,"24/10/2011","within an hour","t",75,"t","Manly",-33.80135775,151.2884316,"Entire home/apt",2,1,1,"$150.00",3,365,15,39,0,4.92,"t",2.33
9841,"10/07/2013","within an hour","f",244,"t","Sydney",-33.87928,151.18444,"Entire home/apt",6,2,3,"$510.00",1,1125,9,11,0,5,"t",0.62
1447,"8/09/2015","N/A","f",5,"t","Sydney",-33.8916,151.20648,"Entire home/apt",2,1,1,"$114.00",1,100,5,848,5,4.74,"f",8.33
9984,"2/02/2022","within an hour","f",3,"f","Sydney",-33.87073,151.20354,"Entire home/apt",4,1,1,"$126.00",2,365,12,71,3,4.73,"t",3.68
1697,"24/02/2017","within a day","f",1,"t","Parramatta",-33.78872,150.99359,"Entire home/apt",2,1,1,"$89.00",7,365,0,142,0,4.79,"f",1.47
13942,"24/02/2013","within an hour","t",92,"t","Sydney",-33.90730304,151.2107992,"Entire home/apt",8,2,3,"$263.00",2,365,7,35,3,4.89,"t",4.36
6126,"8/01/2016","within an hour","t",2,"t","Sydney",-33.89027,151.19389,"Entire home/apt",2,1,2,"$155.00",7,60,0,10,0,4.8,"f",0.49
15360,"18/11/2018","within an hour","f",1,"t","Rockdale",-33.94927,151.11354,"Private room",2,1,1,"$81.00",1,8,22,6,0,5,"f",1.18
204,"29/09/2012","within a day","t",1,"t","Manly",-33.80175,151.26628,"Entire home/apt",4,1,1,"$226.00",7,40,4,117,2,4.99,"f",0.77
10973,"1/10/2012","within an hour","f",45,"t","Rockdale",-33.9365745,151.1414803,"Entire home/apt",8,2,4,"$240.00",2,1125,0,33,0,4.73,"t",1.8
844,"20/05/2015","within a few hours","f",2,"t","Willoughby",-33.81077,151.19792,"Private room",2,1,1,"$144.00",2,30,28,99,0,4.9,"f",0.86
9708,"18/05/2021","N/A","f",1,"f","Randwick",-33.92094,151.25352,"Entire home/apt",3,NA,1,"",90,365,0,1,0,5,"f",0.06
16407,"6/11/2019","within an hour","f",1,"t","Sydney",-33.87415,151.22178,"Entire home/apt",4,1,2,"$323.00",2,365,0,1,0,4,"f",0.25
8222,"6/04/2022","within an hour","f",7,"t","Sydney",-33.8742196,151.2147022,"Private room",2,1,1,"$273.00",1,365,24,27,0,4.78,"t",1.01
17831,"18/11/2013","within an hour","t",11,"t","Sydney",-33.8789251,151.2127829,"Entire home/apt",2,1,1,"$260.00",1,1125,25,1,1,5,"t",1
15767,"2/02/2025","within an hour","f",9,"t","Sydney",-33.89072155,151.2031373,"Private room",8,NA,NA,"",1,365,22,0,0,NA,"t",NA
219,"21/07/2013","within a few hours","t",2,"t","Woollahra",-33.88068,151.22636,"Entire home/apt",2,1,0,"$130.00",17,85,0,121,1,4.77,"f",0.9
11076,"6/06/2019","within a few hours","t",1,"t","The Hills Shire",-33.63497,150.90737,"Private room",4,1.5,2,"$72.00",1,365,11,19,0,5,"f",1.07
7948,"8/04/2020","within an hour","f",180,"t","Sydney",-33.869085,151.204316,"Entire home/apt",4,1,0,"$188.00",2,365,11,20,2,4.15,"f",0.69
5855,"20/12/2017","N/A","f",2,"t","Auburn",-33.84911,151.07321,"Private room",2,1,1,"$225.00",2,30,29,3,0,5,"f",0.07
9693,"19/09/2023","N/A","f",1,"t","Sydney",-33.88755735,151.2276624,"Entire home/apt",3,2,1,"$252.00",90,365,28,0,0,NA,"f",NA
7048,"29/08/2024","N/A","f",39,"t","North Sydney",-33.8331713,151.2244058,"Entire home/apt",4,NA,2,"",5,1125,29,6,0,3.83,"t",0.25
16955,"5/01/2023","within an hour","f",50,"t","Blacktown",-33.7400034,150.8982166,"Private room",2,1,1,"$55.00",1,89,27,4,1,4,"f",1.82
4356,"22/06/2018","within an hour","t",4,"t","Penrith",-33.7574,150.72652,"Entire home/apt",5,2.5,3,"$199.00",2,60,15,80,3,4.7,"f",1.32
14909,"23/11/2024","within an hour","t",10,"t","Auburn",-33.85016054,151.0630827,"Entire home/apt",5,NA,3,"",90,365,0,0,0,NA,"f",NA
9820,"13/11/2014","within a day","t",82,"t","Pittwater",-33.60440273,151.329361,"Entire home/apt",8,2,4,"$953.00",1,1125,28,0,0,NA,"f",NA
14434,"28/06/2019","within an hour","f",70,"t","North Sydney",-33.84166891,151.2187704,"Entire home/apt",6,2,3,"$412.00",2,1125,8,20,5,4.9,"f",2.91
2470,"9/05/2016","within an hour","t",1,"t","Warringah",-33.741,151.23285,"Entire home/apt",4,1,2,"$164.00",2,1125,27,116,0,4.71,"f",1.43
3125,"14/10/2016","within an hour","f",3,"t","Campbelltown",-34.04653,150.82061,"Entire home/apt",4,1,2,"$699.00",21,1125,0,18,0,4.89,"f",0.24
16994,"27/03/2023","within an hour","f",6,"t","Sutherland Shire",-33.99717,151.07881,"Entire home/apt",14,3.5,7,"$934.00",2,365,17,2,2,5,"t",2
7453,"27/11/2022","N/A","f",1,"t","Sydney",-33.8681912,151.2049461,"Private room",2,NA,1,"",3,42,0,22,0,4.55,"t",0.74
7415,"16/02/2020","N/A","f",1,"t","Warringah",-33.7098712,151.3014035,"Entire home/apt",2,NA,1,"",3,13,0,1,0,5,"f",0.03
16702,"1/07/2024","within an hour","",14,"t","Waverley",-33.8968204,151.2690916,"Entire home/apt",3,1,1,"$314.00",1,365,7,0,0,NA,"t",NA
11352,"21/08/2014","within an hour","t",8,"t","Rockdale",-33.9417467,151.1462592,"Private room",3,1.5,1,"$64.00",1,60,7,49,2,4.94,"f",3.09
9087,"26/09/2012","within an hour","t",1,"t","Parramatta",-33.80688932,150.9858856,"Entire home/apt",5,2,2,"$239.00",2,90,7,71,2,5,"f",3.01
14940,"18/11/2016","N/A","t",1,"t","Warringah",-33.75243754,151.2824645,"Entire home/apt",8,NA,3,"",3,40,0,7,0,4.86,"f",1.13
14345,"5/09/2024","within an hour","f",34,"t","Manly",-33.80852024,151.2548713,"Entire home/apt",4,1,2,"$247.00",1,1125,20,3,0,5,"t",0.53
2813,"8/07/2014","within an hour","t",1,"t","Sydney",-33.87442,151.2254,"Entire home/apt",2,1,0,"$197.00",4,35,11,147,0,4.92,"f",1.73
15941,"16/10/2021","within an hour","f",40,"t","Fairfield",-33.87578005,150.9577541,"Private room",2,1,1,"$39.00",1,89,16,3,1,4.33,"t",1.05
11851,"11/12/2014","within a day","f",72,"t","Pittwater",-33.62703911,151.3384934,"Entire home/apt",8,NA,4,"",2,365,0,2,0,4.5,"f",0.52
4093,"10/12/2018","within an hour","f",6,"f","Bankstown",-33.94642,151.02286,"Entire home/apt",3,1,1,"$135.00",3,1125,10,100,0,4.76,"f",1.47
16694,"6/04/2025","within an hour","f",1,"t","Marrickville",-33.8907556,151.1748532,"Entire home/apt",4,1,2,"$191.00",3,365,10,3,2,5,"f",2.14
7005,"29/03/2017","within an hour","t",7,"t","Willoughby",-33.79602,151.1857,"Entire home/apt",6,2,2,"$225.00",5,365,4,66,0,4.82,"t",2.12
4241,"21/11/2015","within an hour","t",3,"t","Sutherland Shire",-34.0817,151.15845,"Entire home/apt",2,1,0,"$235.00",2,1125,0,112,1,4.81,"t",1.72
17886,"20/06/2022","within a few hours","f",32,"t","Sydney",-33.90083,151.21458,"Entire home/apt",2,1,1,"$186.00",7,365,0,0,0,NA,"t",NA
5953,"1/08/2016","within a day","f",39,"t","Auburn",-33.84807,151.07304,"Entire home/apt",4,2,2,"$196.00",2,365,24,30,1,4.57,"f",0.78
2577,"18/08/2018","within an hour","f",1,"t","Burwood",-33.88788,151.10632,"Entire home/apt",5,1.5,2,"$157.00",1,1125,20,145,1,4.7,"f",1.8
16889,"10/04/2025","within an hour","f",1,"t","Burwood",-33.8755885,151.1026133,"Entire home/apt",4,1,1,"$140.00",5,365,8,4,3,5,"t",2.14
8626,"16/06/2021","within an hour","f",57,"t","Sydney",-33.87506,151.1964,"Entire home/apt",2,1,1,"$186.00",2,120,15,47,2,4.53,"f",1.94
9765,"1/12/2017","within an hour","",10,"t","Parramatta",-33.78429,151.07675,"Private room",2,0.5,1,"$90.00",90,365,0,0,0,NA,"f",NA
17754,"21/04/2025","within an hour","f",4,"t","Auburn",-33.86482,151.03329,"Private room",1,1,1,"$115.00",1,365,14,0,0,NA,"f",NA
16012,"2/06/2012","N/A","f",1,"t","Waverley",-33.88416,151.28262,"Private room",2,NA,NA,"",18,365,0,0,0,NA,"f",NA
217,"22/03/2012","within an hour","t",3,"t","Sydney",-33.894718,151.187958,"Entire home/apt",2,1,1,"$141.00",3,30,0,466,3,4.82,"f",3.81
3631,"7/10/2019","N/A","f",1,"t","Sutherland Shire",-34.03358,151.07424,"Private room",2,1,1,"$330.00",90,1125,28,0,0,NA,"t",NA
15432,"28/02/2024","within an hour","f",10,"t","Sydney",-33.86399,151.201,"Entire home/apt",6,2,3,"$656.00",2,365,13,21,2,4.86,"t",3.82
4563,"24/08/2013","N/A","t",1,"t","Sutherland Shire",-34.08406448,151.1560364,"Entire home/apt",6,NA,3,"",3,140,0,148,0,4.97,"f",2.32
14778,"30/06/2020","within an hour","t",24,"t","Blacktown",-33.73735575,150.8730861,"Entire home/apt",8,NA,4,"",3,365,0,1,0,4,"f",0.22
4280,"16/03/2015","within a day","t",1,"t","Manly",-33.80145,151.29034,"Entire home/apt",5,1,2,"$600.00",2,730,28,44,0,4.93,"f",0.84
11992,"4/08/2015","within a few hours","t",2,"t","Warringah",-33.7871,151.24915,"Entire home/apt",12,3.5,5,"$1,057.00",3,21,29,0,0,NA,"f",NA
8840,"26/09/2022","within an hour","f",27,"t","North Sydney",-33.8340572,151.2134974,"Entire home/apt",2,NA,1,"",90,365,0,2,0,5,"t",0.11
11943,"30/04/2023","within an hour","",7,"t","Auburn",-33.82693,151.07795,"Entire home/apt",9,2,4,"$404.00",3,365,5,48,1,4.85,"f",3.47
15623,"25/08/2019","within an hour","f",169,"t","City Of Kogarah",-33.9855381,151.1318194,"Private room",2,3,1,"$52.00",4,365,20,2,1,4.5,"f",0.4
16129,"23/01/2019","within an hour","",2,"t","Sydney",-33.87078836,151.1944541,"Entire home/apt",4,1,1,"$192.00",1,30,28,4,4,5,"f",4
16622,"6/11/2016","within an hour","f",35,"t","Parramatta",-33.8017803,150.9818191,"Entire home/apt",6,1,2,"$131.00",2,90,18,8,3,5,"f",4
13081,"14/07/2015","within an hour","f",32,"t","Marrickville",-33.8992361,151.1505507,"Entire home/apt",2,1,1,"$213.00",1,365,16,10,2,5,"f",0.99
16099,"5/04/2016","a few days or more","f",2,"t","Sydney",-33.89805,151.21299,"Private room",2,1,1,"$89.00",7,365,28,0,0,NA,"f",NA
8203,"14/04/2014","within a few hours","",3,"t","Waverley",-33.9016905,151.2678549,"Entire home/apt",5,1,2,"$345.00",3,500,28,10,0,5,"f",0.44
5624,"21/01/2017","within an hour","t",3,"t","The Hills Shire",-33.69036,150.94288,"Private room",2,1.5,1,"$85.00",1,1125,26,103,0,4.97,"f",2.41
3089,"1/03/2019","within a few hours","f",1,"t","Warringah",-33.75891,151.29763,"Entire home/apt",6,1.5,2,"$432.00",2,14,18,50,1,4.98,"f",0.66
8256,"13/07/2018","within an hour","f",31,"t","Canada Bay",-33.84967,151.08672,"Private room",1,1,1,"$91.00",1,365,29,14,0,4.36,"f",0.51
11346,"28/02/2024","within an hour","t",1,"t","Hornsby",-33.77162605,151.0534582,"Entire home/apt",5,2,2,"$179.00",1,365,19,38,2,4.76,"t",2.61
2960,"9/12/2018","within a day","f",11,"t","North Sydney",-33.82936,151.21047,"Hotel room",1,1,1,"$65.00",7,1125,14,19,0,4.58,"f",0.28
15284,"24/10/2016","within an hour","f",72,"t","Randwick",-33.9132301,151.2466418,"Entire home/apt",2,1,1,"$206.00",2,45,0,2,0,3,"t",0.56
7073,"23/02/2016","within a few hours","t",2,"t","Mosman",-33.8278344,151.2420528,"Entire home/apt",2,1,0,"$132.00",2,365,28,36,0,4.86,"f",1.16
14303,"19/12/2014","within an hour","t",47,"t","Waverley",-33.89008822,151.2846843,"Entire home/apt",10,5,5,"$8,750.00",7,365,29,0,0,NA,"f",NA
12567,"24/07/2015","within an hour","f",22,"t","Randwick",-33.9167013,151.2242742,"Private room",2,2,1,"$90.00",1,365,0,10,0,4.7,"f",0.98
6856,"18/08/2022","within an hour","f",10,"t","The Hills Shire",-33.73396,150.96772,"Private room",5,1,2,"$320.00",1,365,21,7,0,4.86,"t",0.33
12532,"15/01/2013","within an hour","f",8,"t","Waverley",-33.8941281,151.270068,"Entire home/apt",4,2,2,"$285.00",2,365,8,42,6,4.81,"f",3.67
4450,"30/04/2018","within an hour","t",2,"t","Hornsby",-33.54243,151.14482,"Entire home/apt",2,1,1,"$479.00",2,1125,28,163,0,4.96,"f",2.76
365,"27/05/2014","within an hour","t",61,"t","Sydney",-33.89611,151.21475,"Entire home/apt",4,2,2,"$300.00",21,90,26,22,0,4.73,"f",0.17
12799,"17/06/2016","within an hour","t",9,"t","Sutherland Shire",-34.0511449,151.1540849,"Entire home/apt",3,1,1,"$178.00",2,365,8,18,2,4.61,"t",1.57
16781,"4/01/2019","within an hour","f",17,"t","Sydney",-33.8765704,151.2040317,"Entire home/apt",2,1,1,"$150.00",1,45,10,3,0,4.67,"t",1.5
12156,"14/09/2014","N/A","f",1,"t","Marrickville",-33.90502718,151.1788313,"Entire home/apt",4,1,3,"$350.00",10,100,6,3,0,5,"f",0.29
10486,"22/12/2016","within an hour","f",120,"t","Parramatta",-33.81944236,151.0081363,"Entire home/apt",6,2,3,"$326.00",3,365,10,4,0,4.75,"f",0.41
13588,"14/04/2023","within an hour","f",81,"t","Sydney",-33.87428,151.20484,"Entire home/apt",4,2,2,"$160.00",1,365,11,22,0,4.59,"t",2.46
5124,"6/05/2021","within a day","f",1,"t","Sydney",-33.90255,151.18006,"Entire home/apt",2,1,1,"$229.00",1,365,28,0,0,NA,"f",NA
3354,"28/01/2019","within an hour","f",6,"t","Randwick",-33.91836,151.24152,"Hotel room",2,1,0,"$175.00",1,1125,8,51,0,4.55,"t",0.86
15614,"9/07/2020","within an hour","f",2,"t","Waverley",-33.89195,151.25456,"Entire home/apt",2,NA,1,"",3,365,0,11,0,4.91,"f",2.34
11907,"19/06/2023","within an hour","t",5,"t","Willoughby",-33.80236249,151.1772305,"Entire home/apt",16,NA,6,"",3,365,0,4,0,4.5,"f",0.35
9300,"21/03/2016","within a few hours","f",17,"t","Parramatta",-33.8077,150.99315,"Entire home/apt",6,2.5,3,"$228.00",2,365,23,7,0,5,"f",0.33
14599,"29/05/2021","within a few hours","f",1,"t","Lane Cove",-33.8393059,151.18131,"Entire home/apt",7,NA,4,"",3,14,0,2,0,5,"f",0.35
16505,"29/04/2023","within an hour","t",2,"t","Auburn",-33.85063,151.06128,"Entire home/apt",4,2,2,"$278.00",1,60,15,11,1,5,"t",3.08
2394,"13/05/2014","within an hour","f",55,"t","Sydney",-33.87513,151.20884,"Entire home/apt",2,1,1,"$229.00",90,1125,28,13,0,4.92,"f",0.15
17602,"12/12/2023","within a day","f",7,"t","Sydney",-33.90177963,151.2102338,"Entire home/apt",2,1,1,"$136.00",7,365,28,0,0,NA,"f",NA
1536,"3/09/2015","within a day","t",1,"t","Leichhardt",-33.85529,151.19409,"Entire home/apt",2,1,1,"$241.00",7,365,24,49,0,4.84,"f",0.46
5606,"10/07/2013","within an hour","f",244,"t","Waverley",-33.89789,151.2689,"Entire home/apt",4,1,2,"$458.00",1,1125,0,19,0,4.68,"t",0.49
15371,"3/01/2017","within an hour","t",37,"t","North Sydney",-33.83519,151.21714,"Entire home/apt",4,1,2,"$166.00",1,365,0,31,4,4.81,"t",5.5
10217,"21/03/2016","within a few hours","f",17,"t","Sydney",-33.88513,151.17925,"Entire home/apt",5,2,2,"$219.00",2,365,29,6,0,4.17,"f",0.31
3644,"17/11/2017","N/A","f",1,"t","Parramatta",-33.80446,150.97729,"Private room",2,0,1,"$154.00",90,1125,29,0,0,NA,"f",NA
4807,"21/06/2016","within a few hours","t",2,"t","Waverley",-33.89789,151.26176,"Entire home/apt",4,1,2,"$301.00",21,1125,23,34,1,4.94,"f",0.81
13044,"7/07/2012","within an hour","t",6,"t","Sydney",-33.88029121,151.2099571,"Entire home/apt",4,1.5,1,"$158.00",2,365,0,1,0,5,"f",0.18
7984,"13/01/2025","N/A","f",57,"t","Botany Bay",-33.9522275,151.2033459,"Entire home/apt",3,1,2,"$105.00",12,365,4,28,0,4.86,"f",1.04
15101,"1/10/2012","within an hour","f",45,"t","Marrickville",-33.8973547,151.1606419,"Entire home/apt",2,1,1,"$146.00",3,90,1,12,0,4.67,"f",2.07
4157,"22/01/2020","N/A","f",1,"f","Waverley",-33.89146,151.26332,"Private room",2,1,1,"$400.00",90,1125,29,0,0,NA,"t",NA
18052,"29/10/2024","within an hour","f",16,"t","Botany Bay",-33.9237751,151.1875028,"Entire home/apt",4,2,2,"$155.00",6,365,7,0,0,NA,"f",NA
17827,"30/11/2019","within an hour","f",2,"t","Rockdale",-33.93641,151.13493,"Private room",2,1,1,"$94.00",1,365,25,1,1,5,"f",1
1227,"4/09/2013","within a few hours","f",3,"t","Warringah",-33.76745,151.28694,"Entire home/apt",8,3,4,"$1,050.00",10,30,28,9,0,5,"f",0.1
8270,"25/08/2019","within an hour","f",169,"t","Strathfield",-33.86259,151.07958,"Entire home/apt",6,2,2,"$165.00",4,89,20,28,0,4.18,"f",1.05
14696,"19/10/2014","within an hour","f",1,"t","Sydney",-33.88223,151.18459,"Private room",2,1,1,"$108.00",1,30,11,5,0,5,"f",0.88
1119,"19/01/2013","within an hour","t",3,"t","Pittwater",-33.64431,151.32232,"Entire home/apt",2,1,1,"$226.00",2,5,28,97,0,4.95,"f",0.83
8705,"27/10/2019","within an hour","f",5,"t","Fairfield",-33.88029856,150.9183344,"Private room",4,NA,1,"",1,365,29,13,0,4.85,"f",0.54
7349,"9/11/2022","N/A","f",1,"t","North Sydney",-33.8467833,151.2047998,"Entire home/apt",4,2,2,"$1,000.00",7,14,0,1,0,5,"f",0.03
3621,"12/08/2019","within an hour","f",9,"t","Sydney",-33.87236,151.20627,"Private room",3,1,1,"$271.00",1,1125,7,24,0,4.46,"t",0.36
803,"25/09/2009","a few days or more","f",1,"t","Waverley",-33.89346695,151.2711487,"Entire home/apt",4,1,2,"$227.00",90,1125,29,109,0,4.75,"f",0.95
9908,"28/07/2022","within an hour","t",2,"t","Sydney",-33.86083,151.20585,"Entire home/apt",4,1,1,"$214.00",1,1125,6,170,3,4.9,"f",8.76
13670,"25/12/2012","within a few hours","f",2,"t","Manly",-33.7970277,151.2870187,"Entire home/apt",4,1,2,"$300.00",5,365,16,6,0,4.5,"f",0.96
9147,"13/11/2014","within a day","t",82,"t","Pittwater",-33.60029,151.31756,"Entire home/apt",13,NA,6,"",1,1125,28,0,0,NA,"f",NA
888,"8/03/2014","within an hour","t",2,"t","Pittwater",-33.67856,151.31146,"Entire home/apt",6,1.5,3,"$379.00",2,1125,19,227,0,4.85,"f",1.97
2146,"30/10/2017","a few days or more","f",1,"t","Penrith",-33.76744,150.72433,"Entire home/apt",2,1,1,"$50.00",90,365,22,0,0,NA,"f",NA
150,"25/11/2013","within a day","f",9,"f","Waverley",-33.8906613,151.2737628,"Entire home/apt",5,1.5,2,"$180.00",90,120,29,64,0,4.64,"t",0.56
9484,"24/07/2019","N/A","f",912,"t","Sydney",-33.88722,151.21483,"Entire home/apt",2,1,0,"$125.00",3,365,5,11,1,3.64,"t",0.53
12227,"26/08/2016","within an hour","f",78,"t","Warringah",-33.78207,151.26792,"Entire home/apt",6,NA,2,"",90,90,0,12,0,4.5,"t",0.97
4010,"9/09/2014","within an hour","f",28,"t","Sydney",-33.87214,151.22322,"Entire home/apt",2,NA,NA,"",1,1125,0,51,0,4.67,"t",0.75
3663,"20/06/2019","within an hour","f",2,"t","Pittwater",-33.69958,151.30529,"Entire home/apt",4,1,2,"$278.00",1,1125,20,13,0,4.46,"t",0.18
5673,"10/07/2015","N/A","f",2,"t","Warringah",-33.78712,151.27353,"Entire home/apt",2,NA,1,"",2,20,0,10,0,4.9,"f",0.24
7890,"11/02/2022","within an hour","f",20,"t","Sydney",-33.89063,151.19731,"Entire home/apt",5,1.5,3,"$255.00",3,365,13,25,0,4.68,"f",0.9
15667,"27/11/2016","within an hour","f",7,"t","Willoughby",-33.7949933,151.1847588,"Entire home/apt",4,2,2,"$210.00",2,365,9,14,1,4.64,"t",2.82
14922,"23/05/2016","within an hour","",24,"t","Sydney",-33.90496,151.21189,"Entire home/apt",5,2,2,"$211.00",1,365,12,0,0,NA,"t",NA
14718,"29/08/2024","N/A","f",39,"t","North Sydney",-33.83706,151.21413,"Entire home/apt",2,1,1,"$232.00",5,1125,20,3,1,4.67,"t",0.82
420,"11/07/2013","N/A","f",1,"f","Sydney",-33.8817,151.21221,"Private room",1,NA,1,"",1,4,0,4,0,4.75,"f",0.24
15859,"12/08/2014","N/A","f",1,"t","Waverley",-33.89050694,151.2694643,"Entire home/apt",4,1,3,"$900.00",14,365,10,0,0,NA,"f",NA
12996,"19/12/2018","within an hour","f",5,"t","Sydney",-33.87479,151.19679,"Entire home/apt",3,NA,1,"",1,1125,0,0,0,NA,"f",NA
3355,"28/01/2019","within an hour","f",6,"t","Randwick",-33.91836,151.24152,"Hotel room",3,1,0,"$206.00",1,1125,19,21,1,4.67,"t",0.32
13763,"5/10/2024","within an hour","f",2,"t","Lane Cove",-33.81909,151.15039,"Entire home/apt",8,2,4,"$212.00",1,180,1,4,2,4,"f",1.94
2869,"17/02/2017","within an hour","f",3,"t","Sutherland Shire",-34.04203,151.16191,"Private room",5,1,0,"$220.00",1,20,29,72,0,4.36,"t",0.92
12997,"24/02/2013","within an hour","t",92,"t","North Sydney",-33.83156629,151.2193038,"Entire home/apt",6,2,2,"$182.00",5,365,3,27,1,4.85,"t",2.79
5156,"6/08/2019","N/A","f",33,"t","Waverley",-33.89817,151.26176,"Entire home/apt",4,1,2,"$236.00",2,90,0,107,0,4.58,"f",2.06
17457,"2/03/2023","within an hour","f",8,"t","Parramatta",-33.82404046,151.0143537,"Entire home/apt",6,1,2,"$276.00",1,1125,3,0,0,NA,"t",NA
8669,"8/08/2022","within an hour","t",20,"t","Hornsby",-33.69009089,151.0939818,"Private room",4,1,2,"$174.00",2,1125,0,9,0,4.56,"t",0.37
7433,"29/11/2022","within an hour","t",6,"t","North Sydney",-33.84484,151.22489,"Entire home/apt",2,1,0,"$189.00",2,28,6,100,4,4.83,"t",3.42
10793,"29/12/2016","within an hour","t",1,"t","Leichhardt",-33.8760085,151.1733612,"Entire home/apt",4,2,2,"$373.00",2,365,17,12,0,5,"f",0.73
16179,"3/02/2025","within an hour","f",18,"t","Hornsby",-33.7621935,151.0541633,"Private room",2,1,1,"$128.00",1,365,29,0,0,NA,"t",NA
12277,"2/08/2014","within a few hours","f",3,"t","Blacktown",-33.67373872,150.8682593,"Private room",1,1.5,1,"$95.00",90,365,28,0,0,NA,"f",NA
17156,"18/02/2017","within a few hours","t",8,"t","Sutherland Shire",-34.06795,151.14801,"Entire home/apt",8,1,0,"$2,360.00",1,365,29,0,0,NA,"f",NA
716,"27/05/2014","within an hour","t",61,"t","Randwick",-33.90568,151.23849,"Entire home/apt",3,1,2,"$250.00",5,90,15,14,0,4.79,"f",0.33
15141,"7/07/2013","within an hour","t",1,"t","Sydney",-33.8790328,151.2244781,"Entire home/apt",2,1,1,"$225.00",2,90,4,12,1,4.92,"f",2.16
17075,"27/05/2014","within an hour","t",61,"t","Waverley",-33.89401566,151.2712484,"Entire home/apt",2,1,1,"$260.00",14,365,16,0,0,NA,"f",NA
8452,"27/08/2014","within an hour","f",1,"t","Sutherland Shire",-34.07686,151.1288,"Entire home/apt",8,2,3,"$877.00",2,365,28,11,0,5,"f",0.44
17334,"18/04/2024","within an hour","f",1,"t","Manly",-33.7993643,151.2543824,"Entire home/apt",10,5,5,"$542.00",2,45,9,0,0,NA,"t",NA
7714,"12/02/2015","within an hour","t",7,"t","Canada Bay",-33.8666,151.1142,"Entire home/apt",4,2,2,"$345.00",2,365,14,14,0,5,"f",0.5
5545,"23/10/2016","within a day","f",1,"t","Randwick",-33.92233,151.24351,"Entire home/apt",4,1.5,2,"$358.00",4,365,29,19,0,4.84,"f",0.45
14428,"20/02/2018","within an hour","f",55,"t","Mosman",-33.81365,151.24692,"Entire home/apt",6,NA,3,"",90,1125,28,0,0,NA,"f",NA
11950,"16/08/2023","within an hour","f",1,"t","The Hills Shire",-33.73414,151.01065,"Entire home/apt",6,2.5,3,"$194.00",2,30,10,37,4,4.76,"f",3.2
3819,"8/12/2015","within an hour","f",12,"t","North Sydney",-33.84337,151.21728,"Entire home/apt",2,1,0,"$132.00",1,1125,2,358,3,4.48,"f",4.96
10493,"14/03/2018","within an hour","f",44,"t","Blacktown",-33.76598305,150.9109718,"Entire home/apt",8,2,3,"$195.00",2,365,15,67,4,4.81,"f",3.65
12197,"6/06/2017","within an hour","f",5,"t","Marrickville",-33.9022337,151.1788138,"Private room",2,1,1,"$135.00",1,365,27,15,0,4.07,"t",1.43
8754,"12/05/2016","within an hour","t",1,"t","Sydney",-33.87024,151.19879,"Entire home/apt",6,2,2,"$296.00",1,90,7,141,3,4.8,"f",6.05
1681,"8/09/2014","within an hour","f",1,"t","Pittwater",-33.60082,151.32665,"Entire home/apt",10,3.5,5,"$1,440.00",7,62,27,109,0,5,"f",1.1
14741,"24/10/2019","N/A","f",9,"t","North Sydney",-33.84431,151.22716,"Entire home/apt",13,2.5,4,"$675.00",1,365,3,16,3,4.88,"t",2.49
3868,"5/06/2014","within an hour","t",1,"t","Woollahra",-33.88377,151.23074,"Entire home/apt",3,1,1,"$262.00",1,28,0,56,0,4.82,"f",0.81
10897,"23/01/2021","within a day","f",1,"t","North Sydney",-33.84077836,151.2193678,"Entire home/apt",6,2.5,2,"$1,106.00",2,365,29,1,0,5,"f",0.06
12312,"23/12/2020","within an hour","f",44,"t","Sydney",-33.86115295,151.2048597,"Private room",2,1,1,"$133.00",1,365,1,6,0,4.33,"f",0.75
6071,"20/09/2015","within a day","f",1,"t","Randwick",-33.91446,151.26571,"Private room",1,1,1,"$186.00",2,14,12,44,0,4.98,"f",1.23
11860,"24/10/2011","within an hour","t",75,"t","Manly",-33.7961764,151.2813577,"Entire home/apt",6,2,3,"$1,000.00",90,365,29,9,0,4.89,"f",0.66
3984,"27/09/2019","within an hour","t",1,"t","Canada Bay",-33.84153,151.10521,"Private room",2,1,1,"$99.00",3,30,16,131,2,4.87,"f",1.91
10504,"8/09/2020","within an hour","f",4,"t","Blacktown",-33.76853375,150.910431,"Entire home/apt",4,2,2,"$211.00",1,365,0,9,0,3.89,"f",1.54
9683,"5/09/2023","within an hour","f",1,"t","Liverpool",-33.96408338,150.850171,"Entire home/apt",3,1,1,"$102.00",3,99,28,19,0,4.58,"f",0.93
16421,"16/12/2024","within an hour","f",27,"t","Auburn",-33.84828,151.0625,"Entire home/apt",4,2,2,"$191.00",2,365,13,5,2,5,"f",1.44
17468,"20/06/2022","within a few hours","f",32,"t","Sydney",-33.87933852,151.195368,"Entire home/apt",2,1,1,"$166.00",7,365,0,0,0,NA,"f",NA
14523,"8/05/2015","within a day","f",1,"t","Marrickville",-33.92699,151.1634,"Entire home/apt",2,1,1,"$154.00",2,28,22,9,1,4.89,"f",1.3
5380,"10/11/2013","within an hour","t",8,"t","Waverley",-33.89173,151.27278,"Entire home/apt",4,1,2,"$198.00",2,365,16,146,2,4.69,"f",2.99
11624,"10/07/2013","within an hour","f",244,"t","Waverley",-33.88341352,151.2818382,"Entire home/apt",7,NA,4,"",1,1125,0,0,0,NA,"t",NA
4751,"29/03/2014","N/A","f",1,"t","Manly",-33.79619,151.28193,"Entire home/apt",2,0,1,"$56.00",90,1125,27,0,0,NA,"f",NA
10409,"27/12/2016","within a few hours","t",1,"t","Waverley",-33.8810777,151.2726155,"Private room",3,NA,NA,"",6,50,0,8,1,5,"f",0.45
11612,"25/06/2014","within an hour","t",16,"t","Sydney",-33.88537,151.21676,"Entire home/apt",4,2,2,"$305.00",90,365,2,27,4,4.89,"t",2.11
11494,"6/11/2015","N/A","f",1,"t","Pittwater",-33.63455022,151.3135514,"Entire home/apt",2,1,1,"$506.00",1,365,8,0,0,NA,"f",NA
17549,"24/07/2012","within a few hours","t",126,"t","Waverley",-33.87166,151.28043,"Entire home/apt",8,4,4,"$8,683.00",10,1125,10,0,0,NA,"f",NA
13591,"17/07/2013","within a day","f",1,"t","Manly",-33.7968465,151.2739789,"Entire home/apt",3,1,2,"$249.00",5,21,0,0,0,NA,"f",NA
6551,"13/10/2015","within an hour","t",1,"t","Sydney",-33.872114,151.230323,"Entire home/apt",2,1,1,"$203.00",3,40,26,65,0,4.92,"f",1.93
11041,"6/08/2022","within an hour","t",1,"t","Botany Bay",-33.9310848,151.1992026,"Entire home/apt",2,1,1,"$146.00",1,28,17,85,4,4.96,"f",5.15
9020,"20/10/2016","within a day","f",28,"t","Pittwater",-33.65775,151.32229,"Entire home/apt",8,5,4,"$3,231.00",90,1125,0,0,0,NA,"f",NA
2951,"10/09/2017","N/A","f",1,"t","Sydney",-33.91184,151.21193,"Private room",2,1,1,"$899.00",90,90,29,2,0,4,"t",0.03
9409,"8/07/2017","within an hour","",83,"t","Burwood",-33.86974601,151.1043527,"Private room",1,1,1,"$74.00",1,1125,24,1,0,5,"t",0.71
3333,"14/02/2017","within an hour","t",11,"t","Ryde",-33.78182,151.10153,"Private room",1,1,1,"$89.00",1,730,24,73,0,4.74,"f",0.98
5888,"13/12/2016","within an hour","f",5,"t","Sutherland Shire",-34.04266739,151.1569824,"Entire home/apt",3,1,1,"$135.00",2,365,29,22,0,4.64,"f",0.57
9686,"17/07/2019","within an hour","f",1,"t","Randwick",-33.9112687,151.2370345,"Entire home/apt",6,1.5,3,"$298.00",3,30,8,8,0,4.63,"t",0.42
5681,"17/01/2022","within an hour","t",1,"t","Liverpool",-33.94675,150.80846,"Entire home/apt",3,1,1,"$89.00",5,365,0,40,1,4.75,"f",1.12
1061,"4/04/2016","N/A","f",1,"f","Randwick",-33.94519,151.22778,"Private room",1,1,1,"$74.00",90,1125,29,9,0,4.33,"f",0.08
4788,"26/09/2019","within an hour","t",4,"t","Sydney",-33.87662,151.22013,"Private room",2,1,1,"$368.00",1,365,0,4,0,4.75,"t",0.07
17578,"31/01/2016","within an hour","t",4,"t","Sydney",-33.86870913,151.2070404,"Entire home/apt",2,1,1,"$228.00",2,365,13,0,0,NA,"f",NA
14733,"25/08/2019","within an hour","f",169,"t","Auburn",-33.8454439,151.0375083,"Private room",2,2,1,"$44.00",1,89,28,4,0,3,"f",0.62
1897,"3/10/2018","within an hour","f",11,"t","Pittwater",-33.6492,151.30201,"Entire home/apt",12,6,6,"$4,490.00",7,360,22,0,0,NA,"f",NA
14849,"16/05/2023","within an hour","f",15,"t","Sydney",-33.87847,151.19855,"Entire home/apt",10,1,3,"$347.00",1,1125,20,8,1,4.63,"t",1.52
13710,"29/11/2023","within an hour","f",46,"t","Hurstville",-33.9665185,151.0482499,"Private room",2,1.5,1,"$49.00",1,89,22,12,0,4.42,"f",1.41
18011,"1/02/2015","within an hour","f",2,"t","Mosman",-33.81056,151.24572,"Entire home/apt",12,3,6,"$610.00",4,30,9,0,0,NA,"f",NA
4497,"17/06/2020","N/A","f",9,"t","The Hills Shire",-33.74611,150.95684,"Entire home/apt",2,1,0,"$327.00",1,1125,29,2,0,5,"t",0.04
9515,"23/07/2017","within an hour","t",1,"t","Sydney",-33.88905,151.19481,"Entire home/apt",2,1,1,"$194.00",2,365,27,19,3,4.95,"f",2.46
16343,"26/11/2018","within an hour","f",1,"t","Randwick",-33.92222,151.25059,"Private room",2,1,1,"$103.00",21,365,2,6,2,5,"f",1.65
1228,"27/05/2014","N/A","f",2,"t","Waverley",-33.88421,151.27197,"Entire home/apt",3,1,2,"$180.00",90,90,29,0,0,NA,"t",NA
10825,"21/03/2016","within a few hours","f",17,"t","Bankstown",-33.91257263,151.0352417,"Entire home/apt",5,2,2,"$195.00",2,365,1,4,0,5,"f",0.27
14375,"24/06/2015","N/A","f",1,"t","Pittwater",-33.68487423,151.2995736,"Entire home/apt",4,2.5,2,"$400.00",10,16,0,0,0,NA,"f",NA
13248,"27/11/2013","within an hour","t",1,"t","Manly",-33.79915759,151.2894402,"Entire home/apt",4,1,2,"$270.00",2,365,17,14,1,4.79,"f",1.49
9703,"15/10/2023","within a few hours","t",1,"t","Manly",-33.79955867,151.2736145,"Private room",2,1,1,"$135.00",1,7,9,35,0,4.94,"f",1.86
8470,"3/01/2014","within a day","t",5,"t","Waverley",-33.8977598,151.2693031,"Entire home/apt",10,7,5,"$3,400.00",5,60,29,1,0,5,"f",0.14
7276,"6/11/2011","within an hour","t",2,"t","Hornsby",-33.58928829,151.1157912,"Entire home/apt",7,2,3,"$444.00",2,120,27,37,0,4.95,"t",1.22
14271,"24/02/2013","within an hour","t",92,"t","Sydney",-33.87443,151.20346,"Entire home/apt",6,2,2,"$357.00",2,365,2,47,6,4.74,"t",5.9
3530,"6/05/2016","within an hour","f",6,"t","Randwick",-33.91671,151.23754,"Hotel room",3,1,1,"$168.00",1,365,21,27,0,4.63,"t",0.39
13552,"19/07/2016","within an hour","t",1,"t","Randwick",-33.92169,151.24944,"Entire home/apt",2,1,1,"$170.00",2,28,0,14,0,4.86,"f",1.79
6815,"19/01/2022","within an hour","t",42,"t","Canada Bay",-33.8552598,151.1475443,"Entire home/apt",2,NA,NA,"",28,365,0,3,0,5,"f",0.1
13514,"21/01/2016","N/A","f",1,"t","Waverley",-33.89994,151.26728,"Entire home/apt",8,4,5,"$1,390.00",6,10,26,1,0,5,"f",0.27
13969,"20/06/2016","within an hour","f",4,"t","Campbelltown",-33.97651,150.85654,"Private room",2,NA,NA,"",3,365,29,2,0,4,"f",0.33
16768,"5/08/2017","within an hour","f",2,"f","Rockdale",-33.9316,151.14603,"Entire home/apt",2,1,1,"$193.00",2,365,11,2,1,5,"f",1.46
16479,"15/02/2025","within an hour","f",1,"t","Leichhardt",-33.859423,151.1802522,"Entire home/apt",2,1,1,"$175.00",3,30,9,9,2,5,"f",2.55
10330,"23/04/2018","N/A","f",46,"t","Rockdale",-33.956299,151.131241,"Entire home/apt",10,5,5,"$608.00",2,90,16,21,2,4.71,"f",1.15
324,"22/04/2012","within a day","f",2,"t","Leichhardt",-33.86449,151.17325,"Entire home/apt",2,1,1,"$269.00",4,30,26,75,0,4.85,"f",0.52
4269,"13/10/2019","N/A","f",8,"t","Sydney",-33.88326,151.18991,"Private room",6,1,1,"$165.00",90,1125,29,0,0,NA,"t",NA
2636,"4/05/2018","within an hour","t",2,"t","Sydney",-33.8821,151.19851,"Entire home/apt",4,1,1,"$191.00",4,1125,9,253,3,4.78,"f",2.92
15457,"8/12/2024","within an hour","f",3,"t","Sydney",-33.87635,151.19809,"Entire home/apt",2,1,1,"$161.00",2,365,26,2,0,5,"f",0.51
11709,"13/07/2015","N/A","f",1,"t","Warringah",-33.7304969,151.3000826,"Entire home/apt",2,2,1,"$140.00",90,365,0,1,0,5,"f",0.13
17168,"28/07/2023","within an hour","f",3,"t","Penrith",-33.75032864,150.6987764,"Entire home/apt",6,2,2,"$223.00",2,365,18,4,2,4.75,"t",2.03
6641,"10/10/2017","N/A","f",1,"t","Sydney",-33.8896285,151.2043617,"Entire home/apt",13,3,4,"$447.00",2,365,29,41,0,4.51,"f",1.24
13450,"15/08/2018","within an hour","t",7,"t","Willoughby",-33.79596804,151.1852312,"Entire home/apt",6,NA,2,"",26,365,0,9,0,4.56,"f",1.09
17613,"17/04/2012","within a day","",2,"t","Waverley",-33.8894,151.2695,"Entire home/apt",3,1,1,"$158.00",2,365,0,0,0,NA,"f",NA
15719,"8/10/2013","within an hour","f",3,"t","Pittwater",-33.63919,151.32474,"Private room",2,1,1,"$157.00",5,80,29,0,0,NA,"f",NA
8120,"15/10/2012","within an hour","",86,"t","Sydney",-33.86129108,151.2028154,"Entire home/apt",7,1,2,"$197.00",1,365,4,28,6,4.71,"f",1.08
14818,"21/10/2020","within an hour","t",1,"t","Leichhardt",-33.88843216,151.149827,"Entire home/apt",6,2.5,3,"$529.00",2,1125,7,16,0,4.94,"t",2.89
17412,"12/04/2022","within an hour","t",3,"t","Rockdale",-33.9611,151.15453,"Private room",1,0,2,"$60.00",3,365,29,0,0,NA,"f",NA
16884,"5/01/2023","within an hour","f",50,"t","Blacktown",-33.7400034,150.8982166,"Private room",2,1,1,"$66.00",1,89,28,2,0,5,"f",1.05
6512,"13/12/2015","within a few hours","",7,"t","Rockdale",-33.93281065,151.154221,"Entire home/apt",4,2,2,"$190.00",180,365,29,0,0,NA,"f",NA
16951,"25/08/2019","within an hour","f",169,"t","Sydney",-33.8847552,151.202007,"Private room",2,1,1,"$83.00",4,365,13,3,2,4.67,"f",1.7
7264,"25/08/2017","within a few hours","",10,"t","Parramatta",-33.7887,151.06965,"Private room",1,1,1,"$111.00",90,365,28,2,0,5,"f",0.08
9013,"24/04/2021","N/A","f",1,"t","Sutherland Shire",-34.05558,151.14702,"Entire home/apt",6,NA,3,"",1,365,0,32,0,4.59,"f",1.44
12166,"19/03/2016","within an hour","t",3,"t","Sydney",-33.89104,151.19808,"Entire home/apt",4,NA,2,"",14,21,0,2,0,5,"f",0.24
6395,"30/06/2012","N/A","t",1,"t","Marrickville",-33.89888,151.17483,"Entire home/apt",2,NA,1,"",3,100,0,25,0,4.88,"f",0.7
17416,"12/10/2023","within an hour","f",11,"t","Sydney",-33.86956737,151.1983674,"Entire home/apt",5,2,2,"$350.00",30,365,1,0,0,NA,"f",NA
12265,"26/08/2017","N/A","f",1,"t","Waverley",-33.89197,151.25244,"Private room",2,NA,NA,"",10,35,0,0,0,NA,"f",NA
7845,"25/04/2019","within an hour","t",68,"t","Sydney",-33.8753716,151.1967481,"Entire home/apt",2,1,1,"$136.00",2,365,8,72,3,4.82,"f",2.54
18050,"8/07/2023","within an hour","f",7,"t","Sydney",-33.88384,151.18503,"Private room",2,1,1,"$71.00",3,365,2,0,0,NA,"f",NA
7101,"5/05/2016","within an hour","f",26,"t","Marrickville",-33.90667,151.17978,"Entire home/apt",2,1,0,"$142.00",3,365,15,16,3,4.69,"t",1.05
2998,"13/07/2018","within an hour","f",31,"t","Canada Bay",-33.83776,151.08964,"Private room",1,1,1,"$80.00",90,365,29,1,0,4,"f",0.02
2220,"28/10/2015","within a few hours","t",2,"t","North Sydney",-33.83084,151.2229,"Entire home/apt",2,1,1,"$195.00",14,730,2,25,0,4.96,"f",0.28
265,"29/11/2012","N/A","f",1,"t","Waverley",-33.89724,151.27002,"Entire home/apt",4,2.5,2,"$760.00",90,180,29,25,0,4.67,"f",0.17
16750,"23/10/2022","within an hour","f",3,"t","Parramatta",-33.80362199,151.0117514,"Entire home/apt",6,2,3,"$125.00",3,365,6,1,1,5,"f",1
3704,"31/10/2014","N/A","f",3,"t","Sydney",-33.88645,151.2154,"Private room",1,1.5,1,"$118.00",90,1125,29,20,0,4.9,"f",0.28
4838,"28/02/2014","within an hour","t",8,"t","Waverley",-33.88786697,151.2731628,"Entire home/apt",2,1,1,"$131.00",1,1125,13,142,0,4.87,"t",2.77
3306,"9/04/2019","within an hour","f",1,"t","Pittwater",-33.62514,151.33886,"Entire home/apt",4,1,2,"$299.00",2,1125,27,94,0,4.99,"f",1.27
3749,"27/10/2015","within an hour","t",1,"t","Penrith",-33.77494,150.66316,"Entire home/apt",2,1,1,"$157.00",2,1125,0,79,2,4.94,"f",1.17
16766,"23/09/2020","within an hour","f",1,"t","Canterbury",-33.92039,151.12086,"Entire home/apt",2,1,1,"$110.00",1,365,8,17,7,4.82,"f",7.39
11237,"12/02/2015","within an hour","t",7,"t","Canada Bay",-33.86821518,151.1161788,"Private room",2,NA,NA,"",1,14,0,1,0,5,"f",0.25
7541,"19/08/2014","within an hour","t",1,"t","Manly",-33.7980677,151.241009,"Entire home/apt",6,1.5,3,"$293.00",2,365,19,84,1,4.95,"f",2.98
1923,"29/09/2017","within an hour","t",1,"t","Warringah",-33.75729,151.2949,"Entire home/apt",4,1,2,"$182.00",2,14,3,196,1,4.9,"t",2.17
3149,"19/11/2015","N/A","f",1,"t","Pittwater",-33.64151,151.30826,"Entire home/apt",2,1,1,"$209.00",2,1125,0,148,0,4.76,"f",1.88
8617,"13/05/2013","N/A","f",1,"t","Randwick",-33.92483045,151.2529444,"Entire home/apt",6,3,3,"$1,495.00",90,365,29,0,0,NA,"f",NA
12828,"","","t",NA,"","Sydney",-33.9097569,151.2034494,"Entire home/apt",6,NA,3,"",1,365,0,4,0,5,"f",0.38
3025,"5/12/2016","N/A","f",1,"f","Botany Bay",-33.94892,151.1967,"Private room",2,2,2,"$114.00",90,1125,27,0,0,NA,"f",NA
14098,"8/12/2023","within an hour","f",13,"t","Sydney",-33.88164,151.20435,"Entire home/apt",4,1,1,"$212.00",2,365,25,29,2,4.52,"t",3.9
11040,"3/10/2016","within an hour","f",1,"t","Warringah",-33.7311141,151.2996763,"Entire home/apt",3,1,1,"$200.00",2,365,17,21,1,4.76,"f",1.28
3060,"10/07/2013","within an hour","f",244,"t","Sydney",-33.87022118,151.193267,"Entire home/apt",2,1,1,"$285.00",1,1125,0,52,0,4.48,"t",0.67
6255,"8/06/2022","within an hour","f",9,"f","Sydney",-33.87774,151.21338,"Entire home/apt",4,0,0,"$265.00",2,365,14,8,0,4.63,"t",0.26
16591,"5/09/2018","within an hour","f",7,"t","Sydney",-33.87095117,151.1913509,"Entire home/apt",4,2,2,"$352.00",1,1125,11,3,0,5,"t",1.41
13444,"19/02/2014","within a day","f",1,"t","Manly",-33.7952379,151.2845392,"Entire home/apt",4,1,2,"$405.00",3,365,28,1,0,5,"f",0.17
17541,"13/01/2025","N/A","f",57,"t","Auburn",-33.8492399,151.0734202,"Entire home/apt",4,1,2,"$152.00",1,365,11,0,0,NA,"f",NA
3547,"10/07/2019","N/A","f",3,"t","Parramatta",-33.81617,151.00102,"Entire home/apt",3,1,1,"$124.00",90,1125,28,2,0,5,"f",0.03
5844,"26/08/2016","within an hour","f",78,"t","Ashfield",-33.8928,151.13283,"Entire home/apt",3,1,0,"$143.00",90,365,17,42,0,4.9,"t",1.08
10716,"11/12/2014","within a day","f",72,"t","Warringah",-33.77323163,151.278226,"Entire home/apt",9,NA,4,"",90,1125,0,0,0,NA,"f",NA
6558,"18/08/2022","within an hour","f",10,"t","Waverley",-33.89549,151.26095,"Entire home/apt",6,2,3,"$239.00",2,120,2,43,0,4.7,"f",1.32
17483,"20/06/2022","within a few hours","f",32,"t","Sydney",-33.91041407,151.2037465,"Entire home/apt",4,2,2,"$226.00",7,365,0,0,0,NA,"f",NA
12148,"23/04/2016","within a few hours","f",1,"t","Hornsby",-33.7290445,151.0553915,"Private room",1,1,1,"$59.00",90,365,28,0,0,NA,"f",NA
16724,"12/02/2016","within an hour","t",21,"t","Manly",-33.79455169,151.2871499,"Entire home/apt",4,1,2,"$574.00",3,60,18,5,1,5,"f",2.17
5112,"1/02/2021","within an hour","f",11,"t","Manly",-33.78758,151.28663,"Entire home/apt",4,1,1,"$218.00",1,1125,17,54,1,4.35,"t",1.03
10483,"7/08/2018","within an hour","t",4,"t","Sydney",-33.87653346,151.2064471,"Private room",1,1,1,"$129.00",3,365,28,35,1,4.77,"f",1.94
6873,"8/07/2017","within an hour","",83,"t","Canada Bay",-33.8676552,151.1034124,"Entire home/apt",6,1,2,"$183.00",5,365,20,69,1,4.84,"t",2.06
5846,"8/06/2013","within an hour","f",3,"t","North Sydney",-33.84981207,151.216766,"Entire home/apt",4,1,2,"$266.00",2,20,7,200,2,4.61,"t",6.56
7963,"26/10/2022","within an hour","f",1,"t","Canterbury",-33.92029,151.10362,"Entire home/apt",10,2,4,"$240.00",2,365,17,46,3,4.63,"t",2.05
16277,"15/12/2017","within an hour","f",1,"t","Sydney",-33.86429757,151.2104204,"Entire home/apt",4,2,2,"$352.00",1,60,14,18,3,4.61,"t",5.57
15717,"12/11/2024","within a few hours","f",20,"t","Sydney",-33.9119335,151.2117782,"Private room",2,NA,NA,"",1,365,0,0,0,NA,"f",NA
2486,"13/05/2014","within an hour","f",55,"t","Sydney",-33.87715,151.20452,"Entire home/apt",2,1,1,"$288.00",90,1124,28,0,0,NA,"f",NA
15674,"24/07/2022","N/A","f",15,"t","Warringah",-33.7549003,151.2857271,"Entire home/apt",4,2,2,"$315.00",2,90,0,5,0,4.6,"f",1.06
7391,"25/11/2022","N/A","f",2,"t","Sydney",-33.91155,151.2073,"Entire home/apt",4,2,1,"$1,440.00",1,365,30,0,0,NA,"f",NA
5700,"13/10/2013","within an hour","t",1,"t","Sydney",-33.886707,151.21347,"Entire home/apt",2,1,2,"$649.00",2,1125,25,62,0,4.94,"f",1.43
7423,"31/08/2016","within an hour","",45,"t","Lane Cove",-33.82374,151.19677,"Entire home/apt",4,2,2,"$268.00",2,365,29,8,0,4.63,"f",0.27
13378,"20/08/2024","within an hour","t",1,"t","Randwick",-33.92498813,151.2568357,"Entire home/apt",4,1,2,"$142.00",2,365,2,44,1,4.89,"f",4.91
6052,"11/10/2019","within an hour","f",138,"t","Ryde",-33.77766,151.11582,"Entire home/apt",2,1,1,"$225.00",2,1125,20,36,0,4.94,"f",0.94
194,"17/07/2014","within a day","f",1,"t","Manly",-33.78281,151.23947,"Entire home/apt",7,2,3,"$941.00",7,60,29,39,0,4.85,"f",0.31
7480,"19/01/2022","within an hour","t",42,"t","Ryde",-33.7888428,151.0828287,"Entire home/apt",5,NA,2,"",28,365,3,3,0,4.33,"f",0.14
9859,"28/05/2018","within an hour","",19,"t","Waverley",-33.89369,151.24811,"Entire home/apt",2,1,1,"$167.00",1,1125,1,16,1,4,"t",0.82
616,"9/11/2015","within an hour","t",3,"t","Randwick",-33.9194,151.25765,"Entire home/apt",2,1,1,"$170.00",4,27,3,675,1,4.84,"f",5.78
3170,"16/05/2015","within an hour","f",1,"t","Hornsby",-33.70951,151.07436,"Entire home/apt",4,1,1,"$86.00",3,1125,0,24,0,5,"f",0.31
1070,"19/01/2016","within an hour","t",1,"t","Woollahra",-33.87081,151.25003,"Entire home/apt",2,1,1,"$330.00",2,1125,23,33,0,4.88,"f",1.04
16668,"6/06/2016","within an hour","f",37,"t","Ryde",-33.77940062,151.1122206,"Entire home/apt",4,2,2,"$242.00",1,365,9,1,0,5,"t",0.35
11470,"17/05/2015","N/A","f",1,"f","Randwick",-33.9460292,151.2537489,"Entire home/apt",4,NA,2,"",90,365,0,3,0,5,"f",0.21
3439,"26/02/2016","within a few hours","f",3,"t","Sydney",-33.87565,151.21392,"Entire home/apt",4,1,2,"$270.00",5,365,2,36,0,4.69,"f",0.5
8509,"28/07/2014","a few days or more","f",1,"t","Warringah",-33.78936291,151.2503018,"Entire home/apt",8,3,4,"$499.00",90,365,6,3,0,5,"f",0.16
12546,"18/07/2018","within an hour","f",2,"t","Liverpool",-33.95403,150.90011,"Private room",1,1,1,"$64.00",1,365,19,14,1,5,"f",1.22
2870,"9/01/2017","N/A","f",1,"t","Randwick",-33.9211,151.21766,"Entire home/apt",2,NA,1,"",1,1125,0,27,0,4.44,"f",0.32
15502,"30/11/2024","within an hour","f",10,"t","Sutherland Shire",-34.03974,151.1202,"Entire home/apt",2,1,1,"$148.00",2,30,0,0,0,NA,"f",NA
6436,"8/02/2016","N/A","t",1,"t","Waverley",-33.8917459,151.282953,"Entire home/apt",2,1,1,"$360.00",5,28,8,14,0,4.93,"f",0.51
3811,"23/09/2019","within an hour","f",19,"t","Ryde",-33.78068,151.11272,"Entire home/apt",3,1,1,"$256.00",2,365,22,112,0,4.63,"t",1.77
13051,"28/05/2012","within an hour","t",4,"t","Blacktown",-33.78689,150.90253,"Entire home/apt",4,NA,2,"",21,90,28,1,0,5,"f",0.27
12006,"18/12/2019","within an hour","t",25,"t","North Sydney",-33.8506309,151.2167909,"Entire home/apt",6,NA,2,"",1,365,0,61,0,4.93,"f",4.62
2886,"12/09/2018","within an hour","f",14,"t","Manly",-33.78917,151.28555,"Entire home/apt",7,1,2,"$293.00",90,1125,24,29,0,4.1,"t",0.36
14993,"7/02/2016","within a day","f",1,"t","Sydney",-33.8867858,151.1942976,"Entire home/apt",2,1,1,"$163.00",1,7,23,3,0,4.67,"f",0.54
12738,"25/04/2014","within a day","t",2,"t","Randwick",-33.91917324,151.2484409,"Entire home/apt",2,1,1,"$174.00",5,365,17,2,0,5,"f",0.2
3922,"17/06/2017","N/A","f",1,"f","Ryde",-33.78057,151.11723,"Private room",2,1,2,"$94.00",90,1125,28,0,0,NA,"f",NA
15968,"20/04/2015","within an hour","f",6,"t","Randwick",-33.9144633,151.2404495,"Private room",3,1,1,"$240.00",1,90,21,0,0,NA,"t",NA
17840,"12/05/2023","within an hour","f",12,"t","Sydney",-33.9037439,151.2089047,"Entire home/apt",4,2,2,"$164.00",5,365,10,0,0,NA,"f",NA
15197,"4/01/2019","within an hour","f",17,"t","Sydney",-33.876559,151.2040336,"Entire home/apt",4,1,1,"$199.00",1,45,5,19,1,4.58,"t",3.08
14842,"6/10/2019","within an hour","f",1,"t","Waverley",-33.88953,151.26673,"Private room",1,1,1,"$108.00",1,10,27,9,0,4.78,"f",1.73
8057,"10/07/2013","within an hour","f",244,"t","Sydney",-33.87728586,151.1894637,"Entire home/apt",6,2,3,"$450.00",1,1125,11,18,0,4.5,"t",0.7
15125,"3/08/2017","within a few hours","f",2,"f","Sutherland Shire",-34.00987,151.10048,"Private room",1,1,1,"$69.00",7,365,13,1,0,5,"f",0.79
6884,"16/10/2021","within an hour","f",40,"t","Fairfield",-33.86549671,150.9558938,"Private room",3,2,1,"$44.00",1,90,29,79,2,4.3,"t",2.32
15551,"25/08/2019","within an hour","f",169,"t","Camden",-34.0330212,150.7760836,"Private room",1,2,1,"$42.00",1,89,14,3,0,3,"f",0.71
2481,"13/05/2014","within an hour","f",55,"t","Sydney",-33.86982,151.20841,"Entire home/apt",2,1,1,"$184.00",90,1125,29,11,0,4.73,"f",0.13
4233,"22/12/2018","N/A","t",2,"t","Sydney",-33.87687,151.22365,"Entire home/apt",8,NA,3,"",3,90,0,140,0,4.96,"f",2.2
16671,"12/02/2015","within an hour","t",7,"t","Canada Bay",-33.86719,151.12015,"Entire home/apt",6,2,2,"$215.00",1,60,16,0,0,NA,"f",NA
14861,"8/03/2017","within a day","f",18,"t","Marrickville",-33.90162,151.16377,"Entire home/apt",3,1,0,"$151.00",1,365,29,0,0,NA,"f",NA
14014,"24/07/2019","N/A","f",912,"t","North Sydney",-33.8468124,151.2048137,"Entire home/apt",4,1,2,"$265.00",3,365,7,14,0,5,"t",1.94
10080,"23/12/2022","within an hour","f",5,"t","The Hills Shire",-33.65492961,150.9516736,"Entire home/apt",14,4.5,5,"$693.00",2,365,27,9,0,5,"t",0.54
2684,"11/02/2014","within an hour","f",1,"t","Waverley",-33.89305,151.26431,"Entire home/apt",2,1,0,"$109.00",2,1125,7,107,1,4.5,"f",1.3
17426,"8/06/2014","within a day","t",1,"t","Sydney",-33.8793678,151.2136993,"Entire home/apt",4,2,2,"$601.00",4,365,28,0,0,NA,"f",NA
13300,"1/07/2015","within an hour","t",40,"t","Willoughby",-33.7951368,151.1765667,"Entire home/apt",6,2,3,"$575.00",2,365,0,3,0,4.33,"t",0.32
9341,"25/11/2022","within an hour","f",6,"t","Marrickville",-33.915593,151.1720919,"Private room",1,1.5,1,"$72.00",1,365,28,80,1,4.4,"f",3.61
11101,"10/05/2023","N/A","f",1,"t","North Sydney",-33.82206,151.2078,"Private room",1,1.5,1,"$95.00",90,365,28,6,0,5,"f",0.34
6229,"25/06/2014","within an hour","t",16,"t","Woollahra",-33.8750961,151.2338078,"Entire home/apt",4,1,2,"$188.00",3,1125,0,84,1,4.92,"f",2.16
502,"30/08/2011","N/A","f",1,"t","Sydney",-33.86665,151.22503,"Private room",1,1,1,"$98.00",90,1125,29,15,0,4.67,"f",0.11
5859,"24/08/2015","within an hour","t",1,"t","Leichhardt",-33.856892,151.178162,"Entire home/apt",2,1,1,"$110.00",2,1125,4,146,1,4.85,"t",3.46
12144,"14/05/2015","within an hour","f",2,"t","Botany Bay",-33.92837694,151.2260737,"Entire home/apt",2,1,0,"$76.00",2,365,11,49,0,4.29,"t",4.02
7856,"22/12/2016","within an hour","f",120,"t","North Sydney",-33.8361614,151.2049396,"Entire home/apt",4,2,2,"$289.00",4,365,4,35,0,4.97,"f",2.36
11183,"11/01/2020","within an hour","t",45,"t","Auburn",-33.8243299,151.0795747,"Entire home/apt",4,2,2,"$211.00",4,365,11,13,0,4.85,"f",0.85
5537,"11/09/2019","within an hour","f",2,"t","Pittwater",-33.66241558,151.2905029,"Entire home/apt",8,4.5,5,"$921.00",2,25,13,74,0,4.86,"f",1.63
8304,"25/08/2019","within an hour","f",169,"t","Sydney",-33.88403,151.20873,"Private room",1,1,1,"$82.00",2,365,11,61,1,4.07,"f",2.33
64,"30/07/2013","within a few hours","t",1,"t","Sydney",-33.86951,151.22807,"Entire home/apt",4,2,2,"$400.00",5,30,18,92,0,4.96,"f",0.67
8881,"7/07/2021","N/A","f",1,"t","Sydney",-33.88551,151.19656,"Entire home/apt",4,NA,2,"",1,365,0,0,0,NA,"f",NA
7695,"4/11/2019","within an hour","t",15,"t","Botany Bay",-33.9296755,151.1963342,"Private room",1,2,1,"$68.00",5,365,7,29,0,4.55,"t",1.01
15234,"17/04/2024","within an hour","f",13,"t","Rockdale",-33.9562328,151.1438375,"Entire home/apt",2,1,1,"$126.00",4,365,0,9,1,4.67,"f",1.56
11803,"29/04/2024","within a few hours","f",9,"t","City Of Kogarah",-33.97553561,151.1104523,"Private room",2,NA,NA,"",90,365,0,0,0,NA,"f",NA
4510,"5/04/2014","N/A","f",2,"t","Warringah",-33.73081,151.29377,"Entire home/apt",12,3.5,5,"$1,751.00",90,1125,29,0,0,NA,"f",NA
3677,"13/09/2018","within an hour","t",20,"t","Sydney",-33.87685,151.21333,"Entire home/apt",2,1,0,"$121.00",2,730,11,167,3,4.83,"f",2.53
17495,"26/01/2017","within an hour","f",4,"t","Woollahra",-33.87578,151.235,"Private room",4,1,1,"$161.00",2,365,29,1,1,5,"t",1
82,"21/02/2011","within an hour","t",2,"t","Randwick",-33.96857,151.24942,"Entire home/apt",4,2,2,"$200.00",7,80,21,14,0,5,"f",0.1
9804,"30/09/2023","N/A","f",1,"t","The Hills Shire",-33.77119002,151.0480291,"Entire home/apt",3,1,1,"$126.00",2,365,0,11,0,4.73,"f",0.53
13100,"6/04/2014","within an hour","t",2,"t","North Sydney",-33.84734,151.23122,"Entire home/apt",3,1,1,"$544.00",3,30,27,10,0,5,"f",1.26
2833,"15/07/2018","N/A","f",1,"f","The Hills Shire",-33.69518,150.96076,"Private room",1,1,2,"$32.00",90,1125,29,0,0,NA,"f",NA
3703,"22/06/2015","N/A","f",1,"t","Manly",-33.79271,151.28656,"Entire home/apt",2,1.5,1,"$149.00",90,730,26,1,0,5,"f",0.01
7679,"11/09/2013","N/A","f",1,"t","Waverley",-33.8893394,151.2642574,"Entire home/apt",2,NA,1,"",2,365,0,1,0,5,"f",0.07
13192,"1/11/2019","within a day","f",1,"t","Penrith",-33.7424,150.70918,"Entire home/apt",7,1.5,3,"$104.00",1,365,28,0,0,NA,"f",NA
18088,"8/12/2023","within an hour","f",13,"t","North Sydney",-33.84687,151.21217,"Entire home/apt",5,2,2,"$312.00",1,365,30,0,0,NA,"f",NA
3513,"9/06/2019","within an hour","f",1,"t","Hornsby",-33.77337,151.06763,"Private room",2,1,1,"$90.00",1,80,17,91,2,4.84,"f",1.25
5427,"4/08/2013","within an hour","t",68,"t","Penrith",-33.77174,150.71786,"Entire home/apt",8,2,4,"$250.00",28,730,4,11,0,5,"f",0.26
9758,"23/06/2016","a few days or more","f",1,"t","Botany Bay",-33.9210893,151.1868333,"Private room",1,1,1,"$80.00",1,365,17,0,0,NA,"f",NA
2438,"13/05/2014","within an hour","f",55,"t","Sydney",-33.88245,151.20392,"Entire home/apt",3,1,1,"$251.00",90,1124,28,6,0,4.33,"f",0.07
10822,"14/04/2023","within an hour","f",81,"t","Sydney",-33.87534,151.20274,"Entire home/apt",4,1,2,"$114.00",1,365,11,51,3,4.63,"t",3.06
5851,"6/01/2016","within an hour","t",12,"t","Liverpool",-33.91345596,150.8271332,"Private room",2,1,1,"$89.00",1,1125,20,46,0,4.93,"f",1.18
9722,"15/07/2015","within an hour","t",1,"t","Hornsby",-33.6871056,151.113868,"Private room",2,1,1,"$84.00",1,1125,0,76,3,4.96,"t",4.71
8542,"27/08/2010","within a few hours","t",1,"t","Sydney",-33.8714537,151.2279949,"Private room",1,1,1,"$127.00",2,7,10,59,1,5,"f",4.13
1231,"24/09/2015","N/A","f",1,"t","Sydney",-33.89655,151.19268,"Private room",2,1,1,"$89.00",90,1125,27,4,0,5,"f",0.05
12813,"3/06/2024","within an hour","t",1,"t","Waverley",-33.90064024,151.2610291,"Entire home/apt",2,1,1,"$225.00",1,180,2,13,2,5,"f",3.36
13249,"14/02/2016","N/A","f",1,"t","Waverley",-33.8881636,151.2663244,"Entire home/apt",2,1,1,"$117.00",90,105,29,0,0,NA,"f",NA
8865,"4/01/2013","within an hour","f",1,"t","Waverley",-33.89701799,151.2634585,"Entire home/apt",4,1,2,"$450.00",3,21,28,7,0,4.86,"f",0.39
15459,"12/12/2015","within an hour","f",13,"t","Strathfield",-33.8631,151.07664,"Entire home/apt",4,2,2,"$170.00",3,365,9,16,5,4.81,"t",3.18
2458,"30/12/2017","within an hour","t",2,"t","Sydney",-33.8753,151.18077,"Private room",2,1,1,"$79.00",7,1125,6,45,2,4.89,"f",0.58
12059,"11/01/2020","within an hour","t",45,"t","Ryde",-33.8187351,151.0935005,"Entire home/apt",6,2,3,"$241.00",4,365,25,20,0,4.9,"f",1.62
4980,"22/10/2018","within an hour","f",3,"t","Ku-Ring-Gai",-33.75255,151.15083,"Private room",4,1.5,1,"$235.00",2,1125,28,12,0,4.92,"f",0.23
4626,"25/06/2018","within an hour","t",6,"t","Sydney",-33.86011,151.20686,"Private room",2,1,1,"$305.00",1,14,29,11,0,4.64,"t",0.28
1711,"11/12/2014","within a day","f",72,"t","Pittwater",-33.60060385,151.3178729,"Entire home/apt",4,NA,1,"",2,1125,0,10,0,4.8,"t",0.11
3647,"9/10/2019","within an hour","f",3,"t","Bankstown",-33.90295,151.00112,"Private room",2,1,1,"$183.00",1,1125,28,139,0,4.3,"t",2.12
16882,"30/10/2024","within an hour","f",3,"t","The Hills Shire",-33.64957567,150.8909301,"Entire home/apt",8,3,4,"$279.00",1,1125,9,3,1,5,"f",1.48
15805,"24/07/2019","N/A","f",912,"t","Sydney",-33.8855799,151.217794,"Entire home/apt",4,1,2,"$250.00",3,365,3,9,2,4.44,"t",2.84
3307,"15/11/2016","N/A","f",1,"t","Woollahra",-33.87535,151.25865,"Private room",2,1,1,"$102.00",90,1125,27,1,0,4,"f",0.01
9580,"24/07/2012","within a few hours","t",126,"t","Sutherland Shire",-34.0366,151.16656,"Entire home/apt",12,3.5,5,"$3,539.00",1,1125,27,0,0,NA,"f",NA
6634,"7/06/2015","within an hour","t",2,"t","Sutherland Shire",-34.0450013,151.1042997,"Private room",1,1,1,"$63.00",1,5,0,56,2,4.96,"f",1.75
9855,"2/10/2023","N/A","f",5,"f","Liverpool",-33.91520159,150.9286015,"Entire home/apt",4,NA,2,"",90,365,0,1,0,4,"f",0.06
1318,"13/04/2014","within an hour","t",1,"t","Sydney",-33.88562,151.22662,"Entire home/apt",4,2,2,"$367.00",3,45,4,73,3,4.93,"f",0.71
8438,"19/05/2016","within an hour","t",4,"t","Woollahra",-33.8505825,151.2748831,"Entire home/apt",10,6.5,5,"$2,211.00",3,1125,27,41,0,4.93,"t",1.62
332,"10/03/2015","within an hour","t",1,"t","Marrickville",-33.91543,151.15608,"Entire home/apt",2,1,1,"$104.00",3,60,12,151,1,4.66,"f",1.22
2324,"18/12/2017","within an hour","f",3,"t","Fairfield",-33.89844,150.91403,"Entire home/apt",2,1,1,"$72.00",1,180,0,98,2,4.74,"t",1.11
12246,"1/12/2016","N/A","f",4,"t","Bankstown",-33.9425,151.01364,"Private room",4,NA,2,"",90,90,0,6,0,4.83,"f",0.49
1230,"4/04/2016","within a few hours","t",2,"t","Sydney",-33.87562,151.185,"Private room",2,1.5,1,"$302.00",1,1125,28,297,0,4.83,"f",2.78
15026,"25/04/2019","within an hour","t",68,"t","Randwick",-33.9200346,151.254672,"Entire home/apt",4,NA,2,"",1,365,0,10,1,4.4,"f",2.26
15324,"29/11/2023","within an hour","f",46,"t","Ku-Ring-Gai",-33.7783412,151.1654329,"Private room",2,1,1,"$49.00",1,365,4,3,0,3.33,"f",0.59
9966,"15/01/2018","N/A","f",1,"t","Sydney",-33.8880796,151.1968624,"Entire home/apt",2,0,0,"$144.00",2,30,0,6,0,4.67,"f",0.34
4457,"22/11/2017","within an hour","",14,"t","Waverley",-33.8873,151.27427,"Entire home/apt",2,1,1,"$154.00",2,1125,10,93,1,4.9,"f",1.54
11479,"10/07/2013","within an hour","f",244,"t","North Sydney",-33.85172,151.21863,"Entire home/apt",6,2,3,"$424.00",1,1125,29,0,0,NA,"t",NA
15172,"16/12/2024","within an hour","f",27,"t","Willoughby",-33.79491186,151.1876397,"Entire home/apt",3,1,1,"$182.00",1,365,29,2,0,5,"f",0.47
6911,"28/12/2021","within an hour","t",2,"t","City Of Kogarah",-33.96857,151.12367,"Entire home/apt",6,NA,3,"",4,30,0,26,1,4.92,"f",0.87
16163,"18/11/2013","within an hour","t",11,"t","Sydney",-33.8766475,151.1870748,"Entire home/apt",4,2,2,"$339.00",1,1125,5,6,1,5,"t",1.82
4014,"14/10/2016","a few days or more","f",2,"t","Botany Bay",-33.92315,151.18612,"Private room",2,1,2,"$74.00",90,1125,29,6,0,4.17,"f",0.09
8696,"10/07/2013","within an hour","f",244,"t","Randwick",-33.91321,151.25238,"Entire home/apt",8,2,4,"$662.00",1,1125,15,9,0,4.78,"t",0.51
3789,"13/03/2017","a few days or more","f",2,"f","Canterbury",-33.94713,151.06809,"Private room",2,NA,1,"",90,1125,29,0,0,NA,"t",NA
9778,"10/07/2013","within an hour","f",244,"t","Woollahra",-33.85197,151.27745,"Entire home/apt",8,4.5,4,"$1,098.00",1,1125,0,5,0,4.2,"t",0.27
17271,"11/03/2018","within an hour","t",9,"t","Rockdale",-33.9337,151.15844,"Entire home/apt",4,2,2,"$359.00",2,365,29,2,1,5,"t",1.02
9592,"8/12/2015","within an hour","t",15,"t","Sydney",-33.87578,151.20849,"Entire home/apt",6,NA,2,"",7,365,0,9,0,4.67,"t",0.42
1986,"10/07/2013","within an hour","f",244,"t","Randwick",-33.91686,151.25759,"Entire home/apt",6,2,2,"$363.00",1,1125,0,73,1,4.75,"t",0.81
2336,"13/11/2014","within a day","t",82,"t","Pittwater",-33.63357,151.33696,"Entire home/apt",10,3.5,5,"$2,099.00",1,1125,14,3,0,5,"f",0.04
8387,"22/04/2023","within a few hours","f",1,"t","Sydney",-33.87550547,151.2244838,"Entire home/apt",5,2,2,"$329.00",1,365,23,35,0,4.57,"f",1.38
5177,"23/04/2018","N/A","f",46,"t","Woollahra",-33.881866,151.224686,"Entire home/apt",6,3,3,"$424.00",1,90,5,89,1,4.65,"f",1.71
8085,"6/02/2017","within an hour","t",6,"t","Parramatta",-33.80831,151.00599,"Private room",1,1,1,"$90.00",1,730,19,22,1,4.86,"f",0.79
2351,"22/07/2017","within an hour","t",1,"t","Campbelltown",-33.98886,150.87861,"Entire home/apt",16,NA,3,"",2,90,28,106,1,4.59,"t",1.15
9209,"24/07/2019","N/A","f",912,"t","Sydney",-33.8792301,151.1813628,"Entire home/apt",2,NA,NA,"",3,365,0,16,0,4.19,"t",0.73
8848,"10/05/2021","within a day","f",1,"t","Pittwater",-33.70155,151.27679,"Entire home/apt",6,3,4,"$363.00",7,8,0,2,0,4.5,"f",0.11
9302,"19/10/2015","within an hour","t",13,"t","Auburn",-33.8491238,151.0742178,"Entire home/apt",4,1,1,"$197.00",1,60,13,23,0,4.87,"t",1.04
11568,"24/01/2018","within an hour","f",56,"t","Lane Cove",-33.82391,151.19667,"Entire home/apt",4,2,2,"$285.00",2,365,20,27,0,4.37,"t",1.87
7363,"30/01/2022","within a few hours","t",2,"t","Waverley",-33.8952599,151.2722051,"Entire home/apt",5,1,2,"$551.00",4,365,29,16,0,4.94,"f",0.53
5593,"26/10/2015","within an hour","t",1,"t","Burwood",-33.877983,151.106186,"Entire home/apt",2,1,1,"$361.00",60,1125,28,67,0,4.93,"f",1.58
3293,"17/01/2019","within an hour","f",9,"t","Sydney",-33.85777664,151.2055664,"Entire home/apt",2,1,1,"$202.00",2,365,13,201,3,4.63,"t",2.6
7105,"27/10/2022","within an hour","t",1,"t","Manly",-33.7874051,151.2855801,"Entire home/apt",6,1,3,"$373.00",2,1125,8,57,2,4.79,"f",1.8
3598,"29/01/2015","within an hour","t",1,"t","Marrickville",-33.9023065,151.1664985,"Entire home/apt",4,1,1,"$183.00",1,365,5,68,4,5,"f",4.24
13481,"5/01/2023","within an hour","f",50,"t","Holroyd",-33.8270491,151.0001973,"Private room",2,1,1,"$51.00",1,89,26,12,0,4,"f",1.34
17752,"20/06/2022","within a few hours","f",32,"t","Marrickville",-33.90409737,151.1791459,"Entire home/apt",2,1,1,"$166.00",7,365,0,0,0,NA,"f",NA
1886,"28/04/2017","N/A","f",1,"t","Canterbury",-33.91617,151.13313,"Entire home/apt",10,2,4,"$630.00",90,1125,0,6,0,5,"f",0.07
2819,"24/12/2013","N/A","f",4,"t","Randwick",-33.94109247,151.2360429,"Entire home/apt",5,1.5,2,"$680.00",2,365,29,1,0,1,"t",0.18
18057,"2/08/2017","within an hour","t",3,"t","City Of Kogarah",-33.961161,151.1354779,"Entire home/apt",4,2,2,"$166.00",3,365,19,0,0,NA,"f",NA
17384,"19/01/2017","within an hour","t",2,"t","Sydney",-33.87616,151.21767,"Entire home/apt",8,2,4,"$750.00",1,365,13,7,3,5,"f",3.56
17637,"12/04/2019","within an hour","f",63,"t","Holroyd",-33.8483814,150.9620768,"Private room",2,2.5,1,"$54.00",1,89,22,0,0,NA,"f",NA
14048,"12/04/2019","within an hour","f",63,"t","Campbelltown",-33.9817881,150.9001443,"Private room",1,2.5,1,"$52.00",3,89,12,3,1,5,"f",0.56
7876,"23/05/2012","within a few hours","t",117,"t","Waverley",-33.889146,151.275832,"Entire home/apt",4,1,2,"$384.00",5,89,0,11,0,4.82,"f",0.4
3955,"10/04/2016","within an hour","f",3,"t","Pittwater",-33.62991,151.33802,"Entire home/apt",7,1,3,"$855.00",2,1125,27,43,0,4.63,"f",0.64
11786,"11/12/2014","within a day","f",72,"t","Pittwater",-33.6345,151.32049,"Entire home/apt",6,2,3,"$584.00",2,1125,25,9,0,4.67,"t",0.68
5114,"1/02/2021","within an hour","f",11,"t","Manly",-33.78885,151.28465,"Entire home/apt",2,1,0,"$186.00",1,1125,27,22,0,4.09,"t",0.42
18157,"8/11/2016","within an hour","f",3,"t","Sydney",-33.89687895,151.198566,"Private room",2,1,1,"$91.00",1,1125,9,2,2,5,"t",2
6217,"12/02/2016","within an hour","t",21,"t","Manly",-33.80323077,151.2880443,"Entire home/apt",3,1,1,"$225.00",3,90,7,45,1,4.93,"f",1.28
14171,"22/02/2016","within an hour","t",1,"t","Ashfield",-33.88698512,151.1218973,"Entire home/apt",3,NA,1,"",2,31,0,13,0,4.85,"f",2.02
10291,"23/04/2018","N/A","",70,"t","Botany Bay",-33.9272193,151.2089373,"Entire home/apt",8,3,4,"$386.00",2,365,27,23,1,4.78,"t",1.28
992,"7/01/2016","within a few hours","t",1,"t","Warringah",-33.75254,151.28177,"Entire home/apt",2,1,1,"$105.00",5,40,2,191,3,4.97,"t",2.32
11711,"25/08/2019","within an hour","f",169,"t","Auburn",-33.8719523,151.0344225,"Private room",2,2.5,1,"$53.00",2,365,25,10,1,3.6,"f",0.68
15231,"29/06/2017","N/A","f",1,"t","Sydney",-33.89127776,151.2157512,"Private room",2,NA,NA,"",4,365,0,1,0,5,"t",0.21
11042,"24/01/2018","within an hour","f",56,"t","Auburn",-33.8481173,151.0735123,"Entire home/apt",2,1,1,"$196.00",90,365,11,36,1,4.42,"t",2.24
595,"6/11/2015","N/A","f",1,"t","Ku-Ring-Gai",-33.72009,151.11456,"Entire home/apt",2,1,0,"$150.00",90,1125,29,0,0,NA,"f",NA
4172,"24/07/2019","N/A","f",912,"t","Hunters Hill",-33.83682,151.17618,"Entire home/apt",2,1,0,"$109.00",3,365,4,62,1,4.47,"t",0.94
7758,"14/01/2023","within an hour","f",3,"t","Fairfield",-33.8672896,150.9143041,"Entire home/apt",8,NA,3,"",3,365,0,13,0,4.92,"f",1.01
1195,"20/07/2015","N/A","f",1,"t","Waverley",-33.89396,151.2713,"Entire home/apt",2,NA,1,"",90,730,0,7,0,5,"f",0.07
8462,"15/05/2023","within a few hours","t",6,"t","Sydney",-33.90334,151.21287,"Entire home/apt",3,1,1,"$214.00",2,365,0,37,0,4.89,"f",1.67
10677,"7/04/2013","within an hour","t",3,"t","Rockdale",-33.93661,151.1451,"Private room",1,NA,1,"",1,365,29,106,0,4.88,"f",5.94
5559,"3/12/2017","within a few hours","t",1,"t","Randwick",-33.91126,151.2526,"Entire home/apt",4,NA,2,"",90,365,11,19,0,5,"f",0.45
4091,"19/11/2015","within an hour","t",3,"t","Sydney",-33.87717765,151.20597,"Entire home/apt",4,1,1,"$289.00",3,365,29,67,1,4.88,"f",1.82
1031,"16/10/2015","N/A","f",1,"f","Pittwater",-33.65952,151.31792,"Entire home/apt",8,3,4,"$830.00",90,1125,29,0,0,NA,"f",NA
13628,"26/03/2016","N/A","f",1,"t","Sydney",-33.87823181,151.2209118,"Entire home/apt",2,1,1,"$149.00",14,50,8,0,0,NA,"f",NA
264,"10/02/2015","N/A","f",1,"t","The Hills Shire",-33.63159,151.01419,"Entire home/apt",4,1,1,"$757.00",90,1120,28,127,0,4.89,"f",1.02
4644,"13/07/2018","within an hour","f",31,"t","Canada Bay",-33.83614,151.08959,"Private room",3,1,3,"$300.00",30,730,29,1,0,5,"f",0.05
4803,"24/07/2019","N/A","f",912,"t","Sydney",-33.8713,151.19713,"Entire home/apt",4,1,2,"$244.00",3,365,1,47,0,4.4,"f",0.93
15161,"21/11/2018","within an hour","f",51,"t","Sydney",-33.88906,151.20147,"Entire home/apt",2,NA,1,"",1,365,16,1,0,3,"t",0.37
17497,"28/04/2025","within an hour","f",1,"t","Blacktown",-33.67122549,150.881207,"Private room",2,1,1,"$94.00",1,7,21,0,0,NA,"f",NA
13544,"12/06/2019","within a few hours","f",4,"t","Ryde",-33.79584505,151.1235468,"Private room",2,1,1,"$42.00",2,30,0,16,0,4.69,"f",1.72
1245,"18/04/2013","N/A","f",1,"t","Sydney",-33.88327,151.19087,"Entire home/apt",3,1.5,2,"$209.00",7,40,0,9,0,4.11,"f",0.09
15858,"13/04/2018","within an hour","t",2,"t","Canterbury",-33.92339,151.13639,"Entire home/apt",4,1,2,"$128.00",2,365,9,6,2,4.67,"t",1.76
11405,"7/10/2023","within a few hours","f",5,"t","Marrickville",-33.90359821,151.1639695,"Entire home/apt",4,1,1,"$202.00",1,365,29,3,0,2.67,"f",0.23
13662,"10/07/2013","within an hour","f",244,"t","Ryde",-33.77833,151.12052,"Entire home/apt",4,2,2,"$165.00",1,1125,0,0,0,NA,"t",NA
4050,"24/11/2019","N/A","f",1,"t","Pittwater",-33.70704,151.28374,"Entire home/apt",4,NA,2,"",3,730,0,11,0,4.91,"f",0.17
12780,"27/04/2016","within an hour","f",1,"f","Botany Bay",-33.94588,151.19847,"Entire home/apt",2,0,1,"$120.00",1,90,8,28,9,4.64,"f",2.97
15520,"14/09/2024","within an hour","",25,"t","Rockdale",-33.9306006,151.1406682,"Entire home/apt",4,2,2,"$150.00",2,365,21,14,0,4.5,"t",2.41
4687,"30/07/2017","within an hour","t",1,"t","Pittwater",-33.61573,151.32728,"Entire home/apt",6,NA,3,"",2,14,0,50,0,4.98,"f",0.76
2822,"23/10/2016","N/A","f",1,"t","Blacktown",-33.76363,150.84296,"Private room",3,2.5,4,"$86.00",90,100,26,0,0,NA,"f",NA
6485,"19/01/2022","within an hour","t",42,"t","Canada Bay",-33.8548,151.14873,"Entire home/apt",2,1,0,"$129.00",3,365,29,96,1,4.74,"f",2.9
15808,"21/01/2019","within an hour","t",13,"t","Sydney",-33.9072356,151.201622,"Private room",2,1,1,"$157.00",1,90,29,0,0,NA,"t",NA
11573,"13/08/2018","within an hour","f",57,"t","Sydney",-33.8798973,151.2041224,"Entire home/apt",2,1,0,"$174.00",1,365,12,32,0,4.63,"f",2.3
228,"24/07/2012","within a few hours","t",126,"t","Pittwater",-33.59452339,151.3240371,"Entire home/apt",8,4,4,"$1,559.00",1,1125,26,26,1,4.92,"f",0.2
1583,"25/07/2014","a few days or more","f",3,"t","Marrickville",-33.90308,151.17233,"Private room",3,3,1,"$55.00",90,1125,27,1,0,4,"f",0.01
993,"7/01/2016","N/A","f",2,"f","The Hills Shire",-33.77867,151.02543,"Private room",2,1,1,"$85.00",90,1125,0,2,0,5,"f",0.02
1265,"6/08/2015","N/A","f",1,"t","Manly",-33.80246,151.28671,"Entire home/apt",2,1,1,"$360.00",3,60,0,53,0,4.75,"f",0.51
8466,"4/09/2015","N/A","f",1,"t","Lane Cove",-33.82494526,151.1944273,"Entire home/apt",4,NA,2,"",180,360,0,0,0,NA,"f",NA
12008,"14/03/2018","within an hour","f",44,"t","Sydney",-33.8637202,151.2086954,"Entire home/apt",2,1,0,"$203.00",2,14,9,39,3,4.79,"f",3.13
13046,"10/12/2018","within an hour","",12,"t","Marrickville",-33.89408,151.1604,"Entire home/apt",2,1,1,"$97.00",3,365,10,23,1,4.74,"f",2.37
10193,"13/08/2018","within an hour","f",57,"t","Sydney",-33.87788045,151.2042422,"Entire home/apt",3,1,1,"$183.00",1,365,14,62,3,4.73,"f",3.2
18145,"16/12/2013","within a day","f",1,"t","Waverley",-33.8953618,151.2709524,"Entire home/apt",2,1,1,"$323.00",5,365,1,0,0,NA,"f",NA
8407,"22/03/2023","within an hour","t",12,"t","North Sydney",-33.83258693,151.2053353,"Entire home/apt",2,1,0,"$170.00",3,91,27,34,1,4.88,"f",1.39
8776,"11/01/2020","within an hour","t",45,"t","Ryde",-33.77966588,151.1147564,"Entire home/apt",4,1,2,"$266.00",4,365,25,4,0,5,"f",0.16
12038,"30/10/2014","within a day","f",1,"t","Randwick",-33.90768,151.23834,"Entire home/apt",2,1,1,"$222.00",4,365,0,7,0,4.86,"f",0.64
7934,"8/04/2020","within an hour","f",180,"t","Sydney",-33.869085,151.204316,"Entire home/apt",6,2,2,"$526.00",2,365,10,33,0,4.18,"f",1.14
12818,"25/07/2014","N/A","f",2,"t","Woollahra",-33.8717927,151.2381816,"Entire home/apt",8,3,4,"$2,107.00",60,365,29,0,0,NA,"f",NA
2462,"21/05/2015","within an hour","t",2,"t","Marrickville",-33.89855,151.17671,"Entire home/apt",2,1,0,"$123.00",2,180,15,342,6,4.89,"f",4.05
14927,"4/01/2019","within an hour","f",3,"t","Woollahra",-33.8878129,151.2314719,"Entire home/apt",4,1,1,"$212.00",1,365,16,14,1,5,"t",3.16
11145,"25/08/2019","within an hour","f",169,"t","Sydney",-33.8838731,151.2084937,"Private room",2,1,1,"$118.00",4,365,15,13,0,4,"f",0.91
6736,"23/07/2013","within an hour","t",1,"t","Waverley",-33.89112,151.26292,"Entire home/apt",2,1,1,"$143.00",2,365,2,39,2,4.92,"f",1.89
5623,"7/11/2015","within an hour","f",1,"t","Pittwater",-33.6281,151.3308,"Entire home/apt",6,3,3,"$1,080.00",10,365,24,6,0,5,"f",0.14
5227,"10/02/2018","N/A","f",4,"t","Waverley",-33.89239,151.27272,"Private room",3,0,1,"$378.00",1,1125,12,15,0,4.93,"t",0.44
17909,"11/02/2022","within an hour","f",20,"t","Waverley",-33.89473,151.2718835,"Entire home/apt",3,1,2,"$226.00",4,365,28,0,0,NA,"t",NA
588,"25/10/2014","a few days or more","f",1,"t","Warringah",-33.77835,151.28827,"Entire home/apt",8,3,4,"$1,250.00",90,1125,29,1,0,5,"f",0.02
13348,"14/04/2023","within an hour","f",81,"t","Botany Bay",-33.92345,151.1863,"Entire home/apt",6,1.5,2,"$190.00",1,365,28,27,0,4.52,"t",2.89
780,"4/08/2015","within a day","f",2,"t","Sydney",-33.87778,151.22155,"Entire home/apt",3,1,1,"$130.00",90,1124,28,66,0,4.67,"f",0.56
3944,"15/02/2016","N/A","f",1,"t","Warringah",-33.77887,151.29402,"Entire home/apt",10,3.5,4,"$1,850.00",4,42,26,8,0,4.88,"f",0.12
13453,"10/02/2023","N/A","f",1,"t","Manly",-33.7918346,151.2771724,"Entire home/apt",5,NA,3,"",5,30,0,3,0,4.33,"f",0.52
13894,"1/08/2016","within an hour","t",1,"t","North Sydney",-33.8377026,151.212813,"Entire home/apt",4,1,2,"$1,350.00",2,31,24,7,0,5,"f",1.4
4772,"25/12/2019","N/A","f",1,"f","Warringah",-33.78312,151.26303,"Private room",1,1,1,"$74.00",90,1125,29,0,0,NA,"t",NA
5564,"11/08/2015","within an hour","t",1,"t","Warringah",-33.75499,151.29322,"Entire home/apt",4,1,2,"$197.00",2,730,19,145,1,4.87,"t",3.44
17524,"13/04/2025","within an hour","f",5,"t","Ryde",-33.78115825,151.1135808,"Entire home/apt",4,1,1,"$192.00",3,365,26,0,0,NA,"f",NA
5126,"21/11/2018","within an hour","f",51,"t","Sydney",-33.87267,151.22835,"Entire home/apt",2,1,1,"$223.00",365,365,26,4,0,3,"t",0.44
7021,"10/07/2013","within an hour","f",244,"t","Waverley",-33.8912095,151.2682843,"Entire home/apt",8,3.5,4,"$751.00",1,1125,17,24,2,4.54,"t",0.8
9744,"17/08/2015","N/A","f",1,"t","Waverley",-33.89655,151.26973,"Entire home/apt",4,1,2,"$453.00",5,365,0,9,0,5,"f",0.51
13637,"22/08/2018","within an hour","t",1,"f","Pittwater",-33.6468456,151.3109317,"Entire home/apt",2,1,1,"$197.00",1,14,29,14,2,4.79,"f",2.43
3709,"23/06/2019","within an hour","t",7,"t","Bankstown",-33.96363,151.03413,"Private room",1,2,1,"$48.00",2,365,2,86,0,4.86,"t",1.19
14201,"8/04/2020","within an hour","f",180,"t","Waverley",-33.8880467,151.2735106,"Entire home/apt",2,1,0,"$155.00",2,365,29,4,0,3.75,"f",0.69
9608,"12/10/2023","within an hour","f",11,"t","Sydney",-33.8772248,151.203581,"Entire home/apt",4,1,1,"$220.00",2,365,26,27,0,4.37,"f",1.36
7412,"24/01/2018","within an hour","f",56,"t","Sydney",-33.91279984,151.2100067,"Entire home/apt",8,2,3,"$285.00",3,365,25,28,1,4.57,"t",0.92
9045,"29/11/2014","within an hour","t",3,"t","Waverley",-33.8899756,151.273435,"Entire home/apt",4,1,2,"$213.00",3,730,9,58,3,4.91,"f",2.7
16015,"3/11/2017","a few days or more","f",1,"t","Auburn",-33.85862924,151.0337774,"Private room",1,1,1,"$63.00",1,365,29,1,0,1,"f",0.23
3849,"13/09/2018","within an hour","t",20,"t","Randwick",-33.92047,151.25365,"Entire home/apt",4,1.5,2,"$192.00",2,720,7,208,4,4.89,"f",3.1
10210,"13/11/2014","within a day","t",82,"t","Pittwater",-33.61070635,151.3256005,"Entire home/apt",10,4.5,5,"$1,897.00",90,1125,0,0,0,NA,"f",NA
5744,"3/11/2021","N/A","f",1,"f","Sydney",-33.87628,151.22552,"Entire home/apt",2,NA,1,"",90,1125,0,16,0,4.94,"f",0.41
9392,"23/12/2020","within an hour","f",44,"t","Hurstville",-33.96116544,151.0896599,"Private room",2,1.5,1,"$81.00",1,90,29,14,0,4.71,"f",0.64
12839,"21/10/2019","N/A","f",1,"f","Randwick",-33.91596981,151.259159,"Entire home/apt",4,NA,2,"",3,365,0,2,0,5,"f",0.34
3762,"13/08/2019","within an hour","",37,"t","Waverley",-33.86225,151.27968,"Entire home/apt",3,NA,1,"",2,41,0,6,0,4.17,"f",0.09
4630,"20/06/2019","N/A","f",53,"t","Ashfield",-33.88545,151.12544,"Entire home/apt",2,1,1,"$113.00",2,90,0,85,0,4.73,"t",1.45
12791,"23/07/2015","N/A","f",1,"t","Warringah",-33.7596599,151.284614,"Entire home/apt",8,NA,4,"",4,34,0,1,0,5,"f",0.19
3056,"31/08/2016","N/A","f",1,"t","Manly",-33.80515,151.28714,"Entire home/apt",8,2,3,"$1,250.00",5,45,23,5,0,5,"f",0.07
17413,"20/07/2019","within an hour","f",13,"t","Waverley",-33.8936828,151.2633911,"Entire home/apt",2,1,0,"$197.00",2,90,17,0,0,NA,"t",NA
9472,"22/12/2016","within an hour","t",3,"t","Sydney",-33.87762,151.21429,"Entire home/apt",4,NA,2,"",3,365,0,6,0,5,"f",0.34
7810,"19/10/2016","within an hour","t",3,"t","Burwood",-33.88344,151.10264,"Entire home/apt",10,3,4,"$416.00",3,1125,3,73,3,4.82,"t",2.44
3661,"9/12/2018","within a day","f",11,"t","North Sydney",-33.82935,151.20842,"Private room",3,1,1,"$80.00",14,1125,12,19,0,4.37,"f",0.26
18185,"23/05/2025","within an hour","f",22,"t","Sydney",-33.88668327,151.1968629,"Entire home/apt",2,1,1,"$120.00",7,365,13,0,0,NA,"f",NA
7837,"16/07/2023","N/A","f",100,"t","Pittwater",-33.62502284,151.3331353,"Entire home/apt",6,2,3,"$311.00",1,1125,22,50,0,4.04,"t",1.78
13887,"8/07/2023","within an hour","f",7,"t","Sydney",-33.884366,151.1858154,"Private room",2,1,1,"$66.00",4,90,25,8,0,4.63,"f",1.21
9932,"24/07/2019","N/A","f",912,"t","Woollahra",-33.87116,151.25418,"Entire home/apt",4,2,2,"$599.00",3,365,13,22,2,4.64,"t",1.13
17588,"18/01/2022","within a day","f",1,"t","Randwick",-33.92267,151.25643,"Entire home/apt",4,1,2,"$342.00",4,365,0,1,1,5,"f",1
13005,"13/08/2018","within an hour","f",57,"t","Sydney",-33.87990351,151.2058438,"Entire home/apt",4,2,1,"$173.00",1,365,21,31,2,4.61,"f",3.29
7612,"25/08/2019","within an hour","f",169,"t","Hurstville",-33.94123,151.10068,"Entire home/apt",7,2,2,"$230.00",4,365,22,30,0,4.5,"f",0.98
11386,"19/04/2018","within an hour","f",59,"t","Ryde",-33.78072,151.11534,"Entire home/apt",3,1,1,"$202.00",2,365,27,5,0,4.6,"f",0.43
8752,"3/05/2015","within an hour","t",1,"t","Manly",-33.79323035,151.287087,"Entire home/apt",6,3,3,"$732.00",2,180,14,77,0,4.97,"t",3.22
9495,"11/10/2019","within an hour","f",138,"t","Willoughby",-33.79905,151.18046,"Entire home/apt",5,2,2,"$285.00",10,365,29,4,0,4.75,"f",0.21
6615,"31/07/2022","within an hour","f",1,"t","Campbelltown",-34.07990116,150.7759416,"Entire home/apt",11,3,6,"$250.00",3,1125,8,33,2,4.36,"t",1.46
14824,"20/03/2017","N/A","f",1,"t","Warringah",-33.75514,151.2636,"Entire home/apt",7,1,3,"$431.00",5,361,28,3,0,5,"f",0.53
4281,"21/08/2016","N/A","f",1,"t","Pittwater",-33.60005,151.31786,"Entire home/apt",4,1,0,"$308.00",5,30,28,75,0,4.77,"f",1.23
6390,"2/12/2015","within an hour","t",1,"t","Pittwater",-33.6295762,151.3179505,"Entire home/apt",6,1,3,"$279.00",1,1125,13,109,1,4.98,"t",3.13
1975,"5/03/2014","within an hour","t",4,"t","Pittwater",-33.69646,151.27863,"Private room",2,1,1,"$89.00",90,1125,27,1,0,4,"f",0.01
6719,"5/07/2017","within a day","f",517,"t","Sydney",-33.885,151.18003,"Entire home/apt",6,2,3,"$1,300.00",3,1125,28,0,0,NA,"f",NA
14617,"20/05/2014","within an hour","t",1,"t","Botany Bay",-33.93334377,151.2037033,"Entire home/apt",8,3,4,"$508.00",3,90,26,15,0,4.73,"t",2.42
3479,"27/10/2017","within a day","f",289,"t","Sydney",-33.86726,151.20371,"Entire home/apt",2,1,1,"$600.00",7,1125,28,1,0,5,"f",0.02
10656,"21/11/2018","within an hour","f",51,"t","Sydney",-33.86516835,151.2084154,"Entire home/apt",2,1,1,"$195.00",90,365,29,0,0,NA,"t",NA
5560,"9/11/2020","within an hour","f",8,"t","Waverley",-33.88971,151.26979,"Private room",4,1,1,"$338.00",1,365,25,6,1,4.83,"t",0.47
9307,"28/07/2022","N/A","f",1,"t","Woollahra",-33.8854925,151.2566146,"Private room",2,NA,NA,"",90,100,0,2,0,5,"f",0.1
1622,"17/11/2016","within a few hours","t",1,"t","Woollahra",-33.88844,151.24908,"Entire home/apt",4,1,2,"$246.00",3,180,11,195,1,4.82,"f",1.87
12545,"16/11/2015","N/A","f",3,"t","Waverley",-33.89948335,151.2625892,"Private room",3,NA,NA,"",1,6,0,4,0,5,"f",0.48
15634,"5/05/2022","within an hour","f",2,"t","Botany Bay",-33.92152,151.18533,"Entire home/apt",2,1,1,"$125.00",2,40,0,0,0,NA,"f",NA
9333,"24/07/2015","within an hour","f",22,"t","Randwick",-33.9192359,151.2366332,"Private room",1,1.5,1,"$120.00",3,365,28,3,0,5,"f",0.13
1801,"27/05/2013","within an hour","t",9,"t","Sydney",-33.87805,151.2133,"Entire home/apt",12,2,4,"$667.00",1,1125,4,101,0,4.84,"f",1.08
15773,"20/01/2025","N/A","f",1,"f","Rockdale",-33.95806042,151.1535927,"Entire home/apt",6,2,2,"$346.00",1,365,29,1,0,5,"f",0.25
2443,"25/09/2018","N/A","f",2,"t","Canterbury",-33.91225,151.08239,"Private room",2,1,1,"$70.00",90,1125,29,8,0,4.75,"t",0.1
7566,"25/03/2018","N/A","f",1,"t","Lane Cove",-33.8251825,151.195803,"Entire home/apt",2,NA,1,"",3,15,0,2,0,5,"t",0.11
10570,"24/07/2019","N/A","f",912,"t","Marrickville",-33.91676,151.16554,"Entire home/apt",2,1,1,"$148.00",3,365,17,13,1,4.69,"t",0.74
10660,"31/05/2021","within a few hours","f",6,"t","Willoughby",-33.80098,151.21971,"Entire home/apt",5,3,4,"$340.00",90,180,22,1,0,4,"f",0.08
6329,"2/07/2015","within a few hours","t",1,"t","Willoughby",-33.81226,151.18754,"Entire home/apt",4,1,2,"$200.00",20,100,27,10,0,5,"f",0.27
14596,"21/09/2017","within an hour","f",2,"t","Blacktown",-33.7738356,150.8675105,"Entire home/apt",13,1,3,"$221.00",2,180,9,7,1,4.57,"f",1.25
1548,"22/03/2016","within a few hours","f",1,"t","Manly",-33.79238,151.28442,"Entire home/apt",10,4,5,"$1,000.00",7,1125,0,7,0,5,"f",0.07
17971,"9/09/2024","within an hour","t",6,"t","Willoughby",-33.80266,151.16836,"Entire home/apt",7,2,3,"$261.00",2,365,13,0,0,NA,"t",NA
7680,"2/12/2022","within an hour","t",3,"t","Blacktown",-33.7707215,150.8366443,"Private room",2,1,1,"$61.00",6,31,28,51,3,4.9,"f",3.15
15787,"11/08/2015","within an hour","f",34,"t","Manly",-33.8093,151.25878,"Entire home/apt",10,4.5,6,"$2,642.00",7,365,16,0,0,NA,"f",NA
7917,"15/02/2023","within an hour","f",1,"t","Sutherland Shire",-34.0802578,151.1571834,"Entire home/apt",10,4,5,"$1,057.00",1,1125,22,19,1,5,"f",0.71
1415,"18/03/2015","N/A","f",1,"t","Sydney",-33.91276,151.18197,"Entire home/apt",5,2,3,"$500.00",90,1125,29,0,0,NA,"f",NA
15744,"17/04/2018","within an hour","",24,"t","Sydney",-33.90768279,151.210744,"Entire home/apt",4,1,2,"$157.00",3,365,7,8,0,4.25,"f",2.38
14018,"13/07/2024","N/A","f",1,"t","Waverley",-33.88613,151.28111,"Entire home/apt",6,3,4,"$1,250.00",10,40,22,1,0,5,"f",0.18
1202,"29/03/2016","N/A","f",1,"f","Randwick",-33.93402,151.26014,"Entire home/apt",8,2.5,4,"$1,516.00",90,1125,22,0,0,NA,"f",NA
14031,"5/11/2013","N/A","f",1,"f","Sutherland Shire",-34.0072018,151.069317,"Entire home/apt",9,NA,3,"",6,14,0,1,0,5,"f",0.18
10994,"8/11/2022","within a day","f",1,"f","Parramatta",-33.8221014,151.0521561,"Private room",1,1,1,"$124.00",2,361,27,2,0,5,"f",0.24
100,"24/11/2014","N/A","f",1,"t","Warringah",-33.77396,151.27639,"Entire home/apt",5,NA,3,"",5,14,0,7,0,5,"f",0.3
6597,"19/05/2014","N/A","f",1,"t","Pittwater",-33.628,151.33303,"Entire home/apt",5,1,3,"$460.00",3,365,26,1,0,4,"f",0.04
4911,"15/11/2015","within an hour","t",2,"t","Randwick",-33.91874,151.22443,"Private room",1,1,1,"$67.00",3,1125,14,79,3,4.85,"f",1.47
12548,"1/03/2023","within a few hours","t",3,"t","Leichhardt",-33.8727847,151.1649626,"Private room",2,1.5,1,"$71.00",2,90,17,26,0,4.81,"f",2.26
3130,"23/07/2012","within an hour","f",2,"t","Pittwater",-33.6056,151.33131,"Entire home/apt",2,1,0,"$173.00",2,30,29,286,3,4.91,"f",3.82
13129,"13/12/2015","within a few hours","t",1,"t","Manly",-33.79872293,151.2833915,"Entire home/apt",4,1,2,"$272.00",3,90,13,29,2,4.93,"f",2.99
11837,"29/03/2024","N/A","f",1,"t","Waverley",-33.88716,151.26764,"Entire home/apt",9,3,4,"$907.00",7,365,7,0,0,NA,"f",NA
15694,"21/10/2023","within an hour","f",42,"t","Sydney",-33.89134605,151.2118326,"Entire home/apt",2,NA,NA,"",1,365,0,1,0,1,"t",0.29
2274,"30/07/2016","within an hour","t",1,"t","The Hills Shire",-33.62049,151.02046,"Entire home/apt",4,1,2,"$240.00",2,90,21,69,1,4.99,"f",0.76
16771,"19/04/2018","within an hour","f",59,"t","Waverley",-33.895724,151.2618199,"Entire home/apt",8,2,4,"$369.00",2,365,15,0,0,NA,"t",NA
15490,"7/01/2014","within a day","f",4,"t","Botany Bay",-33.93444657,151.193284,"Entire home/apt",2,0,0,"$99.00",3,365,10,0,0,NA,"f",NA
6034,"14/05/2020","within an hour","t",13,"t","Sydney",-33.876591,151.220901,"Entire home/apt",2,1,1,"$216.00",2,180,17,110,1,4.84,"f",2.98
16345,"25/08/2019","within an hour","f",169,"t","City Of Kogarah",-33.9757935,151.1241767,"Private room",2,1.5,1,"$57.00",1,89,26,5,1,4.4,"f",1.5
17238,"15/04/2025","within a few hours","f",20,"t","Botany Bay",-33.92424212,151.1838185,"Entire home/apt",4,2,2,"$293.00",1,365,29,0,0,NA,"f",NA
3917,"21/02/2014","within an hour","t",2,"t","Randwick",-33.90631,151.24644,"Private room",2,1,1,"$83.00",3,30,23,19,1,4.74,"f",0.27
15456,"14/05/2017","N/A","f",1,"t","Pittwater",-33.62983,151.33025,"Entire home/apt",3,1,2,"$233.00",7,21,29,0,0,NA,"f",NA
14055,"16/01/2021","N/A","t",1,"t","Parramatta",-33.79246,151.04254,"Private room",3,NA,NA,"",2,365,0,17,0,4.94,"t",2.44
5784,"16/06/2016","within a few hours","t",2,"t","Sutherland Shire",-34.05809,151.12632,"Entire home/apt",4,1,1,"$190.00",2,1125,27,24,0,4.75,"f",0.89
15748,"7/04/2023","within an hour","f",67,"t","Ryde",-33.80513215,151.0734189,"Private room",2,1,1,"$48.00",1,365,2,2,0,4.5,"t",0.68
9329,"28/05/2020","within an hour","t",13,"t","Sydney",-33.876383,151.2216367,"Entire home/apt",4,1.5,1,"$280.00",2,365,12,49,1,4.88,"f",2.2
12357,"23/12/2020","within an hour","f",44,"t","Sydney",-33.87682089,151.1883811,"Private room",2,1,1,"$107.00",1,365,22,6,0,3.33,"f",0.59
275,"13/05/2014","within an hour","f",55,"t","Sydney",-33.88148,151.20238,"Entire home/apt",4,2,2,"$286.00",90,1124,9,22,0,4.59,"f",0.17
12073,"21/11/2018","within an hour","f",51,"t","Sydney",-33.86884,151.20529,"Entire home/apt",2,1,1,"$239.00",90,365,16,0,0,NA,"t",NA
17913,"26/11/2023","within an hour","t",43,"t","Sydney",-33.85782,151.20489,"Entire home/apt",8,2,3,"$281.00",1,365,15,2,2,5,"t",2
5919,"20/07/2018","within a day","f",1,"t","Manly",-33.80282,151.29191,"Entire home/apt",8,3.5,4,"$1,188.00",2,10,24,26,0,4.96,"f",0.78
17337,"19/08/2011","N/A","f",2,"t","Pittwater",-33.6106715,151.3265428,"Entire home/apt",12,5,5,"$1,190.00",2,37,21,1,0,5,"f",0.51
13024,"29/11/2014","within an hour","f",2,"t","Manly",-33.78711391,151.286161,"Private room",2,1,1,"$161.00",1,365,16,67,4,4.72,"f",6.93
17819,"22/08/2014","within an hour","f",1,"f","Manly",-33.79928806,151.2779163,"Entire home/apt",2,1,1,"$241.00",2,365,22,0,0,NA,"f",NA
4785,"6/03/2016","within an hour","t",1,"t","Sutherland Shire",-34.04503,151.15021,"Entire home/apt",6,2.5,3,"$420.00",3,300,0,102,0,4.96,"f",2.21
13651,"28/01/2019","within a few hours","f",1,"t","Leichhardt",-33.86522,151.16929,"Entire home/apt",6,2,3,"$750.00",7,21,29,1,0,5,"t",0.18
5204,"1/03/2021","within an hour","t",1,"t","Sydney",-33.87449,151.18352,"Entire home/apt",3,1,1,"$180.00",2,5,1,338,7,4.92,"t",6.64
367,"5/07/2014","within an hour","t",2,"t","Pittwater",-33.62866,151.33636,"Entire home/apt",8,3.5,4,"$1,485.00",3,728,28,32,0,4.88,"f",0.25
3120,"26/11/2018","within a day","f",2,"t","Sydney",-33.87398,151.22388,"Entire home/apt",2,1,0,"$151.00",3,28,16,38,0,4.84,"f",0.48
1982,"20/07/2011","within an hour","t",1,"t","Pittwater",-33.64118,151.2928,"Entire home/apt",3,1,1,"$183.00",2,1125,13,187,1,4.88,"f",2.06
3802,"3/07/2019","within an hour","t",4,"t","Warringah",-33.75402,151.29612,"Entire home/apt",4,1,1,"$152.00",2,1125,26,165,0,4.83,"f",2.48
6819,"5/07/2017","within a day","f",517,"t","Sydney",-33.8735,151.19839,"Entire home/apt",2,1,1,"$540.00",3,1125,27,0,0,NA,"f",NA
10721,"10/12/2023","within an hour","t",1,"t","Rockdale",-33.94130898,151.146838,"Entire home/apt",6,1,2,"$241.00",2,89,7,52,6,4.79,"t",3.13
8232,"3/01/2017","a few days or more","f",3,"t","Leichhardt",-33.85937634,151.1856828,"Private room",1,1,1,"$150.00",1,365,28,3,0,4.33,"f",0.11
12730,"19/04/2018","within an hour","f",59,"t","North Sydney",-33.83528869,151.2092497,"Entire home/apt",2,NA,1,"",90,365,0,3,0,4.67,"t",0.25
812,"19/11/2013","within an hour","t",3,"t","Waverley",-33.88898,151.27266,"Entire home/apt",16,5,6,"$939.00",1,365,11,176,1,4.79,"f",1.29
3334,"4/10/2017","within an hour","f",2,"t","North Sydney",-33.84389,151.20481,"Entire home/apt",2,1,0,"$193.00",3,90,22,296,2,4.84,"f",4
14705,"14/10/2019","within a few hours","f",2,"t","Mosman",-33.82441,151.24916,"Entire home/apt",8,2,4,"$1,119.00",3,365,0,3,0,4.33,"f",0.52
12467,"16/05/2023","within an hour","f",15,"t","Sydney",-33.86983209,151.1950439,"Entire home/apt",10,2,4,"$618.00",1,1125,18,24,0,4.42,"t",2.02
13018,"9/09/2017","within an hour","t",17,"t","Sydney",-33.8853495,151.2115541,"Entire home/apt",1,1,0,"$132.00",1,365,6,80,11,4.85,"t",7.55
16119,"8/09/2012","within a day","f",1,"f","Waverley",-33.89149,151.26688,"Entire home/apt",4,1,2,"$300.00",2,1125,0,0,0,NA,"f",NA
3549,"6/03/2014","within a day","t",2,"t","Ashfield",-33.8829542,151.1440291,"Private room",1,1.5,4,"$67.00",13,120,5,16,0,4.75,"f",0.51
11387,"29/02/2024","within a few hours","t",1,"t","Sutherland Shire",-34.0510799,151.1540199,"Entire home/apt",6,2,2,"$270.00",3,180,10,20,1,5,"f",1.35
11995,"29/03/2018","within an hour","t",10,"t","Auburn",-33.83957738,151.0387224,"Entire home/apt",6,2,2,"$179.00",2,365,20,45,0,4.84,"t",3.21
17990,"29/03/2024","within an hour","t",22,"t","Manly",-33.7906186,151.283661,"Private room",2,1,1,"$110.00",1,365,29,0,0,NA,"t",NA
16948,"5/08/2014","within an hour","f",1,"t","Sydney",-33.9021672,151.193978,"Entire home/apt",2,1,1,"$134.00",1,1125,0,2,2,5,"f",2
16094,"3/01/2017","within an hour","t",37,"t","Parramatta",-33.81893877,151.0030449,"Entire home/apt",4,2,2,"$156.00",1,365,12,17,7,5,"f",4.43
17867,"2/08/2013","N/A","f",1,"t","Woollahra",-33.87472482,151.2472589,"Entire home/apt",2,1,1,"$411.00",2,10,26,0,0,NA,"f",NA
7991,"23/10/2022","within an hour","f",3,"t","Bankstown",-33.91258383,151.0362773,"Entire home/apt",4,1,2,"$115.00",5,365,14,62,0,4.74,"f",2.33
15525,"16/01/2014","within a few hours","f",1,"t","Marrickville",-33.89869,151.16591,"Entire home/apt",4,1.5,3,"$517.00",1,180,21,13,3,5,"f",3.58
6608,"19/01/2022","within an hour","t",42,"t","Canada Bay",-33.85576,151.1465,"Entire home/apt",2,NA,NA,"",28,365,0,1,0,4,"f",0.05
4375,"17/02/2020","N/A","f",1,"f","Rockdale",-33.96221,151.15238,"Entire home/apt",4,1,2,"$200.00",90,1125,29,0,0,NA,"t",NA
17217,"29/04/2024","within a few hours","f",9,"t","Randwick",-33.94644937,151.2456456,"Private room",2,NA,NA,"",1,90,24,0,0,NA,"f",NA
8145,"14/09/2015","N/A","f",1,"t","Warringah",-33.70747386,151.2994486,"Entire home/apt",3,NA,2,"",90,365,29,1,0,5,"f",0.04
3906,"27/06/2013","N/A","f",1,"t","Sydney",-33.86756,151.19182,"Private room",2,1,1,"$155.00",90,1125,26,0,0,NA,"f",NA
10187,"6/08/2020","N/A","f",1,"t","Sutherland Shire",-34.08458523,151.1425467,"Entire home/apt",4,1,3,"$6,000.00",90,1125,29,10,0,4.8,"t",0.55
10543,"24/07/2012","within a few hours","t",126,"t","Sydney",-33.88969526,151.2130413,"Entire home/apt",8,NA,4,"",1,1125,13,0,0,NA,"f",NA
1416,"23/08/2012","within an hour","f",1,"t","North Sydney",-33.84538,151.2013,"Entire home/apt",4,1,2,"$271.00",3,1125,0,13,4,4.69,"t",3.45
2177,"10/07/2013","within an hour","f",244,"t","Woollahra",-33.88404,151.24479,"Entire home/apt",4,1,2,"$197.00",90,1125,28,28,0,4.71,"t",0.29
5869,"30/01/2022","within a few hours","t",2,"t","Woollahra",-33.87637,151.23936,"Entire home/apt",4,NA,2,"",4,180,0,47,0,4.91,"t",1.15
8278,"25/01/2012","N/A","f",1,"t","Sydney",-33.8872068,151.2246762,"Entire home/apt",2,NA,1,"",90,365,0,8,0,4.88,"f",0.38
407,"22/07/2014","N/A","f",1,"t","Manly",-33.78632,151.28321,"Entire home/apt",3,1,2,"$185.00",90,365,0,0,0,NA,"f",NA
3155,"5/05/2017","N/A","f",3,"t","Parramatta",-33.83912,150.99864,"Private room",1,1,1,"$114.00",90,1125,28,0,0,NA,"t",NA
7550,"27/11/2022","within an hour","f",4,"t","Liverpool",-33.91528,150.92871,"Entire home/apt",3,1,1,"$134.00",3,365,25,26,0,4.62,"f",0.93
8159,"19/04/2018","within an hour","f",59,"t","North Sydney",-33.82897,151.21633,"Entire home/apt",6,2.5,3,"$372.00",2,365,19,12,2,4.92,"t",0.45
6238,"11/12/2018","within an hour","f",3,"t","Lane Cove",-33.80505,151.15722,"Entire home/apt",3,1,1,"$148.00",1,1125,15,19,1,4.37,"t",0.51
3497,"26/06/2015","within an hour","t",1,"t","Ashfield",-33.89593,151.13508,"Private room",2,1,1,"$60.00",2,14,2,284,9,4.93,"t",3.91
16959,"5/01/2023","within an hour","f",50,"t","Blacktown",-33.74,150.89822,"Private room",1,1,1,"$47.00",1,89,19,3,1,4,"f",1.8
4451,"15/12/2019","N/A","f",2,"t","Parramatta",-33.82347,151.00523,"Private room",2,2,1,"$70.00",90,1125,28,0,0,NA,"f",NA
1597,"27/11/2023","N/A","f",1,"t","Sydney",-33.87538284,151.2221231,"Private room",2,1.5,1,"$71.00",5,730,10,61,0,4.61,"t",0.6
15274,"16/10/2021","within an hour","f",40,"t","Fairfield",-33.87749349,150.9576832,"Entire home/apt",16,NA,8,"",2,365,14,3,0,3.67,"f",0.51
2803,"29/07/2018","within an hour","f",2,"t","Ryde",-33.81762,151.10405,"Entire home/apt",4,1,1,"$174.00",2,1125,11,101,0,4.7,"t",1.23
7664,"19/09/2017","N/A","t",1,"t","Sydney",-33.90001,151.21016,"Private room",2,NA,2,"",90,365,0,14,0,4.93,"t",0.47
6645,"21/08/2013","within an hour","t",1,"t","Sydney",-33.87202,151.19673,"Entire home/apt",11,2,4,"$854.00",1,30,7,99,0,4.88,"f",2.91
18016,"17/11/2023","within a few hours","f",40,"t","Sydney",-33.91592,151.20816,"Private room",2,1,1,"$71.00",5,365,12,0,0,NA,"f",NA
11607,"13/03/2018","N/A","f",1,"t","Blacktown",-33.74179,150.91874,"Entire home/apt",8,NA,4,"",2,1125,25,19,0,5,"f",1.28
8441,"11/10/2019","within an hour","f",138,"t","Ryde",-33.77952771,151.1121661,"Entire home/apt",4,1,2,"$178.00",2,365,1,10,1,4.9,"f",0.46
4487,"10/12/2019","N/A","f",3,"t","Woollahra",-33.88432,151.24124,"Entire home/apt",5,1.5,3,"$278.00",90,1125,29,20,0,4.75,"f",0.34
17019,"14/05/2022","within an hour","f",2,"t","Ryde",-33.80546514,151.0883895,"Entire home/apt",4,1,1,"$88.00",1,1,13,15,6,4.4,"t",6.92
2015,"24/07/2012","within a few hours","t",126,"t","Pittwater",-33.60695675,151.3304643,"Entire home/apt",4,2,2,"$776.00",1,1125,27,46,0,4.96,"f",0.52
11885,"16/10/2021","within an hour","f",40,"t","Fairfield",-33.88455,150.92666,"Entire home/apt",12,NA,5,"",2,365,26,11,1,4.18,"f",0.93
15069,"11/10/2019","within an hour","f",138,"t","Randwick",-33.9245,151.22771,"Entire home/apt",3,1,1,"$189.00",2,365,13,4,1,5,"f",1.03
2161,"9/01/2018","within an hour","t",1,"f","Rockdale",-33.95411,151.13654,"Entire home/apt",2,1,1,"$111.00",2,180,4,41,2,4.66,"f",0.47
17708,"12/05/2025","within an hour","f",2,"t","Sydney",-33.8662359,151.1929374,"Entire home/apt",6,3,3,"$359.00",2,90,15,0,0,NA,"t",NA
16684,"13/01/2025","N/A","f",57,"t","Sydney",-33.8777155,151.2248727,"Entire home/apt",5,2,2,"$143.00",1,365,15,2,1,4.5,"f",0.92
8381,"19/02/2020","within an hour","f",22,"t","Auburn",-33.82317276,151.0791993,"Entire home/apt",4,2,2,"$286.00",90,1125,29,0,0,NA,"f",NA
5586,"5/10/2015","within an hour","t",1,"t","Hornsby",-33.58622,151.11575,"Entire home/apt",9,4,5,"$932.00",2,30,22,79,1,5,"f",1.8
8316,"24/07/2019","N/A","f",912,"t","North Sydney",-33.8289282,151.2258661,"Entire home/apt",2,1,1,"$167.00",3,365,29,17,0,4.12,"t",0.74
9050,"16/07/2023","N/A","f",1,"t","Burwood",-33.86893,151.10372,"Private room",1,4,2,"$113.00",1,365,28,1,0,4,"f",0.05
11859,"6/04/2017","within an hour","t",11,"t","Bankstown",-33.95224752,151.0323005,"Entire home/apt",2,1,1,"$103.00",2,90,14,17,2,4.53,"t",1.31
1532,"31/12/2013","within a few hours","t",1,"t","Waverley",-33.87314,151.27444,"Entire home/apt",2,1,1,"$230.00",2,1125,1,32,0,4.97,"f",1.14
10558,"5/09/2023","a few days or more","f",3,"t","Manly",-33.7887085,151.2845045,"Private room",4,NA,1,"",1,365,28,0,0,NA,"f",NA
2696,"24/07/2019","N/A","f",912,"t","North Sydney",-33.82897,151.22589,"Entire home/apt",4,2,2,"$216.00",3,365,1,98,0,4.44,"t",1.2
14931,"17/11/2023","within a few hours","f",40,"t","Sydney",-33.8803671,151.2049629,"Entire home/apt",4,NA,2,"",8,365,0,1,0,5,"f",0.23
16260,"19/04/2018","within an hour","f",59,"t","Ryde",-33.81968854,151.096549,"Entire home/apt",6,NA,3,"",2,365,16,1,1,3,"f",1
3721,"30/12/2018","N/A","t",1,"t","Leichhardt",-33.867821,151.174347,"Entire home/apt",2,NA,NA,"",2,1125,0,220,0,4.89,"f",3.12
223,"13/04/2014","within a day","f",4,"t","Warringah",-33.76866,151.27844,"Entire home/apt",2,1,1,"$198.00",3,1125,0,9,0,4.78,"f",0.08
11866,"17/12/2022","a few days or more","f",1,"t","Sydney",-33.91255438,151.2079652,"Entire home/apt",6,NA,3,"",90,365,28,0,0,NA,"f",NA
7176,"25/12/2019","within an hour","t",1,"t","Ryde",-33.7889773,151.1252781,"Entire home/apt",2,1,1,"$169.00",2,1125,25,166,0,4.83,"f",5.42
6292,"26/07/2012","within an hour","t",1,"t","Manly",-33.80301987,151.2892899,"Entire home/apt",2,1,1,"$203.00",2,365,12,40,1,4.78,"f",1.08
12347,"9/03/2013","within an hour","",5,"t","Sydney",-33.88236,151.21185,"Private room",2,1,1,"$62.00",1,10,6,10,7,4.8,"t",5.77
10173,"8/10/2020","within an hour","f",29,"t","Sydney",-33.8610827,151.2040105,"Entire home/apt",5,1,3,"$306.00",2,1125,10,46,2,4.59,"f",2.45
6952,"1/09/2014","N/A","f",1,"t","Pittwater",-33.6288,151.33103,"Entire home/apt",4,1,3,"$855.00",90,1125,22,1,0,5,"f",0.03
5968,"15/05/2016","N/A","f",1,"f","The Hills Shire",-33.6991,150.95788,"Entire home/apt",6,2,3,"$152.00",90,90,28,0,0,NA,"f",NA
9679,"22/08/2012","within an hour","t",1,"t","Waverley",-33.89077,151.24603,"Private room",2,1,1,"$156.00",1,11,29,24,0,4.96,"t",1.2
92,"3/11/2013","N/A","f",1,"f","Hurstville",-33.96238,151.06918,"Private room",2,1,1,"$60.00",90,1125,29,4,0,4.75,"f",0.03
10075,"11/04/2012","N/A","f",1,"t","Manly",-33.78892,151.27845,"Entire home/apt",2,1,1,"$184.00",15,40,3,10,0,5,"f",0.53
14943,"25/08/2019","within an hour","f",169,"t","Randwick",-33.9229508,151.2275339,"Private room",1,1.5,1,"$78.00",1,89,12,15,0,4.53,"f",2.51
7368,"24/04/2019","within an hour","f",1,"t","Penrith",-33.72352,150.64493,"Private room",2,0.5,1,"$76.00",1,1125,24,79,2,4.72,"t",2.56
14080,"3/11/2024","within an hour","t",2,"t","Sydney",-33.87360096,151.2216447,"Entire home/apt",2,1,0,"$157.00",3,365,5,23,2,5,"f",3.33
16664,"2/11/2015","within an hour","",5,"t","Sydney",-33.87964817,151.2151019,"Entire home/apt",3,1,2,"$237.00",2,365,20,8,3,4.75,"t",3.64
18065,"29/10/2024","within an hour","f",16,"t","Botany Bay",-33.9334597,151.1941252,"Entire home/apt",4,1,1,"$115.00",6,365,25,0,0,NA,"f",NA
16467,"13/01/2025","N/A","f",57,"t","Ryde",-33.80140268,151.0717506,"Entire home/apt",8,3.5,4,"$285.00",1,365,0,2,0,5,"f",0.97
11830,"28/03/2024","N/A","f",1,"t","Bankstown",-33.91561384,151.0317956,"Entire home/apt",5,NA,2,"",90,365,0,1,0,5,"f",0.09
15677,"14/03/2024","within an hour","f",7,"t","Leichhardt",-33.88075,151.15365,"Entire home/apt",8,3,4,"$206.00",2,10,8,15,3,4.8,"f",3.15
3051,"7/10/2015","N/A","f",2,"t","Ryde",-33.79204,151.09164,"Private room",2,1,3,"$59.00",90,1125,26,0,0,NA,"f",NA
16844,"26/11/2020","within an hour","",11,"t","North Sydney",-33.84903107,151.2158035,"Entire home/apt",2,1,0,"$155.00",2,365,16,5,2,5,"f",2.46
4903,"11/12/2016","within an hour","t",2,"t","Waverley",-33.88774,151.28295,"Entire home/apt",8,1,3,"$155.00",3,1125,0,75,0,4.72,"f",1.46
14869,"8/09/2017","within an hour","f",11,"t","Sydney",-33.90512,151.20671,"Entire home/apt",5,2,3,"$169.00",2,365,5,16,4,4.56,"f",2.38
13864,"20/06/2022","within a few hours","f",32,"t","Randwick",-33.92438232,151.2279431,"Entire home/apt",2,1,1,"$180.00",7,60,0,6,0,4.33,"f",0.71
17307,"2/05/2022","within an hour","f",6,"f","Sydney",-33.86185673,151.2028519,"Entire home/apt",6,2,2,"$398.00",90,365,3,0,0,NA,"t",NA
8534,"10/06/2015","N/A","f",4,"t","Liverpool",-33.9156,150.92764,"Private room",1,NA,NA,"",90,365,27,0,0,NA,"f",NA
9015,"19/12/2014","within an hour","t",47,"t","Sydney",-33.89991,151.22411,"Entire home/apt",10,6,5,"$8,125.00",7,21,29,0,0,NA,"f",NA
10933,"14/04/2023","within an hour","f",81,"t","Sydney",-33.87734,151.20277,"Entire home/apt",4,1,2,"$245.00",1,365,24,45,2,4.71,"f",2.78
12783,"27/07/2015","within a few hours","f",1,"t","Manly",-33.79542978,151.2789061,"Entire home/apt",7,2,3,"$540.00",6,40,20,4,0,5,"f",0.67
15128,"3/12/2024","N/A","t",1,"t","Canada Bay",-33.8247,151.08612,"Entire home/apt",5,NA,2,"",2,90,0,10,0,4.8,"f",1.74
11297,"28/01/2024","N/A","f",1,"t","Pittwater",-33.6415878,151.3168796,"Private room",2,1,1,"$290.00",1,7,28,0,0,NA,"f",NA
14615,"23/03/2019","within an hour","t",17,"t","Sydney",-33.88095,151.21053,"Entire home/apt",4,1,1,"$226.00",1,14,6,44,7,4.84,"f",6.35
16384,"30/01/2025","within an hour","f",3,"t","Marrickville",-33.8962391,151.178442,"Entire home/apt",4,1,2,"$561.00",2,1125,23,0,0,NA,"t",NA
9293,"26/08/2016","within an hour","f",78,"t","Waverley",-33.89099896,151.2479943,"Private room",3,1,0,"$155.00",1,90,25,48,0,4.65,"t",2.07
546,"21/09/2013","within an hour","t",3,"t","Waverley",-33.88839,151.27536,"Entire home/apt",9,1.5,3,"$584.00",2,180,25,6,0,4.67,"f",0.05
11303,"21/10/2022","within an hour","f",60,"t","Blacktown",-33.7819812,150.9433021,"Entire home/apt",5,1,2,"$164.00",2,365,25,13,0,4.23,"f",0.82
10986,"16/08/2022","within an hour","f",7,"t","Canada Bay",-33.82988191,151.0865669,"Entire home/apt",7,2,3,"$273.00",2,365,5,42,3,4.71,"f",2.36
8074,"14/07/2015","within an hour","f",32,"t","Randwick",-33.91217,151.24772,"Entire home/apt",6,1,2,"$179.00",2,365,0,35,0,4.66,"f",1.22
9837,"14/07/2015","within an hour","f",32,"t","Sydney",-33.87841762,151.18965,"Entire home/apt",6,1,3,"$319.00",1,365,16,45,0,4.69,"t",2.36
10241,"10/11/2023","within a few hours","f",1,"t","Sutherland Shire",-34.06044375,151.1545464,"Entire home/apt",4,1,2,"$350.00",5,30,26,5,0,5,"f",0.28
9731,"13/11/2014","within a day","t",82,"t","Pittwater",-33.60344029,151.3241223,"Entire home/apt",10,4,5,"$1,632.00",1,1125,24,0,0,NA,"f",NA
15361,"23/07/2023","within an hour","f",10,"t","Sydney",-33.8889709,151.1830638,"Entire home/apt",6,2,2,"$225.00",2,45,4,7,1,4.86,"t",2.04
5408,"23/09/2021","within an hour","f",1,"t","Manly",-33.80426,151.28928,"Entire home/apt",6,1,3,"$629.00",2,365,0,38,0,4.97,"t",0.9
17742,"24/05/2015","within a few hours","f",1,"t","Waverley",-33.88781919,151.271335,"Entire home/apt",2,1,1,"$147.00",2,35,9,2,2,5,"f",2
13458,"18/09/2019","within an hour","f",11,"t","North Sydney",-33.8213155,151.2062046,"Entire home/apt",6,NA,3,"",30,1125,0,3,0,4.33,"f",0.37
5110,"1/02/2021","within an hour","f",11,"t","Manly",-33.78902,151.2866,"Entire home/apt",6,1,0,"$300.00",1,1125,0,63,0,4.22,"t",1.19
6694,"25/04/2020","N/A","f",1,"t","Sydney",-33.90722,151.20302,"Entire home/apt",4,1,2,"$1,562.00",1,365,0,1,0,5,"t",0.03
16710,"9/10/2020","within an hour","t",5,"t","Pittwater",-33.60789,151.32232,"Entire home/apt",3,1,1,"$203.00",1,28,27,9,2,5,"t",3.38
7848,"23/09/2020","within a few hours","t",1,"t","Waverley",-33.88933159,151.2798356,"Entire home/apt",2,1,1,"$219.00",2,1125,29,13,0,4.85,"f",0.73
2014,"19/05/2015","within a few hours","f",3,"t","Hurstville",-33.9661,151.10718,"Entire home/apt",2,1,1,"$159.00",3,1125,27,17,0,3.94,"f",0.2
12953,"18/07/2024","a few days or more","f",1,"t","Sydney",-33.88079,151.20873,"Entire home/apt",3,2,2,"$237.00",6,365,22,0,0,NA,"f",NA
3226,"14/01/2016","within an hour","t",2,"t","Randwick",-33.92616,151.25349,"Entire home/apt",4,1,2,"$299.00",3,1125,29,119,0,4.87,"f",1.6
7531,"18/10/2021","within an hour","t",3,"t","Pittwater",-33.63038,151.32044,"Entire home/apt",8,2,4,"$856.00",90,365,29,2,0,5,"f",0.07
18137,"23/05/2025","within an hour","f",22,"t","Sydney",-33.90165,151.21092,"Entire home/apt",2,1,1,"$181.00",7,365,24,0,0,NA,"f",NA
15548,"25/08/2019","within an hour","f",169,"t","Camden",-34.0330212,150.7760836,"Private room",1,2,1,"$41.00",1,89,8,5,1,4.6,"f",1.23
8275,"14/09/2014","within an hour","t",1,"t","Sydney",-33.87157664,151.2247847,"Entire home/apt",2,1,1,"$123.00",2,730,0,95,7,4.88,"f",3.84
18002,"21/04/2025","within an hour","f",4,"t","Auburn",-33.8648238,151.0332929,"Private room",2,1,0,"$179.00",1,365,29,0,0,NA,"f",NA
7325,"8/04/2020","within an hour","f",180,"t","Sydney",-33.8690146,151.2043704,"Entire home/apt",6,1,1,"$312.00",2,365,12,16,0,3.56,"f",0.58
12677,"29/01/2013","within a day","f",1,"f","Randwick",-33.9603866,151.2431002,"Entire home/apt",8,2.5,4,"$605.00",1,31,0,0,0,NA,"f",NA
9017,"14/08/2020","within an hour","f",1,"t","Sydney",-33.87656095,151.2037954,"Entire home/apt",2,1,1,"$181.00",1,35,9,61,3,4.79,"t",3.24
15206,"1/12/2024","N/A","f",5,"t","Hurstville",-33.96585413,151.1083947,"Private room",2,NA,NA,"",7,365,0,5,0,4.8,"f",0.87
7886,"13/07/2018","within an hour","f",31,"t","Canada Bay",-33.83601962,151.088036,"Private room",1,1,1,"$83.00",1,365,29,18,0,4.56,"f",0.67
6461,"21/08/2016","within an hour","f",1,"t","Warringah",-33.78132875,151.2853362,"Entire home/apt",8,3.5,4,"$900.00",4,20,12,1,0,5,"f",0.18
1557,"31/05/2016","within an hour","t",1,"t","The Hills Shire",-33.71025467,151.01091,"Entire home/apt",11,1,3,"$108.00",1,1125,8,516,3,4.76,"f",5.07
4012,"29/09/2019","N/A","f",1,"t","Waverley",-33.88913,151.26954,"Entire home/apt",6,2,3,"$855.00",4,1125,0,34,0,4.94,"f",0.49
5468,"30/04/2016","N/A","f",1,"t","Waverley",-33.8767,151.27291,"Entire home/apt",2,NA,1,"",90,365,29,0,0,NA,"t",NA
16553,"12/11/2020","within an hour","f",5,"t","Leichhardt",-33.87542576,151.1630763,"Entire home/apt",3,1,1,"$159.00",1,1125,7,7,3,4.14,"t",2.39
15214,"1/07/2015","within an hour","t",40,"t","Burwood",-33.8705724,151.1047181,"Entire home/apt",3,2,1,"$266.00",36,365,16,1,0,5,"f",0.26
1268,"13/05/2015","within an hour","f",14,"t","Sydney",-33.87728,151.21335,"Entire home/apt",4,1,0,"$223.00",2,30,16,21,0,4.24,"t",0.21
52,"4/08/2014","N/A","f",1,"t","Sutherland Shire",-34.05432,151.13317,"Entire home/apt",2,NA,1,"",90,1125,29,427,0,4.83,"f",3.32
14273,"12/01/2020","within a few hours","f",1,"t","Waverley",-33.90232,151.25895,"Entire home/apt",4,1,1,"$300.00",10,14,29,0,0,NA,"f",NA
859,"13/12/2015","within a few hours","",7,"t","Sydney",-33.87547,151.20565,"Entire home/apt",2,1,1,"$170.00",1,1125,2,610,4,4.75,"f",5.3
6822,"9/09/2014","within an hour","f",28,"t","Sydney",-33.87637,151.22291,"Entire home/apt",2,NA,1,"",1,1125,0,33,1,4.48,"f",0.99
8841,"8/09/2015","within a few hours","f",1,"t","Woollahra",-33.87799,151.24568,"Entire home/apt",2,1,1,"$125.00",5,31,10,31,2,4.45,"f",1.39
8286,"6/04/2017","within an hour","t",11,"t","Sydney",-33.90608043,151.2086189,"Entire home/apt",6,2,2,"$160.00",2,1125,12,72,5,4.81,"f",2.79
4127,"12/05/2014","N/A","f",1,"t","Canterbury",-33.89981,151.10492,"Private room",2,0.5,1,"$120.00",90,1125,29,0,0,NA,"t",NA
2815,"8/03/2018","within an hour","t",2,"t","Ku-Ring-Gai",-33.7781,151.19783,"Entire home/apt",2,1,1,"$127.00",3,365,2,219,1,4.92,"f",2.57
15605,"6/01/2015","within an hour","f",27,"t","Sydney",-33.88552,151.19846,"Entire home/apt",2,NA,1,"",4,8,0,15,0,4.6,"f",2.98
9909,"7/04/2023","within an hour","f",67,"t","Holroyd",-33.84594,150.98372,"Private room",2,NA,NA,"",1,365,0,5,0,4,"t",0.26
13143,"18/02/2022","a few days or more","f",1,"t","Auburn",-33.84534,151.05267,"Entire home/apt",7,2,3,"$207.00",1,365,26,2,0,2,"f",0.19
4550,"27/03/2016","a few days or more","f",1,"t","Randwick",-33.91944,151.24592,"Private room",2,1,1,"$71.00",90,90,29,0,0,NA,"t",NA
16371,"16/08/2015","within an hour","t",3,"t","Sydney",-33.87385998,151.2256071,"Entire home/apt",4,1,1,"$151.00",2,180,2,0,0,NA,"f",NA
1963,"18/09/2017","within an hour","t",3,"t","Bankstown",-33.918,151.0357,"Private room",2,1,1,"$81.00",2,1125,28,68,1,4.59,"f",0.73
151,"13/05/2012","within a few hours","f",1,"t","Waverley",-33.89375,151.26337,"Entire home/apt",2,1,1,"$165.00",10,45,27,93,0,4.74,"f",0.59
12911,"15/08/2011","within an hour","t",2,"t","Sydney",-33.8746501,151.2254404,"Entire home/apt",2,1,1,"$119.00",2,35,10,31,1,4.77,"f",2.92
12918,"3/01/2017","within an hour","t",37,"t","Sydney",-33.8801,151.2071,"Entire home/apt",4,1,1,"$151.00",1,365,15,18,3,4.83,"t",2.05
11602,"8/12/2015","within an hour","t",15,"t","Sydney",-33.87635,151.20894,"Entire home/apt",6,NA,2,"",90,365,0,9,0,4.44,"t",0.73
12295,"28/02/2024","within an hour","f",10,"t","Blacktown",-33.68602166,150.8858168,"Entire home/apt",12,2.5,6,"$238.00",2,365,9,41,4,4.63,"t",3.17
3192,"30/07/2012","within a few hours","f",1,"t","Waverley",-33.90547,151.25785,"Entire home/apt",5,1,2,"$213.00",4,1125,0,10,0,4.7,"f",0.13
12462,"9/11/2016","within an hour","f",6,"t","Auburn",-33.849106,151.0743945,"Entire home/apt",5,2,2,"$247.00",2,365,16,12,4,4.92,"f",1.24
12750,"23/01/2018","within an hour","t",1,"t","Campbelltown",-34.0122322,150.8611984,"Entire home/apt",2,1,1,"$125.00",1,1125,18,55,8,4.87,"f",4.66
4054,"30/05/2015","N/A","f",1,"t","Waverley",-33.88537,151.27935,"Entire home/apt",4,NA,2,"",3,60,0,8,0,5,"f",0.19
6733,"19/10/2015","within an hour","t",11,"t","Warringah",-33.72321,151.29764,"Entire home/apt",6,1,2,"$320.00",3,1080,28,18,0,4.94,"t",0.55
7221,"9/04/2018","within a few hours","t",2,"t","Pittwater",-33.66186,151.31838,"Entire home/apt",8,3,5,"$550.00",10,190,29,0,0,NA,"f",NA
5016,"12/09/2018","within an hour","f",14,"t","Manly",-33.78996,151.28609,"Entire home/apt",5,1,2,"$422.00",2,1125,21,47,0,4.28,"t",0.87
15291,"9/09/2023","within an hour","t",14,"t","Warringah",-33.7239362,151.2991643,"Entire home/apt",6,2,3,"$679.00",14,365,0,4,0,5,"f",0.85
9413,"24/08/2023","within an hour","t",1,"t","Blacktown",-33.70504,150.9243,"Entire home/apt",2,1,1,"$150.00",2,8,12,21,1,5,"f",1.01
1849,"24/11/2015","N/A","f",1,"t","Warringah",-33.76134,151.28566,"Private room",3,1,1,"$142.00",90,1125,28,28,0,4.82,"f",0.31
11784,"25/08/2019","within an hour","f",169,"t","Sydney",-33.8839964,151.2083809,"Private room",1,2,1,"$82.00",2,365,12,30,2,4.17,"f",2.13
5075,"8/07/2015","N/A","f",1,"t","Manly",-33.79827,151.28439,"Entire home/apt",2,1,1,"$250.00",90,1125,27,0,0,NA,"f",NA
11468,"4/03/2024","N/A","f",1,"t","The Hills Shire",-33.7218124,150.9445475,"Entire home/apt",6,NA,2,"",90,365,0,23,0,4.7,"f",1.48
2094,"2/06/2014","within an hour","t",1,"t","Marrickville",-33.90646,151.17833,"Private room",2,1,1,"$133.00",2,60,26,76,1,4.96,"f",1.13
1936,"19/02/2016","within an hour","t",3,"t","Leichhardt",-33.85719,151.18551,"Private room",4,1,2,"$310.00",2,8,12,38,0,4.92,"f",0.39
17503,"14/04/2023","within an hour","f",81,"t","Sydney",-33.88704,151.17731,"Entire home/apt",4,2,2,"$234.00",1,1125,27,1,1,5,"t",1
11156,"6/04/2017","within an hour","t",11,"t","Bankstown",-33.95263,151.03207,"Entire home/apt",2,1,1,"$84.00",2,90,20,7,0,4.57,"f",0.48
7439,"8/12/2015","within a few hours","f",1,"t","Woollahra",-33.87613913,151.245621,"Private room",2,NA,NA,"",3,365,1,23,0,4.57,"t",0.75
7775,"29/04/2014","N/A","f",1,"t","Canterbury",-33.94228,151.05431,"Shared room",1,1,1,"$73.00",1,365,22,17,0,4.65,"f",0.58
17625,"16/11/2018","within an hour","f",2,"t","Sydney",-33.87895202,151.2127611,"Entire home/apt",4,1,1,"$348.00",1,365,7,1,1,5,"t",1
4178,"7/11/2019","within an hour","f",25,"t","Fairfield",-33.89673,150.93586,"Entire home/apt",6,1,2,"$119.00",2,90,19,56,0,4.45,"f",0.84
13318,"31/12/2017","within an hour","f",20,"t","Marrickville",-33.90743,151.17477,"Entire home/apt",10,2.5,3,"$573.00",3,365,8,18,2,4.83,"f",2.19
11361,"10/03/2016","N/A","f",1,"t","Warringah",-33.7779,151.28959,"Entire home/apt",2,NA,1,"",90,112,0,3,0,5,"f",0.22
15037,"24/07/2019","N/A","f",912,"t","Sydney",-33.8738098,151.2268426,"Entire home/apt",2,1,0,"$167.00",3,365,7,7,0,4.57,"t",1.2
15382,"26/08/2024","within an hour","f",5,"t","Burwood",-33.87701,151.10202,"Entire home/apt",4,1,1,"$132.00",2,365,14,9,5,4.56,"t",1.9
4978,"17/05/2014","within an hour","t",1,"t","Waverley",-33.88288,151.27529,"Entire home/apt",2,1,2,"$208.00",2,180,0,110,0,4.95,"f",2.06
6306,"16/07/2023","N/A","f",100,"t","Sydney",-33.88346,151.17657,"Entire home/apt",4,2,2,"$237.00",1,1125,11,54,1,4.39,"t",1.36
13692,"7/05/2024","N/A","f",1,"t","Sydney",-33.89745,151.21242,"Private room",2,1,1,"$80.00",90,180,29,0,0,NA,"t",NA
8503,"6/06/2013","a few days or more","f",1,"t","Waverley",-33.89557599,151.2621983,"Entire home/apt",8,NA,5,"",90,365,0,1,0,5,"f",0.18
6635,"7/06/2015","within an hour","t",2,"t","Sutherland Shire",-34.04566,151.10539,"Private room",1,NA,NA,"",1,365,0,1,0,5,"f",0.03
13586,"12/07/2015","within a few hours","t",1,"t","City Of Kogarah",-33.96994,151.0821,"Entire home/apt",8,2,3,"$370.00",7,365,0,8,0,5,"f",1.03
18017,"29/01/2016","N/A","f",15,"t","Botany Bay",-33.92972,151.18846,"Entire home/apt",3,1,2,"$140.00",5,365,20,0,0,NA,"f",NA
11163,"3/12/2023","within an hour","f",6,"t","The Hills Shire",-33.7624986,150.9909969,"Entire home/apt",5,2,2,"$108.00",1,365,16,40,1,4.45,"f",2.43
814,"6/11/2013","within an hour","f",1,"t","Ryde",-33.83911,151.12537,"Entire home/apt",3,2,2,"$215.00",1,1125,25,371,3,4.81,"f",2.66
7713,"7/06/2011","within an hour","t",2,"t","Pittwater",-33.63449,151.31683,"Entire home/apt",2,1,1,"$225.00",2,60,23,63,1,5,"f",2.22
4619,"26/03/2020","within an hour","t",5,"t","Mosman",-33.82493,151.24497,"Entire home/apt",4,1,2,"$148.00",2,1125,15,189,3,4.68,"t",3.01
8823,"13/01/2025","N/A","f",57,"t","Ryde",-33.8191744,151.0982479,"Entire home/apt",3,1,1,"$95.00",12,365,0,18,1,4.5,"f",0.86
5244,"18/06/2016","within a few hours","t",2,"t","Waverley",-33.89406,151.26905,"Entire home/apt",4,1,2,"$148.00",4,90,0,22,0,4.73,"t",0.53
559,"28/05/2015","within a day","f",19,"t","Marrickville",-33.89662,151.16766,"Entire home/apt",4,1,1,"$175.00",2,21,24,65,0,4.66,"f",0.53
5688,"20/05/2014","N/A","f",1,"t","Sydney",-33.90375,151.18411,"Entire home/apt",5,2,3,"$160.00",30,250,0,19,0,4.68,"f",0.45
10285,"10/11/2013","within an hour","t",8,"t","Woollahra",-33.88068,151.22656,"Entire home/apt",2,1,1,"$191.00",2,90,30,36,1,4.81,"f",2.43
7931,"16/12/2022","within an hour","f",4,"t","Lane Cove",-33.80527,151.15715,"Entire home/apt",3,1,1,"$191.00",1,365,15,8,0,4.13,"t",0.44
283,"18/02/2014","within an hour","t",2,"t","Waverley",-33.89777,151.26923,"Entire home/apt",4,2,2,"$700.00",2,120,5,29,0,4.66,"f",0.28
4029,"4/02/2015","within a few hours","f",1,"t","Pittwater",-33.70552,151.28443,"Entire home/apt",2,NA,1,"",2,1125,0,43,0,5,"f",0.63
18080,"8/11/2020","within an hour","f",12,"t","Leichhardt",-33.86251104,151.17447,"Entire home/apt",2,1,1,"$89.00",2,180,12,0,0,NA,"t",NA
15302,"5/01/2015","within an hour","t",2,"t","Auburn",-33.84962,151.06016,"Entire home/apt",4,2,2,"$154.00",1,730,7,23,4,5,"f",4.45
17018,"27/12/2018","within an hour","t",5,"t","Auburn",-33.8490737,151.0741775,"Entire home/apt",6,2,3,"$195.00",1,30,8,25,7,4.84,"f",9.26
3973,"4/11/2018","within a few hours","t",3,"t","Bankstown",-33.94963,151.02014,"Private room",2,2,1,"$67.00",2,365,0,26,0,4.65,"f",0.95
10579,"23/05/2012","within a few hours","t",117,"t","Waverley",-33.8890902,151.2831834,"Entire home/apt",2,1,0,"$173.00",5,365,29,1,0,5,"f",0.06
16803,"11/10/2013","within an hour","f",4,"t","Canada Bay",-33.87252619,151.1310943,"Entire home/apt",6,2,3,"$400.00",9,365,0,0,0,NA,"f",NA
8567,"30/04/2023","within an hour","",7,"t","Auburn",-33.82785,151.07703,"Entire home/apt",4,2,2,"$165.00",3,28,10,87,0,4.86,"f",3.43
15978,"20/09/2022","within an hour","f",39,"t","Rockdale",-33.93180944,151.1528186,"Entire home/apt",7,2,2,"$204.00",3,365,18,3,1,4,"t",0.7
10327,"27/08/2012","within an hour","t",4,"t","Sydney",-33.8681656,151.2265006,"Entire home/apt",2,1,1,"$303.00",5,180,8,32,0,4.84,"f",1.82
8586,"15/08/2013","N/A","f",1,"t","Manly",-33.78231577,151.2397512,"Entire home/apt",6,NA,4,"",3,1125,0,9,0,4.44,"f",0.4
8073,"20/06/2012","N/A","f",1,"t","Woollahra",-33.88696,151.25872,"Entire home/apt",4,NA,2,"",90,1125,0,7,0,5,"f",0.27
16173,"16/10/2017","within an hour","t",379,"t","The Hills Shire",-33.5032064,151.0223407,"Entire home/apt",2,1,1,"$123.00",1,365,27,6,1,4.5,"t",1.45
13455,"19/05/2015","within an hour","f",1,"t","Warringah",-33.7487871,151.2686747,"Entire home/apt",6,1,3,"$456.00",5,45,0,2,0,4.5,"f",0.37
13059,"10/07/2013","within an hour","f",244,"t","Sydney",-33.88945342,151.1976455,"Entire home/apt",4,1,2,"$231.00",1,1125,0,1,0,5,"t",0.1
8283,"11/11/2013","within an hour","t",10,"t","Sydney",-33.89340818,151.1870322,"Entire home/apt",4,1,2,"$233.00",1,365,7,135,2,4.9,"f",5.06
4653,"16/07/2023","N/A","f",100,"t","Sydney",-33.86985,151.19882,"Entire home/apt",4,2,2,"$491.00",1,1125,4,94,0,4.54,"t",1.62
5271,"17/06/2017","within a few hours","f",5,"t","Sydney",-33.895,151.20438,"Private room",2,1.5,1,"$88.00",2,60,0,158,2,4.73,"t",3.2
7909,"16/10/2021","within an hour","f",40,"t","Fairfield",-33.8654966,150.9558939,"Private room",2,1,1,"$44.00",1,90,28,52,4,4.42,"t",1.9
4734,"25/08/2015","within an hour","f",15,"t","Leichhardt",-33.88703,151.15829,"Entire home/apt",1,1,1,"$125.00",1,365,29,45,0,4.49,"f",0.78
18045,"17/11/2023","within a few hours","f",40,"t","Sydney",-33.8847716,151.1786657,"Entire home/apt",2,1,1,"$121.00",5,365,18,0,0,NA,"f",NA
15292,"5/12/2024","within an hour","f",22,"t","Botany Bay",-33.93325,151.19485,"Entire home/apt",2,1,1,"$121.00",7,365,12,0,0,NA,"f",NA
2857,"28/09/2017","N/A","f",3,"t","Willoughby",-33.80001,151.17638,"Private room",1,1,2,"$57.00",183,365,22,0,0,NA,"f",NA
202,"21/09/2012","within a few hours","t",5,"t","Warringah",-33.75398,151.26013,"Private room",2,1,1,"$69.00",3,14,24,25,0,4.48,"f",0.17
13001,"16/10/2021","within an hour","f",40,"t","Fairfield",-33.88151,150.9186,"Entire home/apt",12,3,5,"$235.00",2,365,16,27,1,4.37,"t",2.55
10935,"14/05/2011","within an hour","t",1,"t","Randwick",-33.94348,151.25005,"Entire home/apt",2,1,0,"$147.00",1,28,18,57,2,4.84,"f",3.2
14550,"22/12/2016","within an hour","f",120,"t","Sydney",-33.8901762,151.2128413,"Entire home/apt",2,1,0,"$203.00",4,365,14,9,2,4.78,"f",1.43
10063,"22/01/2016","within an hour","f",1,"t","Randwick",-33.94502,151.26137,"Entire home/apt",4,1,1,"$185.00",2,28,7,10,0,4.9,"f",2.01
7874,"22/12/2016","within an hour","f",120,"t","North Sydney",-33.8361614,151.2049396,"Entire home/apt",6,2,3,"$387.00",4,365,20,15,0,4.53,"f",1
10278,"18/04/2017","within an hour","f",3,"t","Blacktown",-33.68786189,150.8877745,"Private room",2,1,1,"$71.00",1,365,25,12,1,4.58,"f",0.74
15863,"21/01/2019","within an hour","t",13,"t","Sydney",-33.9072356,151.201622,"Private room",6,NA,2,"",1,90,25,0,0,NA,"t",NA
6513,"14/10/2019","within an hour","f",2,"t","Sydney",-33.90483,151.20863,"Entire home/apt",6,2,2,"$195.00",1,180,13,151,1,4.6,"f",4.25
1470,"11/01/2017","within an hour","f",1,"t","Auburn",-33.84576129,151.0578827,"Private room",2,1,1,"$163.00",1,365,22,19,2,5,"f",1.2
11296,"23/02/2017","within an hour","",8,"t","Sydney",-33.8692304,151.2062939,"Entire home/apt",6,2,3,"$598.00",3,365,0,26,0,4.88,"f",2.09
14310,"4/06/2014","within a day","f",0,"t","Mosman",-33.84282693,151.2342573,"Entire home/apt",4,1,2,"$387.00",7,365,26,0,0,NA,"f",NA
16056,"25/04/2023","within an hour","f",12,"t","Auburn",-33.848855,151.0609592,"Entire home/apt",4,1,1,"$200.00",2,365,5,17,4,4.71,"f",4.25
6548,"24/07/2019","N/A","f",912,"t","Randwick",-33.91931,151.25305,"Entire home/apt",4,1,2,"$233.00",3,365,20,19,1,4.21,"t",0.55
17022,"23/11/2015","within an hour","t",12,"t","Sutherland Shire",-34.01196676,151.1130491,"Private room",3,1,1,"$50.00",2,92,25,1,0,5,"f",0.67
13313,"3/07/2017","N/A","f",1,"t","Sydney",-33.89461675,151.1984426,"Entire home/apt",2,NA,1,"",3,60,0,20,0,4.7,"f",2.15
8653,"7/10/2015","within an hour","t",3,"t","North Sydney",-33.8236275,151.2185543,"Entire home/apt",2,1,1,"$93.00",2,180,11,49,1,4.67,"t",2.05
1554,"11/08/2016","within an hour","",10,"t","Hornsby",-33.71147,151.10752,"Entire home/apt",6,2,2,"$133.00",1,1125,16,86,0,4.56,"t",0.98
16680,"21/11/2011","within an hour","f",26,"t","Liverpool",-33.91615794,150.9125403,"Entire home/apt",3,NA,NA,"",90,365,29,2,1,3,"f",1.43
6977,"28/08/2017","N/A","f",1,"t","Waverley",-33.88572,151.2749,"Entire home/apt",4,1,2,"$470.00",2,730,0,11,0,4.82,"f",0.37
6670,"5/05/2016","within an hour","f",26,"t","Marrickville",-33.90924327,151.1780282,"Entire home/apt",2,NA,1,"",5,365,0,4,0,5,"f",0.14
11281,"25/11/2014","within an hour","",38,"t","Warringah",-33.7745026,151.2800857,"Entire home/apt",4,1,2,"$326.00",2,90,24,21,0,4.81,"f",1.34
1866,"13/04/2014","within a few hours","t",1,"t","Sutherland Shire",-34.08311519,151.1469556,"Entire home/apt",7,2,3,"$637.00",2,28,27,36,1,4.97,"f",1.08
7446,"29/08/2024","N/A","f",39,"t","Canada Bay",-33.851903,151.1604607,"Entire home/apt",4,2,2,"$449.00",5,1125,0,19,0,4.63,"t",0.62
2724,"6/02/2017","within an hour","f",3,"t","Manly",-33.79369,151.2746,"Private room",3,NA,NA,"",90,1125,28,18,0,4.67,"f",0.24
10807,"22/01/2024","within an hour","f",2,"t","Penrith",-33.73696777,150.7540861,"Private room",2,1,1,"$60.00",1,365,28,3,0,5,"f",0.19
12993,"22/12/2016","within an hour","f",120,"t","Woollahra",-33.87981959,151.2391052,"Entire home/apt",4,2,2,"$299.00",3,365,14,21,2,4.81,"f",2.09
2237,"3/08/2012","within an hour","f",2,"t","Randwick",-33.91069,151.25741,"Private room",3,1,0,"$115.00",90,1125,29,6,0,5,"f",0.07
5087,"18/02/2015","within an hour","f",2,"t","Randwick",-33.92165,151.25589,"Entire home/apt",2,1,1,"$375.00",7,21,26,3,0,4.67,"f",0.09
6067,"5/12/2014","within a few hours","f",4,"t","Ashfield",-33.88185,151.12927,"Private room",2,1,1,"$106.00",4,365,15,24,0,4.88,"f",0.73
1238,"27/10/2016","within an hour","t",1,"t","Pittwater",-33.70476,151.29703,"Entire home/apt",2,1,1,"$167.00",2,60,24,194,0,4.91,"t",1.87
5951,"13/12/2016","within an hour","f",5,"t","Sutherland Shire",-34.04266739,151.1569824,"Entire home/apt",3,1,1,"$132.00",2,180,24,25,2,4.6,"f",0.65
4256,"11/02/2016","within an hour","t",2,"t","Randwick",-33.96077,151.24428,"Entire home/apt",2,1,1,"$157.00",2,1125,28,86,1,4.93,"f",1.3
6536,"15/01/2014","within a few hours","f",3,"t","Marrickville",-33.89762,151.17662,"Entire home/apt",5,1,3,"$390.00",7,365,16,6,0,4.33,"f",0.2
6107,"5/06/2022","within an hour","f",1,"t","Woollahra",-33.88875,151.23696,"Entire home/apt",4,1,2,"$351.00",7,365,17,15,0,4.93,"t",0.41
480,"4/05/2015","N/A","f",1,"f","Marrickville",-33.91793,151.14692,"Private room",2,2,1,"$57.00",130,600,29,0,0,NA,"f",NA
7589,"19/04/2018","within a few hours","t",2,"t","Pittwater",-33.64131,151.33118,"Entire home/apt",10,3.5,4,"$550.00",90,365,26,0,0,NA,"f",NA
5639,"8/04/2014","within a day","f",1,"t","Manly",-33.79484,151.28682,"Entire home/apt",4,1,2,"$315.00",3,60,0,35,0,4.97,"f",0.83
4632,"10/04/2019","within an hour","t",3,"t","Hornsby",-33.71628,151.08416,"Private room",1,1,1,"$62.00",1,1125,10,96,0,4.81,"f",1.65
8039,"2/07/2016","N/A","f",1,"t","Sydney",-33.8812443,151.1938,"Entire home/apt",2,1.5,1,"$350.00",90,365,29,4,0,5,"f",0.14
3156,"5/05/2017","N/A","f",3,"t","Parramatta",-33.84084,150.99842,"Private room",1,1,1,"$114.00",90,1125,28,0,0,NA,"t",NA
6316,"14/07/2015","within an hour","f",32,"t","Woollahra",-33.88658,151.26536,"Entire home/apt",5,2,3,"$450.00",2,365,7,28,1,4.68,"f",0.76
9255,"26/08/2016","within an hour","f",78,"t","Waverley",-33.8912635,151.2484022,"Private room",3,NA,NA,"",1,90,26,71,1,4.73,"t",3.16
15958,"25/01/2019","within an hour","f",1,"f","Holroyd",-33.82839,150.98195,"Entire home/apt",16,3.5,7,"$237.00",3,30,0,2,0,3,"t",0.98
3963,"21/04/2016","within an hour","f",1,"t","Sydney",-33.88712692,151.2144165,"Entire home/apt",4,2,2,"$383.00",4,21,0,6,0,5,"f",0.09
2119,"19/01/2015","within an hour","t",2,"t","Waverley",-33.89024,151.27212,"Entire home/apt",2,1,1,"$169.00",3,1125,8,222,5,4.97,"f",2.32
17738,"8/12/2023","within an hour","f",13,"t","Sydney",-33.8827,151.20172,"Entire home/apt",6,2,2,"$303.00",2,365,9,1,1,5,"f",1
16528,"30/11/2016","within an hour","f",1,"t","Sutherland Shire",-34.04408185,151.1129979,"Entire home/apt",6,NA,4,"",5,365,0,1,0,5,"f",0.55
5402,"16/06/2021","within an hour","f",57,"t","Sydney",-33.87979,151.21323,"Entire home/apt",2,1,1,"$263.00",90,180,22,8,0,4.38,"f",0.19
17790,"11/06/2018","N/A","f",1,"t","Pittwater",-33.6313464,151.335047,"Entire home/apt",4,1,2,"$434.00",2,60,25,0,0,NA,"f",NA
15679,"2/10/2020","within a few hours","f",1,"f","Parramatta",-33.82125,151.02015,"Private room",3,2,1,"$169.00",1,365,29,7,0,4.86,"f",1.54
14720,"25/08/2019","within an hour","f",169,"t","Sydney",-33.8839036,151.2086619,"Private room",1,2,1,"$78.00",1,89,18,7,0,3.57,"f",1.08
5190,"10/07/2013","within an hour","f",244,"t","Woollahra",-33.87763,151.2372,"Entire home/apt",4,1,2,"$185.00",1,1125,17,3,0,4.33,"t",0.36
6771,"23/02/2019","within an hour","t",1,"t","Waverley",-33.8892574,151.2752598,"Entire home/apt",1,1,1,"$214.00",1,365,0,20,0,4.95,"f",2.18
8305,"28/03/2023","within an hour","t",3,"t","Rockdale",-33.939913,151.1443932,"Entire home/apt",6,1,3,"$173.00",1,365,17,178,7,4.85,"t",6.61
17406,"1/06/2015","within an hour","f",1,"t","North Sydney",-33.8401293,151.2217357,"Entire home/apt",2,1,1,"$263.00",2,365,17,5,0,5,"f",2
17381,"13/04/2025","within an hour","f",3,"t","Liverpool",-33.90926,150.89898,"Shared room",6,1.5,NA,"$48.00",1,365,29,1,1,5,"t",1
11933,"6/05/2024","within a day","f",1,"t","Manly",-33.80328,151.28927,"Entire home/apt",4,2,2,"$392.00",7,30,16,0,0,NA,"f",NA
2422,"11/08/2016","within a few hours","f",1,"f","Manly",-33.8046,151.25914,"Entire home/apt",8,3.5,4,"$584.00",14,180,22,1,0,5,"t",0.01
15991,"12/10/2021","within an hour","",10,"t","Manly",-33.8008128,151.2917419,"Entire home/apt",4,1,1,"$196.00",2,365,13,5,1,5,"t",1.32
13202,"10/12/2014","within an hour","f",26,"f","Burwood",-33.87419632,151.1024479,"Entire home/apt",5,NA,3,"",5,365,0,5,0,3.8,"f",0.62
9790,"17/10/2023","within an hour","t",1,"t","Leichhardt",-33.87304004,151.1551119,"Entire home/apt",4,1,2,"$220.00",2,28,8,27,0,4.89,"f",1.35
12188,"21/10/2022","within an hour","f",60,"t","Campbelltown",-33.97524,150.82374,"Entire home/apt",8,2.5,4,"$145.00",1,365,5,15,3,4.93,"t",1.2
3003,"14/11/2018","within an hour","f",4,"t","Hornsby",-33.54621,151.22699,"Entire home/apt",4,1,2,"$229.00",2,1125,26,61,0,4.77,"t",0.88
3075,"30/09/2017","N/A","t",1,"t","Sydney",-33.88063,151.19726,"Entire home/apt",2,NA,1,"",1,30,0,27,0,4.74,"f",0.34
5856,"8/04/2017","N/A","f",1,"f","Sydney",-33.90268116,151.1812655,"Entire home/apt",3,1,0,"$234.00",2,5,18,59,2,4.92,"f",2.25
7268,"8/05/2014","within an hour","f",1,"t","Sydney",-33.87455,151.22621,"Entire home/apt",2,1,1,"$151.00",2,365,11,38,1,4.84,"f",1.24
12644,"4/04/2023","within an hour","f",23,"t","Sydney",-33.91105703,151.2086856,"Entire home/apt",6,2,3,"$234.00",3,365,9,34,1,4.76,"f",3.06
17330,"14/05/2023","within a day","f",5,"t","Botany Bay",-33.93438364,151.1952477,"Entire home/apt",4,2,2,"$157.00",6,365,14,0,0,NA,"f",NA
6467,"8/05/2016","within an hour","f",1,"t","Warringah",-33.75359399,151.2955481,"Entire home/apt",4,1,2,"$273.00",2,365,12,57,0,4.79,"f",1.63
11272,"16/02/2012","N/A","f",1,"t","Waverley",-33.87664175,151.275708,"Entire home/apt",2,1,1,"$200.00",21,100,1,2,0,5,"f",0.13
12230,"22/05/2024","within an hour","f",1,"t","The Hills Shire",-33.40090884,150.978364,"Entire home/apt",8,1.5,3,"$407.00",1,100,27,8,0,4.5,"f",1.43
10552,"30/03/2021","within an hour","f",1,"t","Sydney",-33.872503,151.1969032,"Entire home/apt",4,2,2,"$183.00",2,45,21,23,0,4.04,"t",1.36
14692,"14/08/2024","within an hour","f",23,"t","Strathfield",-33.87322,151.09247,"Entire home/apt",12,2.5,3,"$350.00",1,365,11,13,2,4.92,"t",2.02
16845,"15/11/2019","within an hour","",4,"t","Parramatta",-33.8061856,151.0209607,"Entire home/apt",10,3,3,"$325.00",4,365,22,4,2,5,"t",2.79
15895,"14/02/2021","within a few hours","",67,"f","Holroyd",-33.82098,150.96096,"Private room",2,NA,NA,"",90,365,29,3,0,3,"t",0.73
6289,"27/05/2014","within an hour","t",61,"t","Sydney",-33.87135,151.23121,"Entire home/apt",4,1,2,"$270.00",21,365,14,26,0,4.69,"f",0.71
16604,"7/04/2023","within an hour","f",67,"t","Holroyd",-33.82245238,150.9709225,"Private room",2,1,1,"$38.00",1,365,14,4,0,3,"t",1.48
15473,"30/11/2023","within a few hours","f",49,"t","Sydney",-33.91467049,151.2110233,"Entire home/apt",2,NA,1,"",7,365,0,0,0,NA,"f",NA
11324,"3/12/2016","within an hour","f",2,"t","Blacktown",-33.68893087,150.8164384,"Entire home/apt",10,3,5,"$429.00",2,365,16,66,1,4.65,"f",4.13
15405,"21/10/2023","within an hour","f",42,"t","Sydney",-33.87877,151.20157,"Entire home/apt",4,NA,2,"",90,365,9,2,1,3,"t",0.42
2860,"21/08/2016","within an hour","t",7,"t","Hornsby",-33.69303,151.09761,"Private room",1,2,1,"$46.00",4,1125,0,17,2,4.82,"f",0.22
13911,"1/09/2024","N/A","f",44,"t","North Sydney",-33.8409197,151.2118135,"Entire home/apt",3,NA,1,"",5,1125,0,1,0,5,"t",0.19
4869,"19/12/2013","within an hour","f",11,"t","Marrickville",-33.89884186,151.1763611,"Entire home/apt",2,1,1,"$139.00",7,365,29,33,0,4.45,"t",1.18
8834,"21/11/2018","within an hour","f",51,"t","Sydney",-33.87488,151.22413,"Entire home/apt",2,1,1,"$230.00",14,365,0,2,0,5,"t",0.14
13480,"5/01/2023","within an hour","f",50,"t","Holroyd",-33.8270491,151.0001973,"Private room",2,1,1,"$51.00",1,89,25,13,0,4.46,"f",1.41
12048,"9/08/2022","within a few hours","f",40,"t","Strathfield",-33.86526638,151.0892822,"Entire home/apt",6,2,3,"$236.00",1,365,25,10,0,4.1,"f",0.96
10925,"13/06/2023","within an hour","f",8,"t","Sydney",-33.8848619,151.179967,"Entire home/apt",4,NA,2,"",7,365,0,1,0,5,"f",0.18
17624,"11/09/2022","within an hour","",6,"t","Burwood",-33.89824,151.099249,"Entire home/apt",6,2,3,"$343.00",2,365,22,0,0,NA,"t",NA
262,"5/01/2014","N/A","f",1,"t","Sydney",-33.89164,151.20652,"Entire home/apt",3,2,2,"$239.00",16,1125,7,86,0,4.69,"f",0.68
4122,"19/01/2017","N/A","f",1,"f","Bankstown",-33.90624,151.04318,"Private room",3,1,2,"$61.00",90,1125,28,0,0,NA,"f",NA
8496,"2/05/2017","within an hour","t",2,"t","Waverley",-33.89021161,151.2787935,"Entire home/apt",2,1,1,"$229.00",2,365,0,53,0,4.83,"f",2.52
14093,"7/04/2023","within an hour","f",67,"t","Holroyd",-33.84661034,150.9646931,"Private room",4,2,1,"$72.00",1,365,21,7,0,4.29,"t",1.11
15716,"2/07/2022","within an hour","f",1,"t","Auburn",-33.8360716,151.0582055,"Entire home/apt",6,2,3,"$225.00",1,365,15,18,2,4.83,"t",3.91
17811,"23/02/2020","within an hour","f",1,"t","Waverley",-33.89029856,151.2463284,"Entire home/apt",2,1,1,"$184.00",2,31,26,1,0,5,"f",0.77
14935,"16/10/2014","within an hour","f",2,"t","North Sydney",-33.84902,151.21916,"Entire home/apt",3,1,2,"$225.00",2,365,21,5,0,4.8,"f",1.07
3250,"27/07/2016","within an hour","t",8,"t","North Sydney",-33.83345,151.21039,"Entire home/apt",3,1,1,"$188.00",1,1125,10,267,2,4.82,"t",3.61
9135,"5/06/2013","within an hour","f",28,"t","Woollahra",-33.87130169,151.2368486,"Entire home/apt",4,1,2,"$296.00",14,365,0,16,0,4.13,"f",0.68
12472,"14/07/2015","within an hour","f",32,"t","Waverley",-33.89206154,151.2731803,"Entire home/apt",2,1,1,"$169.00",1,365,0,14,1,4.5,"f",1.79
11623,"25/08/2019","within an hour","f",169,"t","Ku-Ring-Gai",-33.77403,151.16392,"Private room",2,2,1,"$54.00",4,365,22,20,0,3.95,"f",1.31
17244,"27/07/2023","within an hour","f",1,"t","Sydney",-33.8749381,151.2154852,"Entire home/apt",2,1,1,"$154.00",2,365,12,5,5,4.8,"t",5
14091,"7/04/2023","within an hour","f",67,"t","Holroyd",-33.84768005,150.962839,"Private room",2,NA,NA,"",1,365,19,1,0,1,"t",0.14
10955,"19/01/2024","within an hour","t",5,"t","Penrith",-33.77549,150.78698,"Private room",1,2,1,"$55.00",1,365,29,28,0,4.75,"f",1.68
16941,"2/03/2014","within a day","f",1,"t","Manly",-33.79623872,151.2700673,"Entire home/apt",6,2,3,"$405.00",14,180,16,0,0,NA,"f",NA
6253,"8/06/2022","within an hour","f",9,"f","Sydney",-33.87553,151.21293,"Entire home/apt",3,0,0,"$262.00",2,90,18,26,0,4.23,"t",0.74
8173,"28/05/2015","within an hour","t",1,"t","Botany Bay",-33.92085,151.1860675,"Private room",2,1,1,"$150.00",1,1125,28,53,1,4.96,"f",1.92
8317,"22/12/2016","within an hour","t",3,"t","Sydney",-33.87632,151.21348,"Private room",2,1,1,"$104.00",3,10,4,95,5,4.94,"f",4.17
12946,"13/03/2020","within an hour","t",8,"t","Sydney",-33.8630339,151.2019895,"Entire home/apt",2,NA,1,"",30,360,28,2,0,5,"f",0.28
14402,"19/02/2018","within an hour","t",1,"t","Pittwater",-33.67598,151.29097,"Entire home/apt",2,1,1,"$206.00",1,45,0,10,0,5,"f",1.46
13208,"31/07/2024","within an hour","f",7,"t","Waverley",-33.8906,151.27236,"Private room",6,1,1,"$281.00",1,365,7,0,0,NA,"t",NA
16995,"27/08/2023","within an hour","f",1,"t","Ryde",-33.78935,151.09195,"Entire home/apt",2,1,1,"$150.00",1,365,19,4,1,5,"t",2.07
4503,"7/07/2020","within an hour","f",3,"t","Sydney",-33.87242,151.19382,"Private room",4,1,1,"$278.00",1,1125,13,31,1,4.1,"t",0.53
3977,"8/11/2014","within a few hours","t",3,"t","Sydney",-33.8802,151.21564,"Entire home/apt",2,1,1,"$189.00",5,180,2,95,1,4.93,"f",1.37
17180,"9/09/2015","within an hour","f",1,"t","Warringah",-33.7492598,151.2550847,"Private room",2,1,1,"$110.00",1,365,25,1,0,5,"f",0.58
5976,"6/01/2016","within an hour","t",12,"t","Liverpool",-33.91362381,150.8270874,"Private room",2,1,1,"$88.00",1,1125,21,88,3,4.83,"f",2.26
8903,"27/05/2014","within an hour","t",61,"t","Randwick",-33.92699106,151.2591261,"Entire home/apt",2,1,1,"$260.00",5,365,26,10,0,4.7,"f",0.46
5021,"31/08/2017","within an hour","f",54,"t","North Sydney",-33.83554077,151.2079163,"Entire home/apt",2,1,1,"$220.00",28,1125,0,13,0,4.69,"t",0.27
5385,"6/03/2021","within an hour","t",1,"t","Liverpool",-33.92776,150.91074,"Entire home/apt",4,1,2,"$105.00",2,365,7,94,3,4.72,"t",2.12
6661,"22/09/2022","within an hour","f",1,"t","Leichhardt",-33.8513816,151.180535,"Entire home/apt",4,NA,3,"",5,180,1,13,0,5,"f",0.4
17117,"6/05/2024","within an hour","f",14,"t","North Sydney",-33.82666,151.20294,"Entire home/apt",8,NA,4,"",1,365,0,0,0,NA,"t",NA
11944,"25/08/2019","within an hour","f",169,"t","Ku-Ring-Gai",-33.74453,151.13211,"Private room",1,2,1,"$38.00",90,365,13,3,0,3.67,"f",0.33
13610,"15/08/2011","within an hour","t",1,"t","Leichhardt",-33.877984,151.1623384,"Entire home/apt",2,1,1,"$159.00",2,365,12,20,6,5,"f",2.49
7406,"2/05/2016","within an hour","t",2,"t","Mosman",-33.81831,151.24331,"Entire home/apt",4,2,3,"$375.00",5,1125,3,27,0,4.93,"f",0.98
3389,"17/05/2019","N/A","f",8,"t","Canterbury",-33.92749,151.12542,"Private room",2,1,1,"$35.00",111,112,29,5,0,4.2,"t",0.07
11875,"13/08/2018","within an hour","f",57,"t","Sydney",-33.87819417,151.2054701,"Entire home/apt",4,1,1,"$155.00",1,365,20,55,1,4.73,"f",3.9
17712,"5/06/2013","within an hour","f",28,"t","Woollahra",-33.88091985,151.242258,"Entire home/apt",8,3.5,5,"$12,097.00",7,365,20,0,0,NA,"f",NA
8011,"23/09/2017","within a day","f",1,"f","Pittwater",-33.64790029,151.3232767,"Entire home/apt",4,1,2,"$318.00",2,14,28,1,0,5,"t",0.33
17102,"6/03/2021","within an hour","f",3,"t","Blacktown",-33.7208388,150.858034,"Entire home/apt",9,NA,4,"",2,365,14,3,2,5,"f",2.65
9718,"14/02/2015","N/A","f",8,"t","North Sydney",-33.8441939,151.2233745,"Entire home/apt",5,1,3,"$252.00",5,365,22,0,0,NA,"f",NA
9106,"27/05/2014","within an hour","t",61,"t","Sydney",-33.8758143,151.2192888,"Entire home/apt",2,NA,1,"",90,365,0,0,0,NA,"f",NA
12153,"15/10/2012","within an hour","",86,"t","Sydney",-33.85937,151.20299,"Entire home/apt",16,2,5,"$514.00",1,365,2,7,1,5,"f",0.63
6642,"23/02/2016","within an hour","f",8,"t","Sydney",-33.88576,151.18051,"Private room",8,NA,4,"",1,90,25,64,1,4.56,"t",1.87
6656,"11/12/2014","within a day","f",72,"t","Warringah",-33.76423618,151.2929813,"Entire home/apt",9,NA,5,"",90,1125,0,0,0,NA,"f",NA
1457,"7/08/2013","N/A","f",1,"t","North Sydney",-33.83615,151.20144,"Entire home/apt",8,2,4,"$900.00",7,42,27,3,0,5,"f",0.05
8713,"19/03/2016","within an hour","t",3,"t","Sydney",-33.89085,151.19853,"Private room",2,1,1,"$103.00",2,14,2,123,4,4.99,"f",5.3
12175,"28/05/2016","within an hour","t",1,"t","Waverley",-33.89467,151.26253,"Entire home/apt",3,1,1,"$190.00",2,1125,6,31,0,4.97,"f",3.75
9635,"18/06/2014","a few days or more","f",4,"t","Warringah",-33.68272937,151.1863926,"Entire home/apt",16,5.5,6,"$1,485.00",3,365,28,5,0,5,"f",0.34
10600,"7/04/2017","within a few hours","",26,"t","North Sydney",-33.8227873,151.195778,"Entire home/apt",4,2,2,"$274.00",3,365,0,0,0,NA,"f",NA
7452,"10/07/2013","within an hour","f",244,"t","Mosman",-33.8276,151.24493,"Entire home/apt",6,2,3,"$350.00",1,1125,0,2,0,5,"t",0.07
207,"31/03/2014","within an hour","t",6,"t","Warringah",-33.75615,151.29855,"Entire home/apt",12,NA,5,"",10,90,0,3,0,5,"f",0.07
10722,"23/02/2016","N/A","f",1,"t","Manly",-33.7908656,151.2609214,"Entire home/apt",5,2.5,3,"$450.00",1,28,0,0,0,NA,"f",NA
5280,"28/01/2020","within an hour","f",9,"t","Sydney",-33.87584,151.21465,"Entire home/apt",2,1,0,"$137.00",2,1125,5,78,5,4.78,"t",1.55
10791,"23/08/2016","a few days or more","f",2,"t","North Sydney",-33.82796,151.23002,"Entire home/apt",2,NA,NA,"",90,365,28,0,0,NA,"f",NA
5543,"5/05/2016","within an hour","f",26,"t","Marrickville",-33.90692,151.18002,"Entire home/apt",2,1,0,"$150.00",3,1125,0,138,0,4.64,"t",3.22
8455,"26/05/2022","N/A","f",1,"t","Manly",-33.78959748,151.2852794,"Entire home/apt",6,3,3,"$700.00",90,98,29,1,0,5,"t",0.06
15957,"3/09/2011","within an hour","f",6,"t","Canada Bay",-33.8533691,151.1530541,"Private room",2,1,1,"$110.00",5,180,29,1,0,5,"f",0.37
4961,"2/02/2015","within an hour","t",3,"t","Waverley",-33.88897,151.28204,"Entire home/apt",2,1,1,"$318.00",2,1125,26,33,0,4.94,"f",1.65
2516,"1/04/2018","within an hour","t",7,"t","Botany Bay",-33.95063,151.23029,"Private room",4,1,2,"$118.00",1,1125,0,27,0,4.89,"f",0.31
6160,"12/09/2018","within an hour","f",14,"t","Manly",-33.78977,151.28463,"Entire home/apt",7,1,2,"$293.00",1,365,21,33,0,4.36,"t",0.85
10251,"25/09/2018","N/A","f",2,"t","Canterbury",-33.90912685,151.0877783,"Private room",2,0.5,1,"$64.00",91,365,28,0,0,NA,"f",NA
14852,"25/08/2019","within an hour","f",169,"t","City Of Kogarah",-33.9855381,151.1318194,"Private room",3,3,1,"$57.00",4,365,14,11,0,3.91,"f",1.8
8225,"7/09/2019","within an hour","f",3,"t","Lane Cove",-33.82387305,151.1950084,"Entire home/apt",3,1,1,"$246.00",6,90,0,23,0,4.83,"t",0.86
2322,"30/12/2010","within an hour","f",7,"t","Leichhardt",-33.8478,151.18406,"Entire home/apt",4,1.5,1,"$179.00",2,1125,29,32,0,4.19,"f",0.38
6474,"25/04/2019","within an hour","t",68,"t","Sutherland Shire",-34.0223362,151.0600314,"Entire home/apt",6,1,3,"$279.00",160,365,0,7,0,5,"t",0.2
5153,"31/08/2017","within an hour","f",54,"t","North Sydney",-33.82401,151.19872,"Entire home/apt",2,1,1,"$201.00",90,1125,23,5,0,5,"t",0.1
7089,"28/08/2016","N/A","f",1,"f","Mosman",-33.82175769,151.2431825,"Entire home/apt",4,1,2,"$250.00",90,365,22,0,0,NA,"f",NA
3391,"3/02/2019","within an hour","f",5,"t","Sydney",-33.86915,151.22472,"Hotel room",2,1.5,0,"$375.00",1,365,27,29,0,4.79,"t",0.5
3177,"13/02/2019","N/A","f",1,"t","Ryde",-33.81862,151.09304,"Entire home/apt",3,NA,1,"",90,1125,29,101,0,4.71,"f",1.33
14472,"23/07/2017","within a day","f",1,"t","Woollahra",-33.88377002,151.2639398,"Entire home/apt",4,2.5,2,"$290.00",7,365,0,0,0,NA,"t",NA
2050,"1/12/2015","within an hour","t",2,"t","Sydney",-33.88379,151.22006,"Entire home/apt",2,1,1,"$110.00",2,1125,10,121,3,4.83,"t",1.24
1937,"9/05/2012","within an hour","t",1,"t","Sydney",-33.89693,151.19304,"Entire home/apt",2,1,1,"$208.00",3,90,29,64,0,4.91,"f",0.65
2474,"31/05/2016","N/A","f",1,"f","Campbelltown",-34.08088,150.81665,"Entire home/apt",4,1,3,"$241.00",3,60,0,2,0,5,"t",0.34
12881,"30/07/2024","within an hour","t",1,"t","Canada Bay",-33.84924,151.14008,"Entire home/apt",16,3,6,"$940.00",1,1125,0,16,0,5,"t",1.78
1188,"29/06/2015","within a day","t",1,"t","Sydney",-33.88189,151.21463,"Entire home/apt",2,1,1,"$255.00",3,1125,29,57,1,4.77,"f",0.5
17032,"14/04/2023","within an hour","f",81,"t","Sydney",-33.88534,151.17745,"Entire home/apt",3,1,1,"$161.00",1,365,28,1,1,5,"t",1
5669,"22/12/2016","within an hour","f",120,"t","Sydney",-33.87871,151.21259,"Entire home/apt",6,2,3,"$399.00",4,1125,2,32,1,4.59,"f",0.79
2243,"12/04/2017","N/A","t",2,"t","Hornsby",-33.7649,151.08599,"Private room",1,NA,NA,"",1,60,0,59,0,4.9,"f",0.66
7016,"13/10/2022","N/A","t",1,"t","North Sydney",-33.83132,151.22225,"Entire home/apt",2,1,1,"$221.00",7,1125,0,23,0,4.61,"f",0.76
3429,"7/02/2019","within an hour","t",1,"t","The Hills Shire",-33.40116,150.97748,"Entire home/apt",8,1,2,"$272.00",2,1125,29,69,0,4.84,"f",0.94
4611,"29/12/2015","within a few hours","f",1,"t","Marrickville",-33.89454,151.17008,"Entire home/apt",2,1,1,"$180.00",90,500,0,4,0,4.25,"f",0.07
13559,"19/10/2021","within an hour","f",15,"t","Waverley",-33.8959348,151.2555725,"Entire home/apt",5,1,2,"$581.00",1,90,0,4,0,4.75,"t",0.67
16405,"13/08/2018","within an hour","f",57,"t","Sydney",-33.87802005,151.2043082,"Entire home/apt",3,1,0,"$176.00",1,365,7,11,3,4.91,"f",2.87
284,"17/02/2015","within a few hours","f",1,"t","Manly",-33.80167,151.29058,"Private room",1,1,2,"$150.00",2,30,28,4,0,5,"f",0.6
3543,"27/05/2018","N/A","f",2,"t","Sydney",-33.89821,151.21484,"Entire home/apt",6,2,3,"$399.00",90,1125,28,0,0,NA,"t",NA
11498,"26/01/2023","a few days or more","f",3,"t","Ashfield",-33.88622396,151.1291161,"Private room",2,1,1,"$94.00",90,365,29,2,0,5,"f",0.13
2262,"24/04/2016","within a few hours","f",1,"t","Willoughby",-33.79531,151.20776,"Private room",2,1.5,1,"$125.00",1,3,14,36,0,5,"f",0.41
7667,"13/04/2021","N/A","f",1,"t","Warringah",-33.76301,151.29506,"Entire home/apt",4,1.5,2,"$400.00",7,90,0,1,0,5,"f",0.03
16748,"28/05/2017","within an hour","f",50,"t","Blacktown",-33.71918152,150.8497315,"Entire home/apt",10,2.5,5,"$211.00",3,365,10,3,1,5,"t",1.34
7210,"24/07/2019","N/A","f",912,"t","Manly",-33.79529,151.28465,"Entire home/apt",4,1,2,"$265.00",3,365,12,31,0,4.61,"t",1.01
15333,"25/08/2019","within an hour","f",169,"t","Ku-Ring-Gai",-33.7783412,151.1654329,"Private room",2,2,1,"$78.00",1,89,8,3,0,4,"f",0.55
14260,"4/04/2021","within an hour","f",5,"t","Liverpool",-33.91661592,150.8696297,"Entire home/apt",6,NA,3,"",1,365,23,9,0,4.67,"t",1.23
12502,"21/10/2022","within an hour","f",60,"t","Ku-Ring-Gai",-33.7521749,151.146191,"Entire home/apt",6,2,2,"$193.00",2,365,12,14,1,4.64,"f",1.13
8471,"16/06/2021","within an hour","f",57,"t","Sydney",-33.89779,151.19933,"Entire home/apt",4,1,2,"$124.00",2,120,0,37,0,4.27,"f",1.46
13408,"14/05/2018","within a few hours","f",1,"f","Randwick",-33.90732747,151.2136936,"Entire home/apt",6,1,3,"$319.00",2,365,10,1,0,5,"f",0.68
16935,"26/11/2019","within an hour","f",1,"t","Sydney",-33.89938,151.18352,"Entire home/apt",4,1,2,"$206.00",1,365,15,2,1,5,"t",1.5
5238,"19/08/2015","N/A","t",2,"t","Pittwater",-33.63743,151.27884,"Entire home/apt",2,1,0,"$342.00",2,30,0,93,0,4.98,"t",1.9
7473,"11/11/2022","within an hour","t",6,"t","Sydney",-33.85615,151.20192,"Entire home/apt",5,1.5,2,"$256.00",5,28,0,217,4,4.94,"f",6.91
3800,"18/12/2013","within an hour","t",1,"t","Mosman",-33.83216,151.24471,"Entire home/apt",2,1,1,"$172.00",3,1125,29,109,0,4.77,"f",1.6
1458,"27/11/2015","N/A","f",2,"t","Ku-Ring-Gai",-33.7653,151.17475,"Private room",2,1,1,"$57.00",90,1125,28,33,0,4.36,"t",0.31
16733,"18/03/2025","within an hour","f",23,"t","The Hills Shire",-33.7432634,150.9847861,"Private room",2,1,1,"$44.00",1,365,29,0,0,NA,"t",NA
3294,"17/01/2019","within an hour","f",9,"t","Sydney",-33.85777664,151.2055664,"Entire home/apt",2,1,1,"$185.00",2,365,22,142,3,4.68,"t",1.83
16167,"2/03/2025","within an hour","f",1,"t","Sutherland Shire",-34.0102159,151.051005,"Entire home/apt",2,1,1,"$139.00",1,30,12,3,0,4.67,"t",1.08
5270,"13/12/2012","within a few hours","t",2,"t","Rockdale",-33.96585,151.12177,"Private room",1,1.5,1,"$52.00",4,30,6,26,1,4.81,"f",0.63
1139,"12/09/2013","within a few hours","t",1,"t","Waverley",-33.89103,151.28517,"Entire home/apt",4,1,1,"$340.00",3,65,0,128,0,4.95,"f",1.25
155,"15/06/2012","within a few hours","f",1,"t","Manly",-33.80339,151.28761,"Entire home/apt",2,1,1,"$117.00",2,200,0,292,0,4.31,"f",1.85
1194,"1/01/2016","within an hour","f",1,"t","Waverley",-33.88536,151.27651,"Entire home/apt",7,1,3,"$570.00",7,730,28,10,0,4.7,"t",0.1
15962,"12/04/2017","within an hour","f",14,"t","Sydney",-33.8825769,151.1959472,"Private room",4,1,2,"$331.00",1,90,21,0,0,NA,"t",NA
1798,"26/08/2017","within an hour","f",1,"t","City Of Kogarah",-33.97318,151.09695,"Entire home/apt",1,1,1,"$73.00",1,60,15,238,1,4.38,"f",3.23
4810,"27/08/2019","N/A","f",1,"t","Pittwater",-33.66034,151.32283,"Entire home/apt",2,1,1,"$92.00",90,1125,29,36,0,4.81,"f",0.7
12072,"12/10/2021","within an hour","f",34,"t","Sydney",-33.8750704,151.21453,"Entire home/apt",2,1,1,"$209.00",2,365,17,12,0,4.33,"t",0.94
14995,"25/08/2019","within an hour","f",169,"t","Sydney",-33.8800534,151.1883418,"Private room",2,1.5,1,"$97.00",1,89,19,6,1,3.5,"f",0.99
17902,"12/10/2021","within an hour","",10,"t","Manly",-33.8024177,151.288618,"Entire home/apt",4,1,2,"$291.00",2,365,0,0,0,NA,"t",NA
12833,"8/08/2022","within an hour","t",20,"t","Strathfield",-33.8617752,151.0803214,"Entire home/apt",8,2,3,"$263.00",5,365,12,18,0,4.56,"t",1.72
999,"10/01/2016","N/A","f",1,"t","Sutherland Shire",-34.05113,151.15478,"Entire home/apt",4,1,2,"$250.00",90,1125,5,254,0,4.91,"t",2.22
12708,"24/06/2024","within a few hours","f",3,"f","Canada Bay",-33.85816,151.14988,"Private room",2,NA,NA,"",1,21,0,17,0,4.53,"f",1.61
4923,"1/01/2017","N/A","t",3,"t","Ryde",-33.77801,151.1059,"Private room",2,NA,1,"",4,30,0,11,0,4.73,"f",0.26
13236,"15/10/2023","within a day","f",18,"f","Sydney",-33.89225965,151.1937652,"Private room",1,2,1,"$90.00",1,365,28,6,1,5,"f",0.65
17234,"1/01/2021","within an hour","f",1,"t","The Hills Shire",-33.78654,150.99955,"Entire home/apt",3,1,2,"$153.00",1,1125,15,21,5,5,"f",7.5
13814,"26/04/2014","within an hour","f",1,"f","Sydney",-33.903635,151.2026059,"Entire home/apt",4,2.5,2,"$278.00",3,14,0,1,0,5,"f",0.28
1380,"24/09/2016","N/A","f",1,"t","North Sydney",-33.8325,151.22039,"Entire home/apt",9,3,4,"$1,550.00",14,120,22,19,0,4.89,"f",0.18
7006,"28/03/2019","within an hour","t",3,"t","Parramatta",-33.8195276,151.0040659,"Entire home/apt",4,2,2,"$387.00",1,1125,8,60,2,4.97,"f",1.94
1062,"29/04/2013","N/A","f",1,"f","Woollahra",-33.87187,151.26856,"Private room",1,1,1,"$119.00",2,14,0,2,0,5,"f",0.35
1201,"22/05/2016","within an hour","t",1,"t","Mosman",-33.81672,151.25024,"Entire home/apt",2,1,1,"$103.00",90,730,24,73,3,4.89,"f",0.69
14972,"16/03/2024","within an hour","",6,"t","North Sydney",-33.82222,151.22943,"Entire home/apt",6,1,2,"$137.00",1,365,2,17,0,4.53,"t",3.75
10209,"23/10/2023","within a day","f",1,"t","Auburn",-33.8232,151.07928,"Private room",2,1,1,"$83.00",1,6,26,3,0,4.67,"f",0.18
2946,"10/12/2018","a few days or more","f",1,"f","Sydney",-33.88289,151.17729,"Private room",2,1,1,"$74.00",90,1125,29,6,0,4.83,"f",0.08
11764,"6/01/2015","within an hour","f",27,"t","Sydney",-33.86263,151.20154,"Entire home/apt",4,NA,2,"",90,90,0,6,0,5,"t",0.44
10984,"20/03/2017","within an hour","t",2,"t","Waverley",-33.8634224,151.2829627,"Entire home/apt",2,1,1,"$335.00",2,365,22,83,3,4.96,"f",5.2
6080,"21/05/2016","a few days or more","f",2,"t","Woollahra",-33.8825,151.22239,"Entire home/apt",4,NA,1,"",2,365,2,10,0,5,"f",0.3
13761,"29/12/2020","a few days or more","f",1,"t","Sydney",-33.90237,151.211,"Entire home/apt",2,1,1,"$160.00",5,10,29,0,0,NA,"f",NA
7090,"11/10/2019","within an hour","f",138,"t","Ku-Ring-Gai",-33.76873,151.16004,"Entire home/apt",2,1,1,"$236.00",2,365,12,13,0,4.77,"f",0.43
1735,"4/01/2013","within an hour","t",5,"t","Waverley",-33.90681,151.2632,"Entire home/apt",2,1,0,"$176.00",3,100,12,291,3,4.92,"f",2.9
10937,"16/03/2012","N/A","f",1,"t","Waverley",-33.90624514,151.2575036,"Entire home/apt",3,1,1,"$250.00",90,365,28,0,0,NA,"f",NA
9499,"18/12/2019","within an hour","t",25,"t","Sydney",-33.8591056,151.2030291,"Entire home/apt",8,2,3,"$233.00",1,365,0,47,0,4.77,"f",2.46
9558,"13/11/2014","within a day","t",82,"t","Pittwater",-33.60248785,151.318006,"Entire home/apt",9,3,5,"$3,673.00",1,1125,0,0,0,NA,"f",NA
14981,"25/08/2019","within an hour","f",169,"t","Sydney",-33.8839964,151.2083809,"Private room",2,2,1,"$100.00",2,365,24,9,1,3.78,"f",1.68
17278,"1/08/2016","within a day","f",39,"t","Sydney",-33.9099744,151.2081496,"Entire home/apt",4,2,2,"$216.00",2,365,12,0,0,NA,"f",NA
2723,"16/03/2012","within an hour","t",14,"t","Sydney",-33.88774,151.20069,"Entire home/apt",2,1,0,"$147.00",5,1125,0,207,2,4.88,"f",2.64
9339,"30/09/2016","within an hour","t",13,"t","Sydney",-33.8644446,151.2076491,"Entire home/apt",4,1,2,"$290.00",3,365,0,82,2,4.87,"f",3.79
14424,"23/08/2014","within an hour","t",6,"t","Sydney",-33.89206559,151.2038105,"Entire home/apt",6,3,4,"$431.00",2,60,6,32,4,4.88,"t",4.49
12746,"29/11/2023","within an hour","f",46,"t","Ku-Ring-Gai",-33.7659076,151.1616799,"Private room",1,1,1,"$50.00",2,365,28,8,0,4.38,"f",0.81
13757,"5/03/2022","within a few hours","f",1,"t","North Sydney",-33.83261,151.21333,"Entire home/apt",4,NA,1,"",2,365,0,3,0,4.33,"f",0.37
13999,"21/10/2022","within an hour","f",60,"t","Parramatta",-33.7987087,151.038958,"Entire home/apt",6,2,3,"$173.00",2,365,9,14,1,4.43,"t",1.69
10325,"19/12/2013","within an hour","f",11,"t","Marrickville",-33.8987469,151.1762113,"Entire home/apt",2,1,1,"$271.00",1,365,29,7,0,4.29,"t",0.41
9385,"27/06/2017","within an hour","f",46,"t","Hornsby",-33.76248,151.0503,"Entire home/apt",10,2.5,6,"$264.00",2,45,25,32,0,4.81,"t",1.54
4116,"10/04/2019","within an hour","t",3,"t","Hornsby",-33.71731,151.0825,"Private room",2,1,1,"$61.00",1,1125,5,67,1,4.78,"f",1.02
9886,"4/09/2019","within an hour","f",6,"t","Fairfield",-33.88497,150.88915,"Entire home/apt",2,1,1,"$146.00",2,1125,17,29,0,4.83,"f",1.53
15823,"22/08/2012","within an hour","t",19,"t","Waverley",-33.8878465,151.2693794,"Entire home/apt",5,1.5,2,"$402.00",2,270,7,2,0,5,"f",0.44
2897,"25/02/2015","within a few hours","f",1,"t","Waverley",-33.90565,151.2683,"Entire home/apt",2,1,1,"$250.00",2,20,28,22,0,4.82,"f",0.28
9195,"7/09/2019","within an hour","f",3,"t","North Sydney",-33.82308,151.19591,"Entire home/apt",3,1,1,"$241.00",5,60,4,20,1,4.95,"t",0.84
9089,"30/08/2013","within a day","t",6,"t","Randwick",-33.9447507,151.2548166,"Entire home/apt",4,1,2,"$300.00",7,365,0,22,0,4.95,"t",0.98
1019,"7/11/2015","N/A","f",1,"t","Waverley",-33.90435,151.25686,"Entire home/apt",1,1,2,"$307.00",90,1125,26,0,0,NA,"f",NA
7117,"11/06/2014","within a few hours","f",2,"t","City Of Kogarah",-33.99248678,151.0767999,"Private room",2,1,1,"$99.00",2,29,6,4,0,5,"f",1.26
4720,"28/10/2019","N/A","f",1,"t","Holroyd",-33.81847,150.98714,"Private room",4,1.5,2,"$135.00",90,1125,22,0,0,NA,"f",NA
8915,"13/07/2018","within an hour","f",31,"t","Canada Bay",-33.85374,151.08649,"Private room",1,1,1,"$75.00",1,365,29,19,0,4.42,"f",0.84
7115,"20/04/2015","within an hour","t",2,"t","Waverley",-33.8921132,151.2609306,"Entire home/apt",3,1.5,1,"$352.00",5,55,3,58,0,4.97,"f",1.92
13451,"13/08/2018","within an hour","f",57,"t","Sydney",-33.8801579,151.2057843,"Entire home/apt",2,1,1,"$137.00",1,365,13,9,3,4.22,"f",2.09
1005,"20/08/2014","within a few hours","f",1,"t","Woollahra",-33.88588,151.25142,"Entire home/apt",8,3,4,"$1,550.00",12,42,22,5,0,5,"f",0.06
8743,"17/12/2018","within an hour","t",18,"t","Waverley",-33.88828927,151.2775919,"Entire home/apt",4,1,2,"$224.00",3,365,5,93,3,4.88,"f",3.85
7546,"19/01/2022","within an hour","t",42,"t","Hornsby",-33.69874,151.10129,"Entire home/apt",3,1,1,"$140.00",28,365,0,6,1,4.67,"f",0.22
7077,"13/10/2019","a few days or more","",17,"t","Sydney",-33.88504,151.17917,"Entire home/apt",4,1,2,"$233.00",2,365,29,4,0,4.5,"f",0.39
11871,"7/04/2023","within an hour","f",67,"t","Holroyd",-33.8213452,150.9629023,"Private room",2,NA,NA,"",1,365,29,2,0,3,"t",0.37
14251,"25/11/2017","within an hour","t",1,"t","Sutherland Shire",-34.08493,151.15479,"Entire home/apt",6,2,3,"$316.00",2,365,22,14,2,4.93,"f",1.9
1608,"16/07/2023","N/A","f",100,"t","Randwick",-33.92032,151.25306,"Entire home/apt",6,2,3,"$343.00",1,1125,18,211,0,4.47,"t",2.12
14332,"14/06/2024","within an hour","f",12,"t","Sydney",-33.8773,151.22087,"Entire home/apt",2,1,1,"$356.00",7,365,0,3,0,4.33,"t",0.42
15308,"12/11/2024","within a few hours","f",20,"t","Sydney",-33.89988,151.21434,"Private room",2,NA,NA,"",6,49,0,1,0,3,"f",0.23
14376,"2/10/2012","within a few hours","t",1,"t","Randwick",-33.91677034,151.2598704,"Entire home/apt",4,1.5,2,"$608.00",2,365,18,14,0,4.86,"f",2.66
1938,"8/11/2016","N/A","f",1,"t","Willoughby",-33.79728,151.16313,"Private room",2,1,1,"$67.00",90,1125,29,1,0,4,"f",0.01
14967,"24/01/2018","within an hour","f",56,"t","North Sydney",-33.84724,151.20295,"Entire home/apt",4,NA,2,"",7,365,29,5,0,3.4,"t",0.89
16424,"31/10/2020","within a few hours","f",1,"t","Marrickville",-33.8997,151.14996,"Entire home/apt",4,1,2,"$195.00",2,365,5,6,1,4.83,"f",1.76
8620,"21/09/2018","N/A","f",1,"t","Sydney",-33.87657661,151.1874497,"Entire home/apt",4,1.5,2,"$286.00",90,1125,22,1,0,5,"f",0.06
2705,"24/07/2019","N/A","f",912,"t","North Sydney",-33.82897,151.22589,"Entire home/apt",2,1,1,"$167.00",3,365,18,70,0,4.4,"t",0.86
1761,"22/03/2017","within a few hours","f",1,"t","Marrickville",-33.89958,151.14767,"Private room",1,1,1,"$53.00",3,60,2,68,1,4.74,"f",0.68
17055,"16/10/2023","within a few hours","f",1,"t","Waverley",-33.89566277,151.2717268,"Entire home/apt",6,NA,3,"",2,365,0,3,0,4.67,"f",1.5
12987,"31/07/2024","within an hour","f",7,"t","Waverley",-33.89082,151.27036,"Private room",2,1,1,"$139.00",1,365,29,6,0,3.83,"t",1.24
4310,"26/06/2016","N/A","f",1,"t","Strathfield",-33.87446,151.08583,"Private room",2,1,2,"$150.00",90,1125,27,0,0,NA,"f",NA
2395,"11/02/2014","within an hour","t",5,"t","Waverley",-33.89327,151.27278,"Entire home/apt",3,0,1,"$207.00",1,1125,19,27,0,4.74,"t",0.46
3720,"12/01/2014","within an hour","t",1,"t","The Hills Shire",-33.69622,150.93947,"Private room",2,1,1,"$65.00",2,21,6,113,3,4.91,"f",1.62
17641,"13/08/2018","within an hour","f",57,"t","Sydney",-33.88010891,151.2056086,"Entire home/apt",4,2,2,"$644.00",1,365,6,0,0,NA,"f",NA
12273,"9/09/2017","within an hour","t",17,"t","Sydney",-33.88515949,151.2120726,"Entire home/apt",2,1,0,"$141.00",1,365,7,104,6,4.81,"f",8.52
17958,"13/10/2011","N/A","f",1,"t","Sydney",-33.90122,151.18485,"Entire home/apt",6,1,2,"$142.00",1,365,12,0,0,NA,"f",NA
6532,"28/02/2021","within an hour","t",3,"t","Parramatta",-33.85139,150.98857,"Private room",1,1,1,"$74.00",90,1125,29,3,0,5,"t",0.09
14923,"23/11/2024","within an hour","t",10,"t","Sydney",-33.9041969,151.2090057,"Entire home/apt",5,2,3,"$363.00",4,365,29,0,0,NA,"t",NA
10632,"19/12/2014","within an hour","t",47,"t","Randwick",-33.917316,151.2535856,"Entire home/apt",12,4,5,"$3,125.00",4,365,0,3,0,5,"f",0.41
9347,"10/07/2013","within an hour","f",244,"t","Randwick",-33.92232011,151.2506508,"Entire home/apt",5,1,3,"$460.00",1,1125,21,6,0,5,"t",0.34
4467,"5/03/2020","within an hour","f",3,"t","Ryde",-33.78902,151.12712,"Entire home/apt",2,1,0,"$159.00",1,1125,28,1119,3,4.64,"t",17.47
2401,"4/05/2017","N/A","f",1,"t","Sutherland Shire",-34.04979,151.13691,"Entire home/apt",6,2.5,3,"$380.00",90,1125,26,2,0,4.5,"f",0.02
5802,"15/02/2015","within an hour","f",4,"t","Randwick",-33.94756,151.25477,"Entire home/apt",9,NA,4,"",2,365,0,37,0,4.76,"f",0.96
4504,"18/10/2017","within an hour","t",1,"t","Pittwater",-33.60203,151.32384,"Entire home/apt",10,4,5,"$885.00",2,1125,17,82,0,5,"f",1.37
10531,"27/03/2023","within an hour","f",6,"t","Lane Cove",-33.8310129,151.1842237,"Entire home/apt",12,3,6,"$346.00",2,365,6,62,1,4.69,"f",3.46
9059,"23/05/2012","within a few hours","t",117,"t","Randwick",-33.92233,151.23696,"Entire home/apt",2,1,1,"$268.00",90,365,0,0,0,NA,"f",NA
13194,"26/07/2024","within an hour","f",1,"t","Willoughby",-33.7963132,151.1798881,"Entire home/apt",3,1,0,"$113.00",1,365,0,3,1,5,"f",0.3
133,"10/05/2012","within an hour","t",1,"t","Warringah",-33.78446,151.2747,"Entire home/apt",5,1,2,"$198.00",5,90,14,134,1,4.92,"t",0.85
14594,"29/12/2018","within an hour","t",1,"t","Sydney",-33.86943449,151.2050174,"Entire home/apt",2,1,1,"$186.00",3,14,10,4,1,4.75,"t",0.98
376,"25/03/2015","a few days or more","f",3,"t","Randwick",-33.92127,151.25274,"Entire home/apt",2,1,1,"$399.00",7,28,0,1,0,5,"f",0.01
8682,"4/08/2016","within an hour","t",2,"t","Waverley",-33.90241516,151.2558687,"Entire home/apt",2,1,1,"$138.00",2,90,28,97,0,4.86,"t",3.96
8029,"15/07/2013","N/A","f",1,"t","Woollahra",-33.88882963,151.2435671,"Entire home/apt",7,3.5,4,"$1,800.00",90,90,22,0,0,NA,"f",NA
16598,"17/06/2018","within a day","f",1,"t","Willoughby",-33.79512,151.17961,"Private room",2,1,1,"$68.00",5,365,0,2,2,5,"f",2
4402,"22/03/2013","within a few hours","f",1,"t","Ryde",-33.81084,151.0755,"Entire home/apt",4,1,3,"$332.00",1,365,29,0,0,NA,"f",NA
16386,"2/09/2022","within an hour","f",14,"t","Hurstville",-33.96892854,151.1129817,"Entire home/apt",2,1,1,"$114.00",2,180,6,2,1,5,"f",0.95
12286,"11/03/2022","within an hour","t",1,"t","Pittwater",-33.6373495,151.3308407,"Entire home/apt",2,1,1,"$249.00",2,365,17,22,0,4.91,"f",2.1
17655,"12/04/2019","within an hour","f",63,"t","Holroyd",-33.8483814,150.9620768,"Private room",2,2.5,1,"$54.00",1,89,25,1,1,5,"f",1
17250,"29/04/2016","within an hour","f",4,"t","Hornsby",-33.71179964,151.0977676,"Private room",1,1,1,"$68.00",1,60,15,0,0,NA,"f",NA
12691,"10/07/2013","within an hour","f",244,"t","Waverley",-33.89830796,151.2679671,"Entire home/apt",4,NA,2,"",90,1125,0,0,0,NA,"t",NA
6277,"20/06/2022","N/A","f",1,"t","Willoughby",-33.7931324,151.2046208,"Private room",2,1,1,"$126.00",1,28,20,57,1,4.95,"f",1.72
15163,"9/07/2024","within an hour","t",13,"t","Botany Bay",-33.92293,151.18495,"Entire home/apt",6,1,2,"$142.00",1,365,16,35,2,4.91,"f",6.48
7611,"5/05/2016","within an hour","f",26,"t","Marrickville",-33.90498,151.18028,"Entire home/apt",2,1,0,"$138.00",2,365,26,15,1,4.27,"t",0.87
476,"7/05/2013","within a few hours","t",1,"t","Waverley",-33.88662,151.26954,"Entire home/apt",4,1,2,"$161.00",3,160,9,163,2,4.83,"f",1.13
3144,"11/03/2018","within an hour","t",9,"t","Botany Bay",-33.92838,151.18947,"Private room",2,1,1,"$129.00",1,730,27,196,1,4.81,"f",4.44
1793,"29/08/2017","within an hour","t",1,"t","Sydney",-33.8598,151.20389,"Entire home/apt",6,1.5,3,"$521.00",2,90,18,261,1,4.82,"t",2.76
9561,"14/10/2017","within an hour","f",6,"f","Sydney",-33.87646,151.22053,"Private room",2,1,1,"$140.00",1,365,29,23,3,4.26,"t",1.23
1498,"19/11/2012","N/A","f",1,"f","Leichhardt",-33.87277,151.15683,"Entire home/apt",5,2,3,"$280.00",14,89,0,11,0,4.91,"f",0.11
7683,"13/08/2014","within a day","f",1,"t","Warringah",-33.76933,151.28744,"Entire home/apt",4,1.5,2,"$307.00",90,1125,28,4,0,5,"f",0.15
12449,"9/09/2019","N/A","f",1,"t","Waverley",-33.89396,151.26161,"Entire home/apt",4,1.5,2,"$269.00",7,180,0,0,0,NA,"f",NA
1104,"26/10/2015","within a day","f",1,"t","Waverley",-33.89676,151.27301,"Entire home/apt",4,1,2,"$380.00",5,90,16,30,0,4.77,"f",0.26
12985,"15/10/2014","within an hour","t",2,"t","Ku-Ring-Gai",-33.7434024,151.1354654,"Entire home/apt",5,2,3,"$292.00",2,365,4,21,1,4.95,"f",2.44
15728,"29/08/2024","N/A","f",39,"t","Sydney",-33.8670441,151.2094286,"Entire home/apt",2,1,1,"$219.00",84,1125,0,0,0,NA,"t",NA
8635,"24/07/2015","within an hour","f",22,"t","Randwick",-33.92358591,151.2287119,"Private room",1,1,1,"$90.00",4,365,14,10,0,4.6,"f",0.41
13118,"5/12/2013","within an hour","t",64,"t","Canada Bay",-33.8440807,151.1453517,"Entire home/apt",8,3,4,"$2,099.00",21,365,0,12,0,5,"f",1.27
1589,"15/04/2014","within an hour","t",4,"t","Sydney",-33.87357289,151.2295706,"Entire home/apt",2,1,1,"$340.00",5,555,18,196,1,4.94,"f",1.87
10169,"15/10/2012","within an hour","",86,"t","Leichhardt",-33.8561793,151.1837064,"Entire home/apt",4,1,1,"$180.00",1,365,9,46,1,4.8,"t",2.43
11884,"4/04/2023","within an hour","f",23,"t","Parramatta",-33.8207,151.0038,"Entire home/apt",3,1,1,"$137.00",1,365,12,24,1,4.71,"f",1.88
5841,"25/08/2015","within an hour","f",15,"t","Leichhardt",-33.88802,151.1582,"Entire home/apt",2,1,1,"$135.00",1,365,29,10,0,4.3,"f",0.24
8882,"20/02/2018","within an hour","f",55,"t","Randwick",-33.91641,151.25109,"Entire home/apt",6,2.5,4,"$3,026.00",1,89,30,1,0,5,"f",0.17
8071,"4/12/2021","N/A","f",1,"t","Sydney",-33.87362,151.22917,"Entire home/apt",2,1,2,"$243.00",1,1125,0,7,0,4.71,"f",0.26
2065,"30/12/2017","within an hour","t",2,"t","Sydney",-33.87524,151.18077,"Entire home/apt",3,1,1,"$84.00",7,1125,6,168,0,4.81,"f",1.87
16810,"29/11/2023","within an hour","f",46,"t","Ku-Ring-Gai",-33.7659076,151.1616799,"Private room",2,1,1,"$53.00",2,365,25,1,0,3,"f",0.48
10736,"24/10/2011","within an hour","t",75,"t","Manly",-33.80882303,151.2567185,"Entire home/apt",8,NA,5,"",90,365,0,0,0,NA,"f",NA
4165,"12/12/2019","a few days or more","f",1,"t","Waverley",-33.894,151.24882,"Private room",2,1,1,"$90.00",90,1125,29,0,0,NA,"f",NA
8058,"28/06/2017","within a day","f",1,"t","Manly",-33.7930766,151.2698364,"Entire home/apt",6,1,3,"$280.00",90,365,0,1,0,5,"f",0.04
4261,"9/10/2019","within an hour","f",6,"t","Bankstown",-33.90025,151.04671,"Private room",3,1,1,"$221.00",1,1125,29,12,0,4.25,"t",0.22
14410,"14/10/2024","within an hour","t",1,"t","Manly",-33.790536,151.2827538,"Entire home/apt",9,3,4,"$827.00",2,365,0,11,0,5,"f",1.84
13562,"27/09/2010","within an hour","f",26,"t","Leichhardt",-33.85605491,151.1749695,"Entire home/apt",2,1,1,"$172.00",1,1125,21,14,0,4.64,"t",1.61
17994,"13/01/2025","N/A","f",57,"t","Sydney",-33.88503244,151.221255,"Entire home/apt",6,1.5,2,"$160.00",1,365,17,0,0,NA,"f",NA
7161,"26/01/2019","within an hour","f",1,"t","Hornsby",-33.43003,151.04046,"Entire home/apt",6,1,3,"$450.00",2,365,29,32,1,4.88,"f",1.05
9922,"22/04/2014","N/A","f",18,"t","North Sydney",-33.84692,151.20505,"Private room",2,NA,NA,"",90,365,0,2,0,4,"t",0.11
1244,"17/10/2014","within an hour","t",1,"t","Sydney",-33.88910072,151.1981268,"Entire home/apt",4,1.5,1,"$135.00",4,1125,9,129,1,4.89,"f",1.25
5031,"16/01/2021","within an hour","t",1,"t","Manly",-33.80677,151.25618,"Entire home/apt",3,1,0,"$185.00",2,1125,24,104,1,4.86,"f",1.94
5522,"11/12/2011","within an hour","f",7,"t","Sydney",-33.87392,151.2223,"Private room",2,1,1,"$146.00",1,90,29,47,0,3.96,"f",1.23
14103,"30/09/2024","within an hour","f",1,"t","Pittwater",-33.62716,151.33107,"Entire home/apt",4,1,2,"$315.00",2,14,10,3,2,5,"t",1.67
11037,"27/07/2018","within an hour","f",12,"t","Botany Bay",-33.93539196,151.1941332,"Private room",2,1,1,"$101.00",1,365,29,13,0,4.08,"f",0.8
11879,"4/02/2014","within an hour","f",1,"t","Warringah",-33.73097,151.28043,"Entire home/apt",6,3.5,4,"$724.00",90,365,28,1,0,5,"f",0.07
8939,"27/06/2017","within an hour","f",46,"t","Ryde",-33.79055,151.07748,"Entire home/apt",3,1,1,"$133.00",2,45,7,28,0,4.5,"t",1.18
9759,"21/12/2020","N/A","f",5,"t","Sydney",-33.8732503,151.223206,"Private room",2,NA,1,"",1,1125,24,17,0,3.76,"t",1
8241,"17/07/2019","within a day","f",2,"t","Sydney",-33.90598377,151.2027472,"Private room",1,1,1,"$128.00",90,365,18,4,0,5,"f",0.18
14506,"30/11/2023","within a few hours","f",49,"t","Sydney",-33.90521,151.20925,"Entire home/apt",4,NA,2,"",5,365,0,0,0,NA,"f",NA
5754,"26/01/2013","within a day","t",2,"t","Waverley",-33.8886,151.27541,"Entire home/apt",3,1,1,"$409.00",7,365,27,0,0,NA,"f",NA
2124,"12/10/2012","N/A","t",2,"t","Willoughby",-33.81853,151.20096,"Entire home/apt",3,NA,1,"",2,45,0,351,0,4.88,"f",3.63
9753,"14/10/2023","within a day","f",1,"t","Pittwater",-33.68961,151.30531,"Entire home/apt",10,3,6,"$1,547.00",2,21,23,4,0,4.75,"f",0.23
9546,"25/01/2012","within a few hours","f",1,"t","Waverley",-33.8946,151.253,"Entire home/apt",2,1,1,"$150.00",3,365,4,11,1,4.73,"f",0.55
3726,"8/05/2016","within an hour","t",1,"t","Blacktown",-33.79203,150.93417,"Entire home/apt",2,1,1,"$119.00",2,1125,14,200,0,4.85,"f",2.84
8376,"21/11/2012","within an hour","t",1,"t","Sydney",-33.87103314,151.2307916,"Entire home/apt",2,1,1,"$225.00",5,365,29,16,0,4.94,"t",0.65
9400,"23/12/2020","within an hour","f",44,"t","Hurstville",-33.96117,151.08967,"Private room",2,1.5,1,"$61.00",1,90,19,20,1,4.75,"f",0.96
6540,"22/09/2015","within a few hours","f",37,"t","Sydney",-33.89366,151.19932,"Entire home/apt",5,2,2,"$231.00",2,365,29,30,0,4.5,"f",0.9
16644,"9/11/2016","within an hour","f",6,"t","Auburn",-33.849624,151.0601599,"Entire home/apt",6,2,3,"$275.00",3,365,13,7,2,5,"t",2.28
6998,"28/11/2018","within a few hours","t",1,"t","Liverpool",-33.95094897,150.862506,"Entire home/apt",8,2.5,4,"$405.00",2,365,28,16,1,4.94,"f",0.51
16621,"23/07/2024","N/A","f",1,"t","Manly",-33.80149,151.25873,"Entire home/apt",10,5,5,"$2,400.00",7,28,0,0,0,NA,"f",NA
15357,"27/11/2012","within an hour","f",1,"t","Sutherland Shire",-34.06105,151.15392,"Entire home/apt",4,1,2,"$147.00",3,365,1,1,1,5,"f",1
5959,"13/08/2018","within an hour","f",57,"t","Sydney",-33.879025,151.205292,"Entire home/apt",5,2,1,"$171.00",1,365,6,164,1,4.59,"f",4.44
13888,"27/04/2014","N/A","f",1,"t","Waverley",-33.89220099,151.2684878,"Entire home/apt",5,1,3,"$855.00",5,14,22,0,0,NA,"f",NA
9436,"18/06/2016","within an hour","f",3,"t","Sydney",-33.9152756,151.2014094,"Entire home/apt",6,3,3,"$300.00",90,365,28,0,0,NA,"f",NA
4575,"22/09/2015","within a few hours","f",37,"t","Auburn",-33.82454,151.07637,"Entire home/apt",2,1,1,"$225.00",2,1125,29,13,0,4.69,"f",0.21
5386,"31/08/2016","within an hour","",45,"t","Auburn",-33.82471,151.07965,"Entire home/apt",4,2,2,"$403.00",2,1125,29,16,0,4.5,"f",0.37
14148,"26/10/2024","within a few hours","t",1,"t","Manly",-33.80011,151.27345,"Entire home/apt",6,2.5,3,"$456.00",2,1125,27,16,1,5,"f",2.91
11431,"15/03/2016","within a day","f",1,"t","Pittwater",-33.62593,151.31926,"Entire home/apt",4,0,2,"$431.00",3,21,23,4,0,5,"f",0.76
1517,"30/01/2016","within an hour","t",1,"t","Manly",-33.79698,151.28086,"Private room",2,1,1,"$157.00",1,31,28,43,1,4.95,"f",0.42
9628,"6/03/2015","within an hour","f",1,"t","Mosman",-33.83371,151.23275,"Entire home/apt",7,1.5,3,"$787.00",6,100,26,5,0,5,"f",0.28
13366,"29/05/2016","within an hour","f",3,"t","Sydney",-33.85911313,151.2029558,"Entire home/apt",6,1,2,"$280.00",1,365,15,32,3,4.41,"t",3.54
11200,"15/08/2016","N/A","f",1,"t","Pittwater",-33.64764583,151.3184814,"Entire home/apt",6,3,3,"$800.00",90,100,26,1,0,5,"f",0.07
2865,"23/06/2017","within an hour","",26,"t","Botany Bay",-33.92024,151.18624,"Entire home/apt",8,2,3,"$282.00",2,1125,18,12,0,4.75,"t",0.15
4579,"27/05/2014","within an hour","t",61,"t","Sydney",-33.88448,151.21915,"Entire home/apt",8,2.5,4,"$650.00",7,180,0,5,0,4.8,"f",0.12
11082,"22/02/2016","a few days or more","f",1,"t","Liverpool",-33.92771,150.91811,"Private room",2,NA,NA,"",1,1125,28,1,0,5,"f",0.06
4641,"12/09/2018","within an hour","f",14,"t","Manly",-33.78879,151.28453,"Entire home/apt",4,1,1,"$206.00",2,1125,23,32,0,3.88,"t",0.49
17046,"13/09/2023","within an hour","t",1,"t","Blacktown",-33.69986243,150.8810863,"Entire home/apt",8,2.5,4,"$248.00",2,365,17,1,1,5,"f",1
1036,"19/10/2015","within an hour","t",1,"t","Mosman",-33.82277765,151.2397309,"Private room",2,1,1,"$120.00",2,7,10,321,1,4.85,"f",2.74
15250,"8/12/2024","within an hour","f",12,"t","Sydney",-33.90143198,151.2118356,"Entire home/apt",5,NA,2,"",1,365,0,1,0,2,"t",0.21
3860,"26/08/2016","within an hour","t",24,"t","Sydney",-33.87907,151.20961,"Entire home/apt",3,1,1,"$364.00",1,1125,29,0,0,NA,"f",NA
17872,"4/10/2012","within an hour","t",45,"t","Ku-Ring-Gai",-33.7867741,151.1622619,"Entire home/apt",4,1,2,"$182.00",2,365,10,0,0,NA,"t",NA
15539,"21/02/2019","within an hour","f",105,"t","Hornsby",-33.6752252,151.1142311,"Entire home/apt",10,1.5,4,"$284.00",2,365,15,1,0,4,"f",0.22
4754,"26/01/2018","within an hour","f",13,"t","Willoughby",-33.79744,151.18072,"Entire home/apt",3,1,1,"$174.00",2,90,20,18,1,4.56,"f",0.5
13336,"27/10/2020","within a day","f",1,"t","North Sydney",-33.81744,151.21452,"Entire home/apt",6,3,3,"$621.00",2,20,28,10,1,5,"f",1.18
7028,"27/08/2014","within an hour","f",3,"t","Pittwater",-33.63849,151.29407,"Private room",2,1,1,"$256.00",2,365,23,1,0,4,"t",0.03
15779,"28/05/2018","within an hour","f",12,"t","Sydney",-33.8792112,151.2095423,"Private room",2,1,1,"$172.00",1,90,27,5,3,4.8,"t",1.16
2255,"23/02/2017","within an hour","t",3,"t","Hornsby",-33.7215,151.10672,"Private room",1,1,1,"$80.00",1,730,29,89,0,4.88,"f",1
7720,"14/12/2016","within a day","f",1,"t","Pittwater",-33.71176,151.29448,"Private room",2,1,1,"$133.00",2,1125,24,93,3,4.89,"f",3.25
7183,"24/12/2019","N/A","f",1,"f","Marrickville",-33.90178,151.14985,"Entire home/apt",4,1,2,"$181.00",2,5,21,12,0,4.5,"f",0.41
15295,"16/12/2024","within an hour","f",27,"t","Willoughby",-33.79613655,151.1869474,"Entire home/apt",3,1,1,"$156.00",1,365,13,4,3,5,"f",1.25
11601,"1/01/2020","N/A","f",1,"t","Blacktown",-33.7014727,150.8171238,"Private room",4,2,2,"$414.00",1,365,28,0,0,NA,"f",NA
7600,"21/06/2018","within an hour","f",2,"t","Sydney",-33.85843957,151.2025108,"Entire home/apt",6,2,3,"$313.00",1,365,5,89,1,4.8,"f",2.96
14488,"5/09/2016","within an hour","f",2,"t","Randwick",-33.91207737,151.2629875,"Entire home/apt",7,3,4,"$1,100.00",5,10,0,0,0,NA,"f",NA
12798,"11/01/2020","within an hour","t",45,"t","Ku-Ring-Gai",-33.7862617,151.1803823,"Entire home/apt",4,2,3,"$259.00",4,365,12,8,1,4.75,"f",0.71
2970,"22/09/2014","N/A","f",1,"t","Pittwater",-33.62495,151.33267,"Entire home/apt",8,2.5,4,"$1,010.00",21,21,22,2,0,5,"f",0.02
10726,"30/09/2011","within a day","t",1,"t","Pittwater",-33.6167929,151.3331191,"Entire home/apt",2,NA,2,"",2,365,0,18,0,5,"f",1.07
8970,"10/08/2013","within a day","f",1,"t","Waverley",-33.88342,151.27675,"Entire home/apt",2,1,2,"$192.00",90,365,0,3,0,5,"f",0.14
12275,"9/09/2017","within an hour","t",17,"t","Sydney",-33.8853823,151.2116204,"Entire home/apt",1,1,0,"$134.00",1,365,1,85,4,4.81,"f",6.93
14453,"7/03/2013","within a few hours","f",4,"t","Sydney",-33.8765,151.19612,"Entire home/apt",4,1,2,"$108.00",1,365,0,30,0,4.7,"f",4.41
18006,"29/03/2024","within an hour","t",22,"t","Manly",-33.7906186,151.283661,"Private room",2,1,1,"$135.00",1,365,29,0,0,NA,"t",NA
13322,"16/07/2024","within a few hours","f",49,"t","Marrickville",-33.90319,151.16285,"Entire home/apt",4,2,2,"$221.00",2,365,15,1,0,5,"f",0.28
15095,"8/09/2017","within an hour","",2,"t","Sydney",-33.8717834,151.2249295,"Entire home/apt",2,1,1,"$121.00",2,365,6,16,2,4.75,"t",2.5
15491,"6/05/2024","within an hour","f",14,"t","Auburn",-33.8483247,151.0607161,"Entire home/apt",6,2,3,"$499.00",1,365,24,0,0,NA,"t",NA
17803,"13/01/2015","within a few hours","f",1,"t","Sydney",-33.8815086,151.2089968,"Entire home/apt",4,1,1,"$225.00",1,365,0,1,1,5,"f",1
11630,"31/05/2017","within an hour","t",2,"t","Sutherland Shire",-34.05231,151.13702,"Private room",2,2,1,"$246.00",1,365,28,0,0,NA,"f",NA
2663,"4/06/2018","within an hour","t",5,"t","Waverley",-33.89262,151.25913,"Hotel room",2,1,1,"$139.00",1,365,28,216,2,4.82,"t",2.62
11911,"13/06/2018","within an hour","t",1,"t","Parramatta",-33.80439,150.99127,"Entire home/apt",2,1,1,"$105.00",2,365,0,9,1,5,"f",0.64
4303,"26/11/2018","within an hour","t",2,"t","Rockdale",-33.96304,151.14061,"Private room",2,NA,NA,"",3,60,26,148,1,4.76,"t",2.39
6001,"13/08/2012","within an hour","t",5,"t","Waverley",-33.88986,151.2753,"Entire home/apt",4,1,0,"$203.00",1,365,28,252,5,4.85,"f",6.87
17544,"16/05/2025","N/A","f",1,"t","North Sydney",-33.8443486,151.2159337,"Entire home/apt",4,2,2,"$6,560.00",1,1,27,0,0,NA,"f",NA
2520,"1/08/2014","within a day","f",1,"t","Sydney",-33.87437,151.22787,"Entire home/apt",4,1,2,"$280.00",1,365,25,24,0,4.88,"f",0.85
14828,"9/11/2020","within an hour","f",1,"t","City Of Kogarah",-33.99318,151.07692,"Entire home/apt",10,3,5,"$418.00",3,365,21,4,0,5,"f",0.72
15297,"14/08/2024","within an hour","f",23,"t","Strathfield",-33.87271079,151.0920365,"Entire home/apt",10,2.5,3,"$674.00",2,365,11,0,0,NA,"t",NA
13994,"29/09/2015","within an hour","f",3,"t","Waverley",-33.859762,151.279949,"Private room",1,1.5,1,"$89.00",4,365,0,2,0,5,"f",0.36
4263,"17/01/2015","within a few hours","",2,"t","Sydney",-33.86814,151.22386,"Entire home/apt",2,1,1,"$258.00",2,28,8,161,0,4.86,"f",2.49
15253,"29/11/2020","within an hour","f",10,"t","Sydney",-33.89553,151.20418,"Entire home/apt",4,2,2,"$201.00",2,365,20,0,0,NA,"f",NA
11642,"16/03/2018","within an hour","f",8,"t","Waverley",-33.8890765,151.2753304,"Entire home/apt",2,1,1,"$102.00",1,365,19,43,4,4.58,"f",3.07
10653,"20/04/2022","within an hour","t",22,"t","Canada Bay",-33.8273179,151.0860068,"Entire home/apt",6,2,2,"$221.00",2,365,23,14,0,4.64,"f",0.86
12588,"29/08/2024","N/A","f",39,"t","Manly",-33.79757563,151.2835125,"Entire home/apt",2,1,1,"$312.00",5,1125,17,12,0,4.67,"t",1.21
13000,"29/08/2024","N/A","f",39,"t","Randwick",-33.91938,151.2547,"Entire home/apt",4,1,2,"$302.00",5,1125,23,9,0,4.44,"t",1.03
6427,"22/11/2017","within an hour","",14,"t","Waverley",-33.8868131,151.2740609,"Entire home/apt",2,1,1,"$272.00",2,365,0,53,0,4.85,"f",1.47
14973,"9/10/2019","within a day","f",17,"t","Ryde",-33.78272,151.12538,"Entire home/apt",4,2,2,"$224.00",1,365,29,0,0,NA,"f",NA
4764,"9/11/2020","within an hour","f",8,"t","Waverley",-33.88865,151.27029,"Private room",2,1,1,"$251.00",1,365,29,18,0,4.56,"t",0.46
5750,"2/09/2011","N/A","f",1,"t","Sydney",-33.87079,151.22722,"Entire home/apt",2,1,0,"$160.00",90,90,29,0,0,NA,"t",NA
1481,"13/10/2016","within an hour","",4,"t","Sydney",-33.877213,151.224915,"Entire home/apt",2,1,1,"$136.00",5,60,16,160,2,4.89,"f",1.52
18184,"23/05/2023","a few days or more","f",7,"t","Sydney",-33.8852,151.19963,"Entire home/apt",1,1,1,"$134.00",7,365,0,0,0,NA,"f",NA
2053,"19/08/2017","N/A","f",1,"t","Burwood",-33.8764,151.10579,"Private room",2,1,1,"$229.00",90,1125,28,3,0,5,"f",0.03
17662,"14/03/2018","within an hour","f",44,"t","Fairfield",-33.8910799,150.9346319,"Entire home/apt",7,1.5,3,"$213.00",2,365,21,1,1,4,"f",1
17714,"24/04/2023","within an hour","f",3,"t","Auburn",-33.83020323,151.0766899,"Entire home/apt",6,2,3,"$196.00",1,365,13,1,1,5,"t",1
13823,"15/05/2017","within an hour","t",3,"t","Holroyd",-33.78876,150.94953,"Private room",2,1,1,"$67.00",2,150,18,16,0,4.38,"f",2.5
3733,"1/01/2015","within an hour","t",2,"t","Warringah",-33.75924,151.26992,"Private room",2,1,1,"$77.00",4,30,0,91,1,4.86,"t",1.25
5942,"11/04/2022","within an hour","t",6,"t","Waverley",-33.89807,151.26961,"Private room",1,1,1,"$100.00",2,28,3,85,2,4.94,"f",2.59
16124,"7/04/2023","within an hour","f",67,"t","Parramatta",-33.78889144,151.0368575,"Private room",2,2,1,"$52.00",1,365,0,0,0,NA,"t",NA
2034,"14/10/2017","N/A","f",1,"t","Randwick",-33.90404,151.24735,"Entire home/apt",8,NA,4,"",4,21,0,2,0,5,"f",0.02
16940,"15/10/2012","within an hour","t",27,"t","Sydney",-33.8891882,151.2068477,"Entire home/apt",6,1.5,2,"$145.00",1,365,12,0,0,NA,"t",NA
11308,"1/07/2018","within an hour","t",1,"t","Ryde",-33.79324729,151.1346778,"Entire home/apt",4,1,1,"$193.00",2,42,6,34,1,4.91,"f",2.32
13957,"4/11/2023","within an hour","f",1,"t","Waverley",-33.89247168,151.2445067,"Entire home/apt",4,2,2,"$289.00",3,365,4,18,3,4.94,"t",3.12
16858,"7/04/2023","within an hour","f",67,"t","Canterbury",-33.92587,151.13357,"Private room",2,2,1,"$51.00",1,365,0,0,0,NA,"t",NA
3422,"12/06/2013","within an hour","f",26,"t","Sydney",-33.88146,151.2118,"Private room",6,NA,NA,"",2,119,0,137,0,4.75,"t",1.87
12658,"6/11/2016","within an hour","f",35,"t","Holroyd",-33.81437,150.97661,"Entire home/apt",4,1,2,"$124.00",2,365,9,22,2,4.41,"f",1.98
8457,"7/07/2012","within an hour","t",6,"t","Sydney",-33.88196341,151.2118117,"Private room",4,1,1,"$130.00",2,365,4,49,1,4.86,"f",2.04
15260,"10/07/2013","within an hour","f",244,"t","Randwick",-33.97481,151.25346,"Entire home/apt",6,2.5,3,"$604.00",1,1125,0,6,1,5,"t",1.29
5258,"8/03/2021","within an hour","f",3,"t","Sydney",-33.885967,151.207153,"Private room",2,1,0,"$143.00",1,1125,18,3,0,4,"t",0.06
14142,"28/05/2017","within an hour","f",50,"t","Strathfield",-33.86223,151.08137,"Entire home/apt",7,2,3,"$196.00",3,365,20,16,0,4.25,"t",2.33
4056,"16/02/2018","within an hour","",2,"t","Parramatta",-33.83149,151.01832,"Entire home/apt",9,1,3,"$204.00",1,365,27,62,0,4.26,"f",0.95
5042,"23/04/2021","within an hour","f",7,"t","Hurstville",-33.95069,151.08798,"Entire home/apt",10,3,4,"$449.00",2,90,18,60,0,4.72,"f",1.47
13239,"6/01/2015","within an hour","f",27,"t","Sydney",-33.8842162,151.1924187,"Entire home/apt",4,1,2,"$167.00",2,15,6,27,1,4.56,"f",2.79
14119,"25/04/2024","within a few hours","t",4,"t","Sutherland Shire",-34.03901,151.1407,"Entire home/apt",4,NA,1,"",100,365,23,0,0,NA,"t",NA
10077,"3/01/2021","within an hour","t",1,"t","Warringah",-33.74460335,151.2927966,"Entire home/apt",3,1,1,"$148.00",5,365,29,25,0,4.88,"f",1.34
11066,"29/11/2016","within an hour","f",2,"t","Sydney",-33.87091,151.20331,"Entire home/apt",8,1,2,"$1,798.00",1,365,22,0,0,NA,"f",NA
1927,"5/09/2017","within an hour","f",1,"t","Sydney",-33.88242,151.19711,"Entire home/apt",7,1,2,"$172.00",4,1125,3,267,2,4.54,"f",2.93
17765,"1/01/2021","within an hour","f",2,"t","Manly",-33.796396,151.286375,"Entire home/apt",3,1,1,"$261.00",2,365,22,0,0,NA,"f",NA
1563,"4/11/2013","N/A","f",1,"t","Lane Cove",-33.81317,151.16865,"Entire home/apt",3,1,1,"$130.00",90,1125,28,0,0,NA,"f",NA
15123,"14/04/2017","within an hour","f",12,"f","Sydney",-33.87802,151.20321,"Entire home/apt",3,1,1,"$116.00",1,365,0,12,0,4.5,"t",2.11
16777,"25/08/2019","within an hour","f",169,"t","Sydney",-33.8839964,151.2083809,"Private room",4,2,1,"$123.00",2,365,14,4,1,5,"f",2.18
17950,"20/06/2022","within a few hours","f",32,"t","Sydney",-33.88291,151.19514,"Entire home/apt",2,1,1,"$166.00",7,365,0,0,0,NA,"f",NA
2077,"13/11/2014","within a day","t",82,"t","Pittwater",-33.60073754,151.3184469,"Entire home/apt",7,NA,4,"",1,1125,22,0,0,NA,"f",NA
17308,"15/12/2015","within a few hours","t",2,"f","Rockdale",-33.933643,151.15326,"Entire home/apt",3,1,2,"$194.00",2,60,6,0,0,NA,"t",NA
3830,"4/09/2019","N/A","f",1,"t","Canada Bay",-33.82994,151.08458,"Private room",2,1.5,1,"$81.00",90,1125,29,0,0,NA,"t",NA
16972,"5/12/2023","within an hour","f",1,"t","Blacktown",-33.72039891,150.8523095,"Entire home/apt",10,2.5,4,"$190.00",2,60,12,5,2,5,"t",3
5721,"7/11/2019","within an hour","f",25,"t","Fairfield",-33.89665,150.93704,"Entire home/apt",6,NA,2,"",3,28,0,16,0,4.44,"f",0.39
10860,"6/11/2016","within an hour","f",35,"t","Ryde",-33.80806948,151.1067554,"Entire home/apt",4,2,2,"$195.00",3,365,9,22,0,4.86,"f",1.33
5308,"24/02/2018","N/A","f",1,"t","Rockdale",-33.96022,151.15547,"Entire home/apt",4,1,2,"$209.00",90,365,29,0,0,NA,"f",NA
5229,"20/10/2016","within a day","f",28,"t","Pittwater",-33.59509,151.31865,"Entire home/apt",2,1,1,"$528.00",1,1125,28,38,1,4.92,"f",0.77
1390,"29/08/2024","N/A","f",39,"t","Sydney",-33.8686,151.20377,"Entire home/apt",2,1,1,"$227.00",5,1125,11,45,1,4.29,"t",0.41
73,"12/11/2014","N/A","f",1,"t","Pittwater",-33.64234347,151.3222013,"Entire home/apt",4,2,2,"$857.00",4,180,0,64,0,4.81,"f",0.5
6681,"24/10/2016","within an hour","f",72,"t","Waverley",-33.8870615,151.2709296,"Entire home/apt",4,1,2,"$200.00",2,180,16,84,2,4.69,"t",2.58
7987,"9/09/2015","within a day","f",27,"t","Waverley",-33.887866,151.2682837,"Entire home/apt",4,3,2,"$770.00",90,365,28,1,0,5,"f",0.04
16543,"25/09/2014","within an hour","f",38,"t","Marrickville",-33.89771639,151.1550456,"Entire home/apt",3,1,0,"$199.00",2,365,29,1,0,5,"f",0.29
4988,"21/04/2021","within an hour","t",1,"t","Sutherland Shire",-34.05281,151.00845,"Entire home/apt",3,1,1,"$125.00",2,30,0,74,2,4.86,"t",1.47
16531,"24/07/2019","N/A","f",912,"t","Sydney",-33.889497,151.2024028,"Entire home/apt",4,2,2,"$328.00",3,365,2,3,0,4.67,"t",0.95
12597,"24/07/2015","within an hour","f",22,"t","Randwick",-33.9167013,151.2242742,"Private room",1,2,1,"$80.00",2,365,8,11,0,4.91,"f",0.95
1123,"19/10/2015","within an hour","t",11,"t","Warringah",-33.71373,151.29832,"Entire home/apt",6,1,2,"$347.00",3,1080,25,107,0,4.84,"t",1.01
9061,"25/05/2020","N/A","f",15,"t","Warringah",-33.7581138,151.2994126,"Entire home/apt",2,1,0,"$118.00",2,90,0,41,0,4.59,"t",1.71
5030,"5/12/2014","N/A","f",1,"t","Pittwater",-33.59249,151.32022,"Entire home/apt",5,NA,3,"",3,1125,0,31,0,5,"t",0.58
15657,"3/01/2025","within a few hours","f",1,"t","Manly",-33.8006,151.28833,"Entire home/apt",5,1,3,"$361.00",90,1125,24,6,1,4.33,"f",1.53
15409,"14/08/2024","within an hour","f",23,"t","Parramatta",-33.78237,151.07091,"Entire home/apt",5,2,2,"$226.00",90,365,29,0,0,NA,"t",NA
4465,"28/05/2018","N/A","f",1,"t","Campbelltown",-33.97343,150.86795,"Private room",4,NA,NA,"",90,1125,28,0,0,NA,"f",NA
2996,"11/02/2019","N/A","f",1,"f","Randwick",-33.96123,151.23014,"Private room",2,1,1,"$120.00",90,1125,29,1,0,5,"f",0.01
15420,"23/04/2016","within an hour","f",1,"f","Waverley",-33.88492707,151.2719744,"Entire home/apt",3,NA,1,"",5,365,0,1,0,5,"f",0.18
14220,"17/11/2023","within a few hours","f",40,"t","Sydney",-33.8844892,151.179847,"Entire home/apt",4,NA,2,"",6,365,0,1,0,4,"f",0.18
15783,"4/12/2024","within a few hours","f",53,"t","Botany Bay",-33.92195121,151.1891585,"Entire home/apt",2,1,1,"$226.00",7,365,0,0,0,NA,"f",NA
11363,"21/10/2023","within an hour","f",42,"t","Sydney",-33.87414593,151.2140577,"Entire home/apt",8,NA,3,"",90,365,0,15,0,4.27,"t",0.95
5362,"6/01/2020","within an hour","f",2,"t","Liverpool",-33.92991,150.91966,"Entire home/apt",12,2.5,3,"$132.00",1,365,12,83,0,4.52,"f",1.97
11628,"3/07/2015","within an hour","f",3,"t","Hurstville",-33.98288794,151.0417095,"Private room",2,1,1,"$77.00",2,365,13,9,0,4.67,"f",0.91
3926,"5/12/2016","within an hour","t",2,"t","Sutherland Shire",-34.04985,151.13636,"Entire home/apt",4,1,2,"$176.00",1,14,19,248,3,4.85,"f",3.51
8995,"8/07/2016","within an hour","f",7,"t","Sydney",-33.875804,151.2257675,"Private room",4,4,1,"$343.00",1,365,18,22,0,4.73,"t",1.07
1420,"6/10/2016","within an hour","t",2,"t","Ku-Ring-Gai",-33.76125,151.12891,"Private room",2,1,1,"$75.00",1,28,6,189,1,4.8,"t",1.79
347,"21/01/2011","within a few hours","t",1,"t","Ashfield",-33.89879,151.13393,"Entire home/apt",2,1,1,"$95.00",2,42,1,254,0,4.87,"f",1.91
4277,"8/04/2013","within a few hours","t",1,"t","Sydney",-33.87955,151.18073,"Entire home/apt",2,1,1,"$290.00",28,1125,0,23,1,4.91,"f",0.38
12243,"8/03/2021","within a few hours","t",1,"t","Pittwater",-33.65976441,151.2910218,"Entire home/apt",2,1,1,"$158.00",2,365,13,19,0,4.89,"f",2.58
11323,"8/07/2017","within an hour","",83,"t","Burwood",-33.8753159,151.1011145,"Entire home/apt",10,2,4,"$343.00",5,365,7,29,1,4.86,"t",1.83
9929,"23/02/2016","within an hour","f",1,"t","Warringah",-33.73173713,151.2923171,"Entire home/apt",6,1,2,"$450.00",1,365,0,12,0,4.67,"t",0.66
16669,"8/03/2017","within a day","f",18,"t","Botany Bay",-33.92115,151.18713,"Entire home/apt",4,2,2,"$221.00",1,365,6,2,1,2,"f",0.7
3393,"24/07/2019","N/A","f",912,"t","Waverley",-33.90273,151.26099,"Entire home/apt",4,1,2,"$238.00",3,365,24,84,0,4.42,"t",1.09
3997,"1/11/2019","a few days or more","f",3,"t","Sydney",-33.87946,151.20388,"Entire home/apt",4,NA,2,"",90,1125,25,17,0,4.41,"f",0.26
2774,"2/07/2016","within an hour","t",1,"t","Manly",-33.79805,151.27953,"Entire home/apt",5,1,3,"$438.00",1,1125,25,294,3,4.91,"t",3.57
1340,"25/07/2014","N/A","f",2,"t","Sydney",-33.86925,151.22509,"Entire home/apt",4,2,2,"$430.00",93,186,22,1,0,5,"f",0.01
15564,"19/04/2018","within an hour","f",59,"t","Sydney",-33.91238,151.20604,"Entire home/apt",4,2,2,"$185.00",2,365,25,5,0,4.8,"t",1.17
8954,"19/09/2020","N/A","f",1,"t","Warringah",-33.7687074,151.2896067,"Entire home/apt",10,3,4,"$629.00",5,40,27,13,0,5,"f",0.66
3279,"6/06/2017","within an hour","f",9,"t","Randwick",-33.92418,151.25726,"Entire home/apt",2,1,1,"$219.00",1,1125,10,27,0,4.19,"t",0.39
15238,"15/12/2024","within an hour","f",1,"t","Auburn",-33.84961,151.06133,"Entire home/apt",4,2,2,"$315.00",1,365,18,11,0,4.36,"t",2.31
8870,"17/06/2013","within a few hours","t",1,"t","Waverley",-33.8971194,151.2733894,"Entire home/apt",2,NA,1,"",4,180,0,14,0,4.79,"f",0.99
656,"30/06/2015","within an hour","f",4,"t","Pittwater",-33.69891,151.28872,"Entire home/apt",6,1,3,"$606.00",5,60,29,7,0,4.86,"f",0.06
14157,"11/10/2024","within an hour","f",2,"t","Willoughby",-33.80283,151.18713,"Private room",1,1,1,"$125.00",1,365,16,6,0,4.67,"f",0.73
17952,"29/01/2016","N/A","f",15,"t","Sydney",-33.87992,151.19613,"Entire home/apt",2,1,1,"$142.00",5,365,9,0,0,NA,"f",NA
16355,"6/06/2016","within an hour","f",37,"t","Sydney",-33.89346,151.21532,"Entire home/apt",5,1,2,"$85.00",1,1125,10,0,0,NA,"t",NA
5476,"19/03/2014","within a few hours","f",2,"t","Sydney",-33.887634,151.225662,"Entire home/apt",2,NA,1,"",7,365,13,28,0,4.46,"f",0.68
12126,"9/12/2012","within a few hours","f",1,"t","Marrickville",-33.9023488,151.1787964,"Entire home/apt",4,1,1,"$222.00",90,365,11,13,1,4.69,"f",1.29
5338,"27/10/2017","within a day","f",289,"t","Botany Bay",-33.9316,151.1881,"Entire home/apt",2,1,1,"$480.00",90,1125,27,0,0,NA,"f",NA
3079,"7/09/2013","N/A","f",1,"t","Randwick",-33.91733,151.22214,"Entire home/apt",2,NA,1,"",90,1125,0,29,0,4.52,"f",0.37
1694,"11/11/2016","within an hour","t",1,"t","Parramatta",-33.77934,151.07869,"Entire home/apt",4,1,2,"$89.00",5,40,5,140,1,4.79,"f",1.4
7699,"8/10/2017","N/A","f",1,"t","Warringah",-33.77189,151.28515,"Entire home/apt",6,2,3,"$850.00",14,28,0,2,0,5,"f",0.08
9582,"27/06/2017","within an hour","f",46,"t","Blacktown",-33.7070091,150.8818032,"Entire home/apt",2,1,1,"$100.00",2,45,2,8,0,4.25,"t",0.4
1209,"18/06/2015","within an hour","t",2,"t","Pittwater",-33.68132,151.29912,"Entire home/apt",2,NA,1,"",1,730,0,202,0,4.72,"f",1.99
3556,"12/10/2015","within an hour","f",1,"t","Pittwater",-33.69002,151.28566,"Private room",2,1.5,1,"$54.00",2,14,4,53,0,4.92,"t",0.73
11732,"17/01/2016","within an hour","t",4,"t","Ryde",-33.78452,151.09202,"Private room",2,1,1,"$122.00",1,365,5,3,0,5,"f",0.23
7905,"10/01/2018","within an hour","f",16,"t","Sutherland Shire",-34.07884,151.13293,"Entire home/apt",8,5,4,"$1,188.00",90,365,0,1,0,5,"f",0.06
15366,"26/06/2017","within an hour","t",2,"t","Sydney",-33.87925,151.21362,"Private room",2,1,1,"$106.00",2,365,16,13,2,5,"f",2.62
1862,"26/07/2015","N/A","f",4,"t","Parramatta",-33.81424,150.99909,"Private room",2,1,0,"$111.00",90,90,28,0,0,NA,"f",NA
8884,"13/11/2014","within a day","t",82,"t","Pittwater",-33.60427,151.32801,"Entire home/apt",8,NA,4,"",1,1125,28,0,0,NA,"f",NA
352,"18/04/2012","within a day","f",1,"t","Hornsby",-33.6012,151.12221,"Entire home/apt",4,1,2,"$315.00",2,1125,26,21,0,4.62,"f",0.38
4113,"6/08/2019","N/A","f",33,"t","Rockdale",-33.948303,151.139572,"Entire home/apt",4,2,2,"$166.00",2,90,0,66,0,4.76,"f",1.45
13437,"5/01/2023","within an hour","f",50,"t","Canterbury",-33.9464802,151.0684473,"Private room",2,1,1,"$55.00",1,89,18,8,1,4,"f",0.92
1787,"22/11/2017","within an hour","t",1,"t","Manly",-33.7975,151.28771,"Entire home/apt",2,1,1,"$227.00",5,720,12,132,2,4.88,"t",1.45
555,"21/06/2014","within an hour","t",2,"t","Randwick",-33.90438148,151.2408656,"Entire home/apt",6,NA,4,"",4,1125,0,9,0,4.67,"f",0.08
11919,"13/08/2018","within an hour","f",57,"t","Sydney",-33.87786,151.20592,"Entire home/apt",4,1,0,"$147.00",1,365,7,35,1,4.74,"f",2.52
14359,"5/12/2023","a few days or more","f",1,"t","Hurstville",-33.9578206,151.0872001,"Private room",2,2,2,"$72.00",1,365,2,0,0,NA,"f",NA
777,"17/09/2011","within an hour","f",2,"t","Leichhardt",-33.85848,151.18581,"Entire home/apt",6,2,3,"$736.00",4,30,22,28,0,4.93,"f",0.31
5818,"26/08/2016","within an hour","f",78,"t","Ashfield",-33.89107,151.13276,"Entire home/apt",3,1,0,"$143.00",90,365,16,69,4,4.78,"t",1.76
11524,"27/05/2014","within an hour","t",61,"t","Leichhardt",-33.86013575,151.1774984,"Entire home/apt",6,2,3,"$440.00",60,365,15,0,0,NA,"f",NA
6541,"24/07/2012","within a few hours","t",126,"t","Pittwater",-33.59494,151.31886,"Entire home/apt",8,3.5,4,"$1,922.00",1,1125,11,1,0,5,"f",0.16
12853,"4/06/2014","within a day","f",0,"t","Manly",-33.8026,151.29092,"Entire home/apt",10,4,4,"$2,327.00",90,365,0,0,0,NA,"f",NA
12177,"14/07/2015","within an hour","f",32,"t","Leichhardt",-33.85399,151.17233,"Entire home/apt",4,2,2,"$437.00",1,365,12,5,0,5,"f",0.44
9733,"24/07/2019","N/A","f",912,"t","Sydney",-33.87537,151.19675,"Entire home/apt",4,2,2,"$230.00",3,365,0,33,1,4.61,"t",1.66
1365,"1/06/2016","a few days or more","f",1,"t","Sydney",-33.92036,151.18956,"Private room",1,1,1,"$53.00",90,1125,28,5,0,4,"f",0.05
8573,"13/06/2022","within an hour","t",7,"t","Sutherland Shire",-34.0589131,151.1569258,"Entire home/apt",4,1,2,"$199.00",90,365,28,0,0,NA,"f",NA
7862,"24/12/2016","within an hour","",14,"t","Waverley",-33.89269935,151.2727963,"Entire home/apt",6,1,2,"$528.00",2,30,26,29,0,4.79,"f",1.08
5173,"31/08/2016","within an hour","",45,"t","Auburn",-33.82615,151.07851,"Entire home/apt",2,1,1,"$200.00",2,1125,29,35,0,4.54,"f",0.67
6601,"18/11/2013","within an hour","t",1,"t","Parramatta",-33.81828,150.99846,"Private room",2,1,1,"$114.00",1,14,28,29,0,4.79,"f",0.87
12065,"29/04/2024","within a few hours","f",9,"t","City Of Kogarah",-33.97692,151.1123,"Private room",3,NA,NA,"",2,90,0,5,0,4,"f",0.4
17702,"8/10/2020","within an hour","f",29,"t","North Sydney",-33.8409717,151.2120184,"Entire home/apt",2,1,1,"$165.00",2,365,29,0,0,NA,"f",NA
17201,"14/03/2018","within an hour","f",44,"t","Leichhardt",-33.85204603,151.1806605,"Entire home/apt",2,1,0,"$150.00",2,90,27,3,1,4.67,"f",2.25
6533,"10/12/2015","within an hour","f",32,"t","Canada Bay",-33.82871,151.08464,"Entire home/apt",4,2,2,"$391.00",3,1125,29,5,0,4.8,"f",0.14
7004,"7/07/2020","within an hour","t",1,"t","Sydney",-33.90042079,151.2019382,"Entire home/apt",4,1,2,"$225.00",4,365,13,112,1,4.87,"f",3.75
1522,"16/04/2015","N/A","t",1,"t","North Sydney",-33.83182,151.19429,"Entire home/apt",4,NA,2,"",90,90,0,70,0,4.96,"t",2.78
5749,"31/05/2021","within a few hours","f",6,"t","Pittwater",-33.60407,151.32314,"Entire home/apt",6,3,4,"$788.00",2,5,16,0,0,NA,"f",NA
10934,"6/11/2016","within an hour","f",35,"t","Liverpool",-33.94043712,150.794792,"Entire home/apt",10,3,4,"$180.00",3,365,15,17,0,4.59,"f",1.03
10532,"20/10/2016","within a day","f",28,"t","Pittwater",-33.62448,151.32731,"Entire home/apt",7,3,4,"$1,763.00",1,1125,0,0,0,NA,"f",NA
10786,"30/12/2023","within an hour","t",1,"t","Blacktown",-33.70818,150.88069,"Entire home/apt",6,2,2,"$141.00",1,365,9,60,1,4.78,"f",3.5
11197,"25/05/2020","N/A","f",15,"t","Manly",-33.79978,151.28546,"Entire home/apt",2,1,0,"$214.00",2,90,29,12,1,4.67,"t",0.81
12692,"4/07/2023","within a few hours","t",5,"t","Marrickville",-33.91252721,151.1558051,"Private room",2,1.5,1,"$64.00",1,365,17,16,2,4.69,"f",1.7
11295,"18/08/2013","within an hour","t",2,"t","Sydney",-33.873394,151.2222412,"Entire home/apt",3,1,1,"$190.00",2,365,21,61,4,4.7,"f",3.93
16881,"18/09/2019","within an hour","f",11,"t","Randwick",-33.902973,151.2444212,"Entire home/apt",10,3,5,"$650.00",2,90,17,3,2,5,"t",1.55
10467,"22/12/2016","within an hour","f",120,"t","Parramatta",-33.81929,151.00835,"Entire home/apt",2,1,1,"$163.00",3,365,27,80,0,4.91,"f",6.05
9367,"22/12/2016","within an hour","f",120,"t","Woollahra",-33.87657,151.24221,"Entire home/apt",2,1,1,"$240.00",3,365,6,9,2,4.89,"f",0.56
1539,"31/07/2014","within a day","f",3,"t","North Sydney",-33.83034,151.20126,"Entire home/apt",5,1,2,"$246.00",3,1124,0,46,0,4.78,"f",0.44
14202,"30/07/2014","N/A","f",1,"t","Sydney",-33.88221998,151.2159018,"Entire home/apt",4,NA,2,"",3,10,0,0,0,NA,"f",NA
7923,"13/07/2018","within an hour","f",31,"t","Canada Bay",-33.84260091,151.0852836,"Private room",1,1,1,"$83.00",1,365,29,5,0,4,"f",0.19
13895,"21/10/2022","within an hour","f",60,"t","Fairfield",-33.8757645,150.9747488,"Entire home/apt",7,1,4,"$213.00",2,365,1,14,0,4.5,"f",1.65
3402,"3/02/2019","within an hour","f",5,"t","Sydney",-33.86915,151.22472,"Hotel room",2,1,0,"$196.00",1,365,26,767,1,4.52,"t",9.95
14042,"15/10/2012","within an hour","t",27,"t","Sydney",-33.8758695,151.2047385,"Entire home/apt",6,2,2,"$284.00",1,365,3,26,3,4.96,"f",4.41
16958,"5/01/2023","within an hour","f",50,"t","Blacktown",-33.7400034,150.8982166,"Private room",1,1,1,"$47.00",1,89,17,2,1,5,"f",1.02
14356,"8/05/2014","within a few hours","t",1,"t","Sutherland Shire",-34.05155305,151.1169204,"Entire home/apt",4,1,1,"$164.00",2,365,6,16,2,4.88,"f",2.39
13195,"26/10/2023","within an hour","t",2,"t","Pittwater",-33.64722021,151.3069496,"Entire home/apt",4,1,2,"$301.00",1,365,3,6,0,4.83,"f",0.69
13383,"20/07/2017","within an hour","t",9,"t","Randwick",-33.91284,151.23668,"Private room",2,1,1,"$114.00",2,365,0,4,0,4.75,"t",0.52
2433,"15/10/2014","N/A","f",3,"t","Mosman",-33.82165,151.24594,"Private room",2,1,1,"$222.00",2,28,0,26,0,4.88,"f",0.31
7045,"8/11/2016","N/A","f",1,"t","Waverley",-33.8796082,151.2727517,"Entire home/apt",5,2.5,3,"$899.00",5,14,0,4,0,5,"f",0.13
15987,"20/04/2015","within an hour","f",6,"t","Randwick",-33.9144633,151.2404495,"Private room",5,1,2,"$391.00",1,90,15,1,0,4,"t",0.27
6742,"16/03/2018","within an hour","f",8,"t","Waverley",-33.89005,151.27616,"Entire home/apt",2,1,1,"$105.00",1,365,27,120,2,4.59,"f",3.57
17559,"11/05/2025","within an hour","f",1,"t","Sydney",-33.86951435,151.2040024,"Entire home/apt",3,1,1,"$166.00",1,180,9,2,2,5,"t",2
15000,"19/01/2015","N/A","f",1,"f","Pittwater",-33.66373,151.32234,"Private room",4,2,2,"$350.00",2,365,29,9,0,5,"f",1.76
1587,"4/08/2016","within an hour","t",2,"t","Ku-Ring-Gai",-33.77249,151.16051,"Entire home/apt",2,1,1,"$113.00",3,40,0,75,1,4.93,"f",0.72
7155,"5/03/2013","within an hour","t",1,"t","Sydney",-33.9020092,151.2011832,"Private room",2,1,1,"$109.00",2,365,4,97,3,4.86,"t",3.23
6206,"8/07/2015","within an hour","f",1,"t","Manly",-33.79741989,151.2817905,"Entire home/apt",3,1,2,"$286.00",20,365,5,26,1,4.88,"t",0.66
5867,"3/02/2014","N/A","f",1,"t","Woollahra",-33.88845,151.23592,"Entire home/apt",3,1,2,"$480.00",14,365,28,3,0,5,"f",0.08
9408,"11/12/2014","within a day","f",72,"t","Pittwater",-33.63078104,151.3335141,"Entire home/apt",10,NA,4,"",2,1125,28,1,0,4,"f",0.06
10045,"12/12/2023","N/A","f",7,"t","Randwick",-33.91690206,151.2583039,"Entire home/apt",2,1,1,"$246.00",2,185,20,41,4,4.9,"f",2.21
18122,"13/01/2025","N/A","f",57,"t","North Sydney",-33.8507078,151.2194959,"Entire home/apt",6,1.5,3,"$285.00",1,365,14,1,1,5,"f",1
17816,"22/12/2015","within an hour","t",1,"t","Manly",-33.79176,151.27337,"Private room",1,1,1,"$80.00",2,10,23,1,1,5,"t",1
14988,"24/01/2018","within an hour","f",56,"t","Sydney",-33.87543,151.20439,"Entire home/apt",2,1,1,"$192.00",1,365,29,15,1,4.27,"t",2.74
6404,"2/09/2014","N/A","f",1,"t","Waverley",-33.8918328,151.2520083,"Entire home/apt",2,NA,1,"",90,95,22,0,0,NA,"f",NA
6456,"1/10/2012","within an hour","f",45,"t","Sydney",-33.87414,151.19746,"Entire home/apt",2,1,0,"$144.00",3,90,10,61,2,4.54,"t",1.78
16950,"13/04/2025","within an hour","f",2,"t","Ashfield",-33.89016415,151.124414,"Entire home/apt",4,1,1,"$175.00",1,365,18,4,2,4.5,"t",2.22
13130,"4/04/2017","within an hour","t",3,"t","Canada Bay",-33.8659993,151.137384,"Entire home/apt",2,1,1,"$150.00",2,7,19,32,4,5,"f",3.16
6298,"24/07/2019","N/A","f",912,"t","Sydney",-33.8724,151.19562,"Entire home/apt",5,1,2,"$295.00",3,365,15,53,1,4.26,"t",1.47
8146,"13/11/2018","N/A","f",1,"t","Sydney",-33.88224,151.2189,"Entire home/apt",2,1,1,"$220.00",7,60,0,7,0,5,"f",0.3
13159,"1/10/2012","within an hour","f",45,"t","Sydney",-33.8782326,151.2229067,"Entire home/apt",8,3,4,"$436.00",3,90,13,22,2,4.86,"f",2.04
8795,"3/07/2023","within an hour","f",11,"t","Auburn",-33.84737325,151.0381721,"Entire home/apt",2,1.5,1,"$98.00",1,365,24,42,1,4.48,"f",1.89
6084,"23/04/2018","N/A","f",46,"t","Sydney",-33.8926,151.21252,"Entire home/apt",2,1,1,"$142.00",2,90,6,63,2,4.49,"t",1.65
7924,"29/07/2015","N/A","f",1,"t","Sydney",-33.892923,151.2007054,"Entire home/apt",2,NA,1,"",2,40,0,12,0,4.83,"f",0.6
101,"30/08/2014","within a few hours","t",1,"t","Sydney",-33.89404,151.21044,"Entire home/apt",4,1,2,"$235.00",3,1125,0,188,1,4.94,"f",1.48
15582,"11/10/2019","within an hour","f",138,"t","Marrickville",-33.91472,151.15316,"Entire home/apt",4,2,2,"$190.00",2,365,19,1,0,4,"f",0.24
16953,"10/07/2013","within an hour","f",244,"t","Woollahra",-33.87452018,151.2430897,"Entire home/apt",5,4.5,3,"$662.00",1,1125,0,1,0,5,"t",0.73
4801,"23/09/2019","within an hour","f",19,"t","Ryde",-33.78021062,151.1125785,"Entire home/apt",5,NA,2,"",90,1125,0,42,0,4.4,"t",0.77
700,"21/11/2015","within a day","f",1,"t","Parramatta",-33.78908,151.05161,"Entire home/apt",3,1,0,"$49.00",3,1125,0,88,2,4.74,"f",0.76
14779,"13/05/2022","within an hour","f",16,"t","Auburn",-33.82798,151.0788,"Entire home/apt",5,2,2,"$251.00",2,365,16,8,2,5,"f",1.29
10733,"8/02/2017","N/A","f",1,"t","Warringah",-33.73506066,151.2905526,"Entire home/apt",6,NA,4,"",4,35,0,2,0,5,"f",0.35
6843,"30/12/2013","N/A","f",2,"t","Warringah",-33.77124,151.2893334,"Private room",2,NA,NA,"",2,365,0,7,0,5,"f",0.25
3151,"21/08/2016","within an hour","t",7,"t","Hornsby",-33.69102,151.09734,"Private room",1,1,1,"$65.00",7,1125,2,3,0,3.67,"f",0.04
12867,"16/05/2023","within an hour","f",15,"t","Sydney",-33.87461863,151.2051828,"Entire home/apt",8,2,3,"$586.00",1,1125,14,11,0,4.82,"t",1.05
10087,"21/07/2014","within an hour","f",10,"t","Sydney",-33.9204996,151.1964378,"Private room",2,1,1,"$128.00",4,60,29,6,0,5,"f",0.34
5332,"24/03/2013","within a few hours","f",6,"t","Randwick",-33.92389,151.25459,"Entire home/apt",2,1,1,"$149.00",4,61,29,0,0,NA,"f",NA
15544,"6/03/2016","within an hour","f",2,"t","City Of Kogarah",-33.9642697,151.1366791,"Entire home/apt",4,1,2,"$169.00",2,365,11,15,2,4.67,"t",3.6
8999,"20/11/2015","a few days or more","f",1,"t","Mosman",-33.8332229,151.2454746,"Entire home/apt",2,1,1,"$157.00",90,365,3,3,0,4.33,"f",0.17
13729,"26/09/2018","within an hour","f",1,"f","Pittwater",-33.63488623,151.3311223,"Entire home/apt",6,2,3,"$600.00",7,21,22,0,0,NA,"f",NA
13271,"26/07/2015","N/A","f",1,"t","Waverley",-33.8633867,151.2803221,"Entire home/apt",7,3.5,4,"$1,584.00",7,30,12,0,0,NA,"f",NA
13189,"9/02/2019","within an hour","t",2,"t","Waverley",-33.89489106,151.2551226,"Private room",2,1,1,"$126.00",2,365,3,5,0,4.6,"f",0.72
10880,"25/08/2019","within an hour","f",169,"t","Auburn",-33.8722782,151.0342427,"Private room",2,2.5,1,"$53.00",2,365,19,17,2,4.06,"f",1.02
12653,"28/09/2016","within an hour","f",184,"t","Auburn",-33.8469416,151.0585608,"Entire home/apt",5,2,2,"$174.00",2,365,12,56,5,4.7,"f",5.66
7741,"5/02/2023","within a few hours","t",3,"t","Camden",-34.01412,150.74382,"Private room",1,1,1,"$51.00",7,365,18,9,0,5,"f",0.32
12817,"19/12/2014","within an hour","t",47,"t","Waverley",-33.89989,151.27195,"Entire home/apt",6,1,3,"$1,098.00",4,365,16,10,1,4.9,"f",0.96
9471,"28/12/2013","within an hour","t",1,"t","Warringah",-33.70818433,151.3040889,"Entire home/apt",6,1,3,"$311.00",2,1125,22,38,1,5,"t",2.11
369,"6/07/2014","within an hour","t",19,"t","Manly",-33.79639,151.28638,"Entire home/apt",4,1,2,"$265.00",2,1125,13,278,1,4.76,"f",2.31
9949,"10/05/2018","within a day","f",1,"t","Mosman",-33.81680804,151.2441451,"Entire home/apt",4,1,2,"$189.00",90,365,1,18,0,4.83,"f",1.01
11336,"30/07/2017","within an hour","t",3,"t","Woollahra",-33.87841,151.23427,"Private room",2,1.5,1,"$152.00",3,365,23,24,0,4.92,"f",1.63
6812,"27/04/2015","within an hour","",4,"t","North Sydney",-33.82397,151.19748,"Entire home/apt",5,2,2,"$269.00",21,365,0,88,0,4.66,"t",2.69
7206,"21/11/2022","within an hour","t",1,"t","Rockdale",-33.9289539,151.1545661,"Entire home/apt",2,1,1,"$193.00",2,20,19,66,1,4.91,"f",2.2
15045,"3/11/2014","a few days or more","f",1,"t","Waverley",-33.90226122,151.2612554,"Entire home/apt",4,1,2,"$490.00",1,365,29,0,0,NA,"f",NA
18043,"12/04/2019","within an hour","f",63,"t","Liverpool",-33.916413,150.9168358,"Private room",1,1,1,"$45.00",1,89,22,0,0,NA,"f",NA
9970,"26/08/2016","within an hour","f",78,"t","Strathfield",-33.86734,151.08458,"Entire home/apt",6,2,2,"$299.00",90,365,15,10,0,4.9,"t",0.59
3034,"24/02/2017","within a day","f",3,"t","Randwick",-33.92524,151.24923,"Entire home/apt",9,3.5,5,"$1,190.00",90,1125,30,1,0,4,"t",0.01
14406,"22/03/2016","within a few hours","t",4,"t","Sydney",-33.89979059,151.2125057,"Private room",1,1,1,"$130.00",3,365,28,8,0,5,"f",1.14
16306,"11/02/2015","within an hour","f",1,"f","Randwick",-33.91978839,151.2527841,"Entire home/apt",2,1,1,"$179.00",2,15,17,10,1,5,"f",2.8
2321,"6/10/2016","within an hour","t",2,"t","Ku-Ring-Gai",-33.76123,151.12875,"Private room",2,1,1,"$97.00",1,28,14,209,5,4.81,"t",2.36
8126,"23/04/2018","N/A","f",46,"t","Botany Bay",-33.92943,151.20282,"Entire home/apt",6,2,3,"$303.00",2,90,0,12,0,4.33,"f",0.65
13954,"14/12/2015","N/A","f",1,"t","Sydney",-33.87259,151.22961,"Entire home/apt",4,1,2,"$261.00",2,365,0,3,0,5,"t",0.54
12455,"23/05/2012","within a few hours","t",117,"t","Woollahra",-33.8846334,151.2403449,"Entire home/apt",6,2,3,"$383.00",60,365,0,0,0,NA,"f",NA
5272,"5/11/2019","within an hour","f",8,"t","Auburn",-33.8512,151.03533,"Private room",3,NA,NA,"",2,730,0,4,0,4.25,"t",0.08
2019,"27/07/2016","within an hour","t",8,"t","North Sydney",-33.83585,151.20799,"Entire home/apt",3,1,1,"$215.00",1,1125,0,237,2,4.87,"t",2.61
9142,"22/08/2012","within a day","f",1,"t","Pittwater",-33.6023855,151.3171708,"Entire home/apt",10,3,5,"$1,095.00",3,30,29,2,0,5,"f",0.17
9511,"27/07/2018","within an hour","f",12,"t","Botany Bay",-33.93498,151.19401,"Private room",2,2,1,"$105.00",1,365,29,20,0,4.5,"f",0.95
17822,"29/10/2024","within an hour","f",16,"t","Botany Bay",-33.9236085,151.188105,"Entire home/apt",4,2,2,"$164.00",4,365,5,0,0,NA,"f",NA
14169,"30/11/2023","within a few hours","f",49,"t","Burwood",-33.87511,151.1017,"Entire home/apt",2,NA,1,"",7,365,0,0,0,NA,"f",NA
13776,"15/06/2011","within a few hours","t",2,"t","Ashfield",-33.89111588,151.1166892,"Entire home/apt",4,1,2,"$228.00",2,1125,5,11,1,4.73,"f",1.78
6308,"20/02/2018","within an hour","f",55,"t","North Sydney",-33.84406,151.22348,"Entire home/apt",6,3,3,"$3,616.00",90,1125,12,1,0,5,"f",0.04
12892,"10/10/2022","within an hour","t",2,"t","Sutherland Shire",-34.07835324,151.1279494,"Entire home/apt",2,1,1,"$293.00",2,365,29,12,0,5,"f",1.53
9925,"30/11/2020","N/A","f",1,"t","Sydney",-33.8833032,151.2123299,"Entire home/apt",2,1,1,"$204.00",90,365,28,7,0,5,"f",0.43
15705,"26/08/2024","within an hour","f",5,"t","Parramatta",-33.8178051,150.9993556,"Entire home/apt",4,2,2,"$152.00",2,365,11,5,0,3.4,"t",1.05
8684,"5/07/2017","within a day","f",517,"t","Sydney",-33.8729,151.19775,"Entire home/apt",4,2,2,"$595.00",6,365,22,0,0,NA,"f",NA
7962,"22/04/2014","N/A","f",18,"t","Sydney",-33.88957,151.20912,"Private room",2,NA,NA,"",1,365,0,4,0,3.25,"t",0.14
378,"10/02/2013","N/A","f",1,"t","Sydney",-33.87444,151.22502,"Private room",2,1,1,"$129.00",3,1125,0,7,0,4.86,"t",0.09
10889,"11/09/2014","N/A","f",1,"t","Waverley",-33.89314,151.26645,"Entire home/apt",8,2,4,"$990.00",4,21,27,2,0,5,"f",0.36
1285,"1/09/2024","N/A","f",44,"t","North Sydney",-33.83998,151.21991,"Entire home/apt",2,1,1,"$219.00",5,1125,29,16,1,4.5,"t",0.15
9879,"3/06/2021","within an hour","t",1,"t","Canada Bay",-33.8546339,151.0862133,"Private room",2,1,1,"$83.00",2,365,6,77,6,4.99,"f",4.65
11487,"24/10/2016","within an hour","f",72,"t","Sydney",-33.9181994,151.1983432,"Entire home/apt",4,NA,2,"",90,90,0,12,0,4.92,"t",0.85
14430,"31/08/2013","N/A","f",1,"t","Waverley",-33.89128232,151.263743,"Entire home/apt",2,1,1,"$198.00",4,365,0,2,0,4.5,"t",0.36
10581,"26/07/2014","N/A","f",1,"t","Woollahra",-33.88215,151.25958,"Entire home/apt",2,NA,1,"",90,365,0,0,0,NA,"f",NA
7807,"26/04/2019","N/A","f",1,"t","Randwick",-33.93061,151.25885,"Entire home/apt",8,2.5,3,"$1,199.00",90,365,29,1,0,5,"f",0.04
19,"3/04/2013","within a few hours","t",1,"t","Leichhardt",-33.8626,151.16442,"Entire home/apt",3,2.5,2,"$161.00",3,35,0,123,2,4.91,"f",0.89
11238,"29/03/2018","within an hour","t",10,"t","Parramatta",-33.82382824,151.0204003,"Entire home/apt",8,1,4,"$247.00",2,365,19,70,2,4.71,"t",4.66
5215,"1/02/2021","within an hour","f",11,"t","Manly",-33.78738,151.28515,"Entire home/apt",2,1,0,"$198.00",1,1125,21,7,0,3.43,"t",0.16
3181,"8/02/2013","within an hour","t",1,"t","Waverley",-33.90782,151.26223,"Entire home/apt",2,1,0,"$143.00",3,1125,28,185,1,4.95,"f",2.37
5783,"20/05/2015","within an hour","f",11,"t","Leichhardt",-33.88642,151.17076,"Private room",2,NA,1,"",3,1125,17,53,1,4.72,"t",1.32
4789,"2/10/2016","within an hour","f",2,"t","Sydney",-33.8855,151.18138,"Private room",4,1,1,"$128.00",2,180,17,52,1,4.63,"f",0.92
17787,"12/05/2025","within an hour","f",3,"t","Leichhardt",-33.86397,151.17264,"Entire home/apt",2,1,1,"$125.00",2,365,20,0,0,NA,"t",NA
10382,"26/08/2016","within an hour","f",78,"t","Strathfield",-33.86752671,151.0843518,"Entire home/apt",3,1,1,"$211.00",90,365,15,12,2,4.5,"t",0.85
16258,"27/05/2014","within an hour","t",61,"t","Sydney",-33.9011805,151.2097219,"Entire home/apt",2,1,1,"$310.00",21,365,27,0,0,NA,"f",NA
3971,"9/08/2018","N/A","f",1,"f","Rockdale",-33.96627,151.11861,"Private room",1,1.5,1,"$50.00",90,1125,29,1,0,5,"f",0.02
855,"11/12/2015","N/A","f",2,"t","Willoughby",-33.82136,151.19344,"Entire home/apt",2,1,0,"$132.00",90,730,0,18,0,4.44,"f",0.23
16775,"18/03/2025","within an hour","f",23,"t","The Hills Shire",-33.7432634,150.9847861,"Private room",2,1,1,"$51.00",1,365,29,2,0,3,"t",0.94
506,"11/05/2015","N/A","f",1,"t","Pittwater",-33.70576,151.29053,"Entire home/apt",8,2.5,4,"$600.00",7,28,22,3,0,4.67,"f",0.03
16194,"25/08/2019","within an hour","f",169,"t","Auburn",-33.8457665,151.0305222,"Private room",1,1,1,"$43.00",1,89,13,3,0,4.67,"f",0.87
16482,"25/02/2024","within an hour","f",2,"f","Blacktown",-33.78112563,150.897157,"Private room",2,1,1,"$53.00",1,5,0,2,0,5,"f",0.65
2213,"5/02/2018","N/A","t",1,"t","Leichhardt",-33.85741,151.17997,"Entire home/apt",5,NA,3,"",90,90,0,98,0,4.84,"t",1.1
12931,"19/12/2018","within an hour","f",5,"t","Sydney",-33.87103963,151.1975936,"Private room",2,2,1,"$133.00",1,365,0,8,1,4.75,"f",0.87
16755,"27/03/2025","within an hour","f",11,"t","Sydney",-33.87682627,151.2050467,"Entire home/apt",7,2,4,"$550.00",2,365,4,3,1,4,"t",1.32
15277,"19/04/2018","within an hour","f",59,"t","Parramatta",-33.8185502,151.0102922,"Entire home/apt",4,2,2,"$181.00",2,365,22,7,1,4.57,"t",1.26
15158,"5/10/2011","within an hour","f",1,"t","Marrickville",-33.90481058,151.1564127,"Entire home/apt",7,2,3,"$330.00",5,365,0,7,0,5,"f",1.22
5928,"1/09/2024","N/A","f",44,"t","Willoughby",-33.81992,151.19453,"Entire home/apt",2,1,1,"$231.00",5,1125,1,10,0,4.1,"t",0.26
2582,"18/02/2016","within an hour","f",2,"t","Ryde",-33.8198,151.09576,"Entire home/apt",3,1.5,1,"$128.00",3,180,15,42,0,4.64,"f",0.48
86,"5/01/2014","N/A","f",1,"t","Woollahra",-33.88427244,151.2477192,"Entire home/apt",8,3.5,5,"$2,250.00",3,28,22,0,0,NA,"f",NA
9642,"24/07/2019","N/A","f",912,"t","Burwood",-33.8697791,151.0949952,"Entire home/apt",4,1,2,"$176.00",3,365,0,11,0,4.45,"t",0.56
4160,"14/02/2015","within an hour","t",1,"t","Bankstown",-33.92065,151.03542,"Entire home/apt",4,1,2,"$187.00",1,730,12,84,9,4.83,"f",6.06
12574,"25/01/2016","within an hour","t",2,"t","Woollahra",-33.88532332,151.2669784,"Entire home/apt",2,1,1,"$145.00",4,28,29,9,0,5,"t",0.88
1,"23/09/2009","N/A","f",1,"f","Sydney",-33.86767,151.22497,"Private room",1,1,1,"$65.00",90,180,28,193,0,4.59,"f",1.02
5887,"11/10/2019","within an hour","f",138,"t","Auburn",-33.84838,151.07481,"Entire home/apt",5,2,3,"$300.00",2,365,29,47,0,4.81,"f",1.21
2136,"8/02/2017","within an hour","t",5,"t","Sydney",-33.88522,151.21625,"Entire home/apt",2,1,0,"$183.00",2,14,11,380,4,4.96,"f",3.92
1272,"1/06/2015","within an hour","f",1,"t","Pittwater",-33.6589,151.31043,"Entire home/apt",2,1,0,"$99.00",90,1125,11,554,2,4.83,"f",5.35
9426,"25/08/2023","within an hour","f",1,"t","Sydney",-33.8729862,151.2164003,"Entire home/apt",2,1,1,"$214.00",2,365,28,13,0,4.77,"f",0.68
1445,"9/06/2014","within a day","t",1,"t","Warringah",-33.78281,151.25865,"Entire home/apt",2,NA,1,"",2,14,0,149,0,4.97,"f",1.45
9,"8/03/2011","within a day","f",1,"t","Waverley",-33.90594678,151.2558383,"Entire home/apt",4,1,2,"$339.00",3,60,0,18,1,4.72,"f",0.1
15872,"23/03/2019","within an hour","t",17,"t","Sydney",-33.88109,151.21501,"Private room",2,1,0,"$86.00",1,14,6,22,4,4.95,"t",4.62
7020,"24/07/2019","N/A","f",912,"t","Marrickville",-33.90748,151.15505,"Entire home/apt",4,1,2,"$209.00",3,365,12,35,1,4.8,"t",1.09
10586,"13/06/2023","within an hour","f",8,"t","Rockdale",-33.93321,151.15677,"Entire home/apt",2,NA,1,"",7,365,0,1,0,5,"f",0.08
15183,"23/10/2024","within an hour","f",2,"t","Sydney",-33.87884169,151.1920868,"Entire home/apt",2,NA,NA,"",2,60,0,15,0,4.6,"t",2.65
9351,"24/02/2013","within an hour","t",92,"t","Sydney",-33.8697401,151.2031915,"Entire home/apt",5,2,2,"$358.00",2,365,1,118,5,4.86,"t",5.72
8649,"22/11/2022","within an hour","t",2,"t","Parramatta",-33.8194,151.0062362,"Entire home/apt",2,1,1,"$141.00",1,365,16,44,1,4.93,"f",1.81
1063,"4/04/2016","within a few hours","t",2,"t","Sydney",-33.87453,151.18439,"Private room",2,1.5,1,"$80.00",1,1125,15,341,0,4.82,"f",3.14
4520,"16/04/2018","within an hour","f",9,"t","Canterbury",-33.93855,151.06529,"Entire home/apt",2,1,1,"$118.00",1,1125,24,87,1,4.69,"f",1.32
14414,"19/10/2016","within a few hours","t",1,"t","Pittwater",-33.63062,151.32591,"Entire home/apt",2,0,1,"$231.00",1,4,28,9,0,4.78,"f",1.18
5795,"22/04/2016","within an hour","",2,"t","Randwick",-33.91456,151.2365,"Entire home/apt",2,1,1,"$252.00",1,30,29,60,0,4.77,"f",1.82
9689,"31/03/2022","within an hour","f",10,"t","Sydney",-33.88222,151.20338,"Entire home/apt",3,1,1,"$185.00",3,365,11,18,1,4.67,"t",0.91
4314,"11/12/2019","N/A","f",1,"f","Mosman",-33.83269,151.23604,"Private room",1,1,1,"$90.00",90,1125,29,0,0,NA,"t",NA
17848,"8/07/2017","within an hour","",83,"t","Strathfield",-33.8622798,151.0800118,"Private room",1,1,1,"$48.00",1,365,12,0,0,NA,"t",NA
1398,"2/01/2016","within a day","t",2,"t","Sydney",-33.88106,151.2131,"Entire home/apt",2,1,0,"$124.00",3,360,12,235,0,4.75,"f",2.28
2186,"7/11/2017","N/A","t",1,"t","Rockdale",-33.93278,151.14616,"Private room",2,NA,1,"",1,1125,0,260,0,4.8,"f",2.81
5592,"23/10/2015","within an hour","f",5,"t","Woollahra",-33.88085,151.22836,"Entire home/apt",6,2.5,3,"$751.00",2,1125,23,34,0,4.59,"t",0.87
6944,"11/10/2019","within an hour","f",138,"t","Auburn",-33.84926,151.07304,"Entire home/apt",4,2,2,"$498.00",2,1125,29,34,0,4.79,"f",1.01
13227,"4/09/2019","within an hour","f",6,"t","Auburn",-33.82423,151.07972,"Entire home/apt",2,1,1,"$185.00",1,1125,21,24,1,4.67,"f",2.34
5996,"13/10/2017","N/A","f",1,"f","Botany Bay",-33.95033,151.23017,"Entire home/apt",4,2,3,"$540.00",5,365,28,0,0,NA,"f",NA
12427,"26/06/2023","within an hour","f",7,"t","Campbelltown",-33.97386,150.86045,"Entire home/apt",9,3,4,"$179.00",2,365,14,34,2,4.82,"t",2.85
4964,"3/11/2017","N/A","f",1,"t","Sydney",-33.86555,151.20251,"Entire home/apt",2,1,1,"$311.00",91,1125,28,3,0,5,"t",0.06
3632,"7/12/2015","within an hour","f",4,"t","Sydney",-33.87392,151.21478,"Entire home/apt",4,1,1,"$169.00",1,1125,15,174,1,4.87,"f",2.54
4554,"24/07/2012","within a few hours","t",126,"t","Pittwater",-33.6076889,151.3277179,"Entire home/apt",10,4,5,"$3,678.00",1,1125,27,0,0,NA,"f",NA
5010,"22/04/2021","within an hour","f",2,"t","Manly",-33.798088,151.28833,"Entire home/apt",4,1,2,"$644.00",2,28,0,56,0,4.93,"f",1.32
13799,"2/08/2021","within an hour","f",1,"t","Pittwater",-33.6451,151.32641,"Entire home/apt",10,4,5,"$1,000.00",4,365,26,8,0,5,"f",1.08
7770,"13/01/2023","N/A","f",3,"t","The Hills Shire",-33.72053548,150.9709031,"Private room",2,1,1,"$65.00",1,365,10,62,1,4.81,"t",2.14
3848,"26/08/2016","within an hour","t",24,"t","Sydney",-33.87907,151.20961,"Entire home/apt",5,1,1,"$430.00",1,1125,29,0,0,NA,"f",NA
17003,"23/08/2015","N/A","f",2,"t","Campbelltown",-34.0757879,150.8011092,"Private room",1,2,1,"$68.00",1,365,29,0,0,NA,"f",NA
8384,"19/02/2020","within an hour","f",22,"t","Sydney",-33.89902125,151.202272,"Entire home/apt",2,1,1,"$194.00",3,365,29,1,0,1,"f",0.04
520,"28/09/2014","within an hour","t",1,"t","Manly",-33.79527,151.2859,"Entire home/apt",3,1,1,"$245.00",2,90,20,177,0,4.85,"f",1.4
15275,"21/12/2018","within an hour","f",1,"f","Sydney",-33.8755979,151.1936038,"Entire home/apt",2,1,1,"$187.00",2,365,0,6,0,4.83,"t",1.07
6897,"19/01/2022","within an hour","t",42,"t","Canada Bay",-33.8552598,151.1475443,"Entire home/apt",2,NA,NA,"",28,365,0,2,0,5,"f",0.12
17136,"16/12/2016","within an hour","f",4,"t","Campbelltown",-34.07011444,150.7814001,"Entire home/apt",4,1,1,"$155.00",1,27,29,0,0,NA,"f",NA
1630,"12/10/2014","within an hour","f",3,"t","Sutherland Shire",-34.01508,151.10231,"Private room",1,2.5,1,"$75.00",3,365,28,25,0,4.84,"f",0.27
17466,"22/12/2024","within an hour","f",3,"t","Parramatta",-33.8186817,151.0072042,"Entire home/apt",3,1,1,"$171.00",2,93,12,2,2,5,"t",2
16757,"13/08/2019","within an hour","",37,"t","Waverley",-33.8887847,151.2763999,"Entire home/apt",4,1,2,"$300.00",3,30,27,1,0,3,"f",0.42
9962,"13/09/2015","within an hour","",7,"t","Willoughby",-33.7963132,151.1798881,"Entire home/apt",3,NA,1,"",1,365,0,21,0,4.48,"f",1.14
10290,"25/01/2018","within an hour","t",1,"t","Canada Bay",-33.82811926,151.0876855,"Entire home/apt",3,1,1,"$235.00",3,365,17,70,2,4.91,"f",3.81
16214,"12/09/2018","within an hour","f",1,"t","Marrickville",-33.89203,151.15157,"Entire home/apt",6,1.5,3,"$297.00",2,365,24,5,1,4.6,"f",1.76
2039,"7/12/2017","within an hour","t",5,"t","Rockdale",-33.93504,151.15637,"Entire home/apt",4,1,2,"$137.00",1,90,3,213,0,4.75,"t",2.36
16696,"11/01/2020","within an hour","t",45,"t","Auburn",-33.8493677,151.0613116,"Entire home/apt",4,2,2,"$298.00",4,365,17,3,0,5,"f",1.13
12516,"4/07/2013","a few days or more","f",1,"t","Manly",-33.8038559,151.2858447,"Entire home/apt",4,1,2,"$290.00",90,365,29,0,0,NA,"f",NA
11529,"20/10/2016","within a day","f",28,"t","Pittwater",-33.64393,151.32326,"Entire home/apt",8,NA,4,"",1,1125,28,0,0,NA,"f",NA
15649,"15/10/2012","within an hour","",86,"t","Sydney",-33.8588,151.2038,"Entire home/apt",7,1,2,"$256.00",1,365,9,22,3,4.91,"t",4.85
732,"25/11/2013","within a day","f",9,"f","Waverley",-33.89072,151.27376,"Entire home/apt",3,1,1,"$136.00",90,120,0,67,0,4.64,"t",0.58
7614,"1/08/2016","within a day","f",39,"t","Sydney",-33.88702,151.17755,"Entire home/apt",4,2,2,"$246.00",2,365,29,5,0,4.2,"f",0.18
14583,"24/01/2018","within an hour","f",56,"t","Willoughby",-33.80001349,151.2296401,"Entire home/apt",10,2.5,4,"$1,500.00",7,365,0,1,0,1,"f",0.21
10179,"23/02/2018","N/A","f",1,"t","Waverley",-33.88528241,151.2758167,"Entire home/apt",5,1,2,"$315.00",90,365,29,0,0,NA,"t",NA
2390,"20/08/2016","within a day","t",2,"t","Sydney",-33.87593,151.21523,"Entire home/apt",6,1.5,2,"$645.00",5,1125,17,131,0,4.87,"f",1.49
13836,"11/10/2019","within an hour","f",138,"t","North Sydney",-33.82446,151.19927,"Entire home/apt",5,2,2,"$168.00",2,365,25,0,0,NA,"f",NA
11132,"24/07/2019","N/A","f",912,"t","Marrickville",-33.8985473,151.1447759,"Entire home/apt",2,1,0,"$142.00",3,365,23,6,0,4.33,"t",0.38
6489,"23/12/2020","within an hour","f",44,"t","Sydney",-33.90679,151.20711,"Private room",2,1.5,1,"$70.00",1,90,29,46,0,4.63,"f",1.36
7814,"8/02/2023","within a day","f",1,"f","Sutherland Shire",-33.99531077,151.0513266,"Entire home/apt",3,1,2,"$203.00",2,1125,29,4,0,5,"f",1.82
2775,"19/07/2015","N/A","f",3,"t","Randwick",-33.91629,151.25035,"Entire home/apt",4,NA,2,"",90,730,0,21,0,4.86,"t",0.26
7254,"11/01/2018","within an hour","t",3,"t","Marrickville",-33.91106151,151.158431,"Entire home/apt",2,1,1,"$150.00",2,25,25,88,0,4.81,"f",2.94
13178,"8/04/2020","within an hour","f",180,"t","Sydney",-33.86902,151.20437,"Entire home/apt",6,1,0,"$267.00",2,365,10,10,0,3.9,"f",1.03
10769,"14/11/2016","within an hour","t",1,"t","North Sydney",-33.84735498,151.2054025,"Entire home/apt",2,1,1,"$246.00",1,30,10,62,1,4.9,"f",3.48
17796,"24/01/2018","within an hour","f",56,"t","Strathfield",-33.86269955,151.0800863,"Entire home/apt",4,2,2,"$203.00",2,365,26,1,1,5,"t",1
9268,"19/07/2013","within an hour","t",1,"t","Warringah",-33.7454215,151.289265,"Entire home/apt",4,1,2,"$168.00",3,60,20,37,0,4.95,"f",1.68
14992,"10/07/2017","within an hour","f",4,"t","Canada Bay",-33.84971585,151.0841514,"Entire home/apt",2,NA,1,"",1,30,0,7,0,3.57,"t",1.13
13800,"7/04/2015","within a few hours","f",1,"t","Pittwater",-33.61430792,151.3292324,"Entire home/apt",10,3,5,"$986.00",2,100,27,1,0,5,"f",0.28
1331,"19/09/2014","within an hour","t",4,"t","Sydney",-33.87373,151.2261,"Entire home/apt",2,1,0,"$126.00",1,180,22,430,1,4.85,"f",4.06
17883,"21/11/2018","within an hour","f",51,"t","Sydney",-33.87309544,151.1979053,"Entire home/apt",2,1,1,"$229.00",2,365,27,0,0,NA,"t",NA
6411,"19/04/2018","within an hour","f",59,"t","Marrickville",-33.8983032,151.1765105,"Entire home/apt",2,1,1,"$211.00",90,365,25,43,0,4.67,"t",1.24
10606,"13/03/2016","within an hour","f",1,"t","Leichhardt",-33.87867,151.17604,"Entire home/apt",5,2,2,"$225.00",3,60,4,2,0,5,"f",0.92
17489,"6/11/2016","within an hour","f",35,"t","Warringah",-33.73459284,151.2262482,"Entire home/apt",5,1,2,"$116.00",3,365,25,0,0,NA,"f",NA
13613,"24/07/2019","N/A","f",912,"t","Sydney",-33.8886183,151.2078153,"Entire home/apt",2,1,1,"$176.00",3,365,16,10,0,4.2,"t",1.23
6469,"30/07/2018","N/A","f",1,"t","Waverley",-33.89162,151.265,"Entire home/apt",2,NA,1,"",5,365,0,3,0,5,"f",0.1
3945,"5/03/2013","within a few hours","t",3,"t","Sydney",-33.87661,151.22194,"Entire home/apt",3,1,0,"$167.00",2,1125,27,128,1,4.85,"f",1.87
9687,"13/08/2017","within a day","f",7,"t","Pittwater",-33.59999923,151.3283827,"Entire home/apt",9,5,5,"$2,175.00",7,21,26,1,0,5,"f",0.06
6388,"10/01/2016","within an hour","t",1,"t","Sydney",-33.88577,151.21753,"Entire home/apt",2,1,1,"$185.00",2,365,19,58,0,5,"f",1.95
16154,"4/05/2023","within an hour","f",4,"t","Randwick",-33.93907617,151.2382486,"Entire home/apt",6,2,2,"$536.00",2,729,0,0,0,NA,"f",NA
17154,"6/04/2025","within a day","f",1,"t","Rockdale",-33.99584402,151.1321376,"Entire home/apt",8,2,3,"$441.00",1,365,29,0,0,NA,"f",NA
8599,"10/06/2016","within a few hours","",3,"t","Sydney",-33.8709705,151.2172346,"Entire home/apt",3,1,1,"$170.00",90,365,29,2,1,5,"f",0.16
8857,"14/06/2023","within an hour","f",4,"t","North Sydney",-33.8236913,151.1970762,"Entire home/apt",5,2,2,"$203.00",3,365,11,50,2,4.72,"f",2.11
16686,"6/06/2016","within an hour","f",37,"t","Botany Bay",-33.92177862,151.1858373,"Entire home/apt",5,2,2,"$183.00",1,1125,23,6,0,4.67,"t",2.34
12979,"27/11/2016","a few days or more","f",1,"t","Waverley",-33.8939859,151.2659652,"Entire home/apt",4,1,2,"$156.00",5,28,19,0,0,NA,"f",NA
13595,"4/11/2017","within a few hours","f",1,"t","Sutherland Shire",-34.04094447,151.0999756,"Entire home/apt",10,2.5,4,"$314.00",2,90,4,16,4,4.63,"f",2.39
7935,"15/11/2017","within an hour","t",2,"t","Botany Bay",-33.9509013,151.2055591,"Entire home/apt",8,2,4,"$369.00",2,90,7,46,2,4.98,"f",1.89
16455,"11/01/2023","within an hour","f",5,"t","Rockdale",-33.96541,151.14684,"Entire home/apt",2,1,1,"$172.00",1,365,25,5,2,4.8,"t",1.74
2525,"24/04/2017","within an hour","t",1,"t","Marrickville",-33.88873,151.17052,"Entire home/apt",2,1,1,"$147.00",2,21,13,213,2,4.92,"f",2.58
13367,"14/04/2023","within an hour","f",81,"t","Sydney",-33.90185998,151.2122727,"Entire home/apt",3,1,1,"$123.00",1,365,27,22,0,4.5,"t",2.47
6432,"28/07/2019","N/A","f",1,"t","Manly",-33.80332974,151.2869499,"Entire home/apt",6,2.5,3,"$522.00",5,730,15,30,0,4.77,"f",0.86
2106,"13/01/2018","within an hour","f",4,"t","Sydney",-33.89116,151.20719,"Entire home/apt",8,1,3,"$221.00",3,1125,7,528,7,4.63,"f",5.88
16147,"22/07/2016","N/A","f",4,"t","Hornsby",-33.6309625,151.0435168,"Private room",2,1,1,"$806.00",1,365,18,0,0,NA,"t",NA
3068,"7/03/2018","N/A","f",2,"t","Auburn",-33.85082,151.03373,"Private room",2,NA,3,"",90,1125,28,0,0,NA,"f",NA
11708,"24/07/2019","N/A","f",912,"t","Leichhardt",-33.85701,151.18181,"Entire home/apt",2,2,1,"$257.00",3,365,26,9,0,4.44,"t",0.7
3546,"3/05/2019","N/A","f",1,"t","Fairfield",-33.88828,150.93569,"Entire home/apt",9,1,2,"$150.00",90,1125,28,12,0,4.5,"t",0.16
13877,"11/08/2022","within an hour","t",8,"t","Randwick",-33.9122769,151.2662944,"Entire home/apt",6,2,3,"$514.00",3,365,13,3,0,5,"t",0.39
2686,"15/05/2018","N/A","t",2,"t","Manly",-33.79833,151.27063,"Entire home/apt",2,1,1,"$302.00",14,364,16,25,0,4.92,"f",0.72
10306,"4/09/2016","N/A","f",1,"t","North Sydney",-33.8437019,151.2164623,"Entire home/apt",4,2,2,"$540.00",90,365,27,0,0,NA,"f",NA
12778,"30/11/2023","within a few hours","f",49,"t","Sydney",-33.9041618,151.2090148,"Entire home/apt",2,NA,1,"",9,365,0,1,0,4,"f",0.1
878,"21/05/2013","N/A","f",1,"t","Sydney",-33.88349,151.21631,"Entire home/apt",5,2,2,"$750.00",90,1125,29,0,0,NA,"f",NA
2344,"27/10/2017","within a day","f",289,"t","Sydney",-33.87458,151.19591,"Private room",2,1,0,"$539.00",3,1125,27,0,0,NA,"f",NA
6364,"12/10/2021","within an hour","f",34,"t","Willoughby",-33.79575,151.18364,"Entire home/apt",2,1,1,"$151.00",1,365,12,22,1,4.45,"t",0.63
11390,"24/10/2016","within an hour","f",72,"t","North Sydney",-33.8478791,151.2056933,"Entire home/apt",4,1,2,"$276.00",2,45,21,43,4,4.88,"t",2.93
6711,"16/10/2014","within an hour","f",2,"t","Sydney",-33.87795,151.22664,"Entire home/apt",2,1.5,1,"$350.00",3,365,28,10,0,4.9,"f",0.31
12247,"20/08/2015","within a few hours","f",2,"t","Sydney",-33.8745925,151.1968541,"Private room",2,1,2,"$205.00",90,365,15,8,0,4.63,"f",0.86
3007,"17/07/2015","within an hour","t",2,"t","Warringah",-33.75571,151.28956,"Entire home/apt",3,1,2,"$154.00",1,1125,5,64,0,4.83,"t",2.53
4570,"23/12/2015","N/A","f",2,"t","Fairfield",-33.89649,150.90561,"Private room",1,NA,NA,"",90,1125,0,3,0,4,"f",0.05
84,"22/05/2011","N/A","f",1,"t","Leichhardt",-33.8573,151.19404,"Entire home/apt",6,NA,3,"",90,91,0,70,0,4.5,"f",0.51
15653,"21/11/2011","within an hour","f",26,"t","Liverpool",-33.91584229,150.9136119,"Entire home/apt",3,NA,NA,"",30,365,29,0,0,NA,"f",NA
6992,"11/02/2022","within an hour","f",20,"t","Waverley",-33.8905002,151.2612719,"Entire home/apt",4,1,2,"$214.00",3,365,15,21,0,4.57,"f",0.65
11464,"30/06/2020","within an hour","t",24,"t","Blacktown",-33.77866,150.90807,"Private room",2,NA,1,"",90,365,0,8,0,4.63,"f",0.52
69,"12/11/2014","within a few hours","t",2,"t","Sydney",-33.86951,151.19754,"Entire home/apt",5,2,2,"$406.00",2,180,16,429,2,4.78,"f",3.34
6263,"15/11/2010","N/A","t",1,"t","Waverley",-33.89160538,151.2432709,"Entire home/apt",4,1,2,"$491.00",21,60,27,10,0,4.9,"f",0.53
1859,"17/07/2016","N/A","f",1,"t","Sydney",-33.90952,151.20562,"Entire home/apt",4,1,2,"$1,000.00",90,1125,29,0,0,NA,"f",NA
16999,"31/01/2016","within an hour","t",48,"t","Woollahra",-33.8862556,151.2623935,"Entire home/apt",5,1,3,"$273.00",1,365,29,1,1,5,"t",1
10390,"5/12/2023","within an hour","f",1,"t","North Sydney",-33.847996,151.2145751,"Entire home/apt",6,1,2,"$374.00",1,365,18,41,0,4.05,"t",2.22
1912,"13/11/2014","within a day","t",82,"t","Pittwater",-33.60158414,151.323608,"Entire home/apt",8,4,4,"$1,335.00",1,1125,28,4,0,4.75,"f",0.05
7765,"30/06/2020","within an hour","t",24,"t","Holroyd",-33.81903169,150.9910778,"Private room",2,NA,NA,"",7,365,0,26,0,4.92,"f",0.91
9352,"24/07/2015","within an hour","f",22,"t","Randwick",-33.91988008,151.2358505,"Private room",1,1.5,1,"$90.00",14,365,28,11,0,4.36,"f",0.47
6606,"18/08/2022","within an hour","f",10,"t","Waverley",-33.89683,151.25958,"Entire home/apt",2,1,1,"$159.00",2,120,12,46,1,4.67,"f",1.38
16469,"13/05/2016","within an hour","f",1,"t","Waverley",-33.8904,151.27332,"Entire home/apt",2,NA,1,"",365,365,0,5,0,4.8,"f",1.81
15754,"3/01/2017","within an hour","t",37,"t","Willoughby",-33.78845509,151.1816532,"Entire home/apt",6,3.5,3,"$262.00",1,365,4,1,0,1,"t",0.33
16093,"25/01/2025","within an hour","f",1,"t","Sydney",-33.87965,151.21633,"Entire home/apt",2,1,1,"$266.00",1,90,25,6,2,5,"f",1.75
8623,"14/04/2023","within an hour","f",81,"t","Sydney",-33.87763746,151.2026616,"Entire home/apt",5,1,2,"$156.00",1,365,9,41,3,4.93,"t",2.55
15067,"9/04/2024","within an hour","f",50,"t","Marrickville",-33.90176119,151.1639676,"Entire home/apt",4,2,2,"$240.00",1,365,19,2,0,4,"t",0.55
5453,"28/09/2021","within an hour","t",11,"t","Waverley",-33.891457,151.245239,"Entire home/apt",2,1,0,"$191.00",3,90,13,130,2,4.75,"f",2.89
6564,"9/07/2013","N/A","f",1,"t","Sydney",-33.8689295,151.2043204,"Entire home/apt",4,NA,1,"",90,365,0,60,0,4.53,"t",1.8
14903,"4/12/2015","within a day","f",2,"t","Warringah",-33.78009599,151.2872988,"Entire home/apt",6,NA,3,"",13,365,0,9,1,5,"f",1.5
3812,"9/04/2012","N/A","f",1,"t","Randwick",-33.91476,151.26294,"Entire home/apt",4,1,2,"$428.00",3,1125,0,57,0,4.91,"f",0.8
10668,"13/08/2018","within an hour","f",57,"t","Sydney",-33.87786435,151.2057161,"Entire home/apt",5,2,2,"$248.00",1,365,14,38,1,4.53,"f",3.2
17615,"12/12/2023","within a day","f",7,"t","Botany Bay",-33.93247,151.19438,"Entire home/apt",2,1,1,"$126.00",7,365,28,0,0,NA,"f",NA
14830,"25/04/2019","within an hour","t",68,"t","Rockdale",-33.96265,151.1538,"Entire home/apt",4,1,2,"$158.00",1,365,10,7,1,4.71,"f",2
11236,"4/08/2013","within an hour","t",68,"t","Penrith",-33.74819947,150.7448253,"Entire home/apt",6,1,3,"$200.00",28,365,28,0,0,NA,"f",NA
1905,"26/09/2017","within an hour","f",1,"t","Marrickville",-33.90011,151.15592,"Entire home/apt",2,1,1,"$74.00",6,15,1,21,0,4.48,"f",0.23
2545,"28/01/2017","N/A","t",3,"t","Hornsby",-33.7606,151.10031,"Private room",1,1,1,"$66.00",90,1125,16,20,0,4.95,"f",0.23
15829,"21/11/2020","within a day","f",5,"t","Burwood",-33.87758731,151.1048694,"Entire home/apt",4,1,1,"$1,560.00",1,365,29,0,0,NA,"t",NA
11789,"3/06/2023","within an hour","",32,"t","Sydney",-33.8849287,151.1764267,"Entire home/apt",2,1,1,"$165.00",3,365,2,16,1,5,"f",1.22
16259,"30/01/2025","within an hour","f",5,"t","Sydney",-33.88049109,151.2155928,"Private room",6,NA,1,"",1,365,3,8,7,4.88,"t",5.22
2535,"3/10/2018","within a few hours","t",1,"t","Sydney",-33.86945,151.2265,"Entire home/apt",4,NA,2,"",5,365,0,76,0,4.95,"f",0.93
6659,"24/05/2015","within an hour","f",1,"t","Warringah",-33.78032723,151.2886272,"Entire home/apt",2,1,1,"$278.00",2,30,29,8,0,4.75,"f",0.25
9066,"28/01/2022","within an hour","t",11,"t","Penrith",-33.77476448,150.7118214,"Entire home/apt",5,1,2,"$212.00",2,1125,17,44,2,4.75,"t",2.22
17570,"6/01/2015","within an hour","f",27,"t","Sydney",-33.9030475,151.1900018,"Entire home/apt",4,2,2,"$182.00",3,15,10,1,1,5,"f",1
3432,"9/02/2019","N/A","f",1,"t","Leichhardt",-33.87503,151.17246,"Entire home/apt",8,2,3,"$850.00",14,1125,26,4,0,5,"f",0.06
508,"14/05/2015","within an hour","t",1,"t","Leichhardt",-33.85233,151.18382,"Private room",2,1,1,"$134.00",3,89,17,185,4,4.94,"f",1.63
15821,"4/12/2024","within a few hours","f",53,"t","Botany Bay",-33.92293,151.18537,"Entire home/apt",4,2,2,"$226.00",7,365,0,0,0,NA,"f",NA
2496,"13/05/2014","within an hour","f",55,"t","Sydney",-33.86836,151.2083,"Entire home/apt",4,2,2,"$329.00",90,1125,28,0,0,NA,"f",NA
4037,"28/01/2014","within an hour","f",1,"t","North Sydney",-33.83658,151.19669,"Private room",1,1,1,"$112.00",1,60,29,164,2,4.75,"f",2.38
3194,"26/12/2015","a few days or more","f",1,"t","North Sydney",-33.83498969,151.2206106,"Entire home/apt",3,NA,2,"",90,365,22,0,0,NA,"f",NA
6342,"10/07/2013","within an hour","f",244,"t","Waverley",-33.88627,151.27362,"Entire home/apt",10,NA,5,"",180,1125,0,22,0,4.55,"t",0.61
12424,"16/05/2023","within an hour","f",15,"t","Sydney",-33.89307845,151.2041884,"Entire home/apt",10,NA,4,"",90,1125,0,11,0,4.09,"t",0.96
10031,"24/07/2019","N/A","f",912,"t","Randwick",-33.91152,151.22539,"Entire home/apt",2,1,1,"$216.00",3,365,0,18,0,4.61,"t",0.92
10035,"8/07/2021","within a few hours","f",1,"t","Auburn",-33.847174,151.0728464,"Entire home/apt",4,2,1,"$340.00",4,365,20,4,0,5,"f",0.21
16376,"29/09/2020","within an hour","f",18,"t","Blacktown",-33.7116289,150.8958531,"Entire home/apt",10,3,5,"$238.00",3,365,25,3,1,5,"t",0.86
12497,"22/01/2020","within an hour","f",1,"t","Sydney",-33.904092,151.1810187,"Entire home/apt",6,2.5,3,"$213.00",7,1125,5,19,2,4.74,"f",2.08
4230,"20/04/2020","within an hour","f",2,"t","Sydney",-33.88038,151.19862,"Private room",3,1,0,"$183.00",1,1125,27,879,6,4.6,"f",14.14
17555,"16/05/2023","within an hour","f",15,"t","Sydney",-33.87253916,151.1959338,"Entire home/apt",8,1,4,"$419.00",1,365,22,0,0,NA,"t",NA
17910,"11/12/2012","within an hour","t",4,"t","Botany Bay",-33.92071,151.18778,"Entire home/apt",6,1,2,"$184.00",2,720,6,0,0,NA,"f",NA
16571,"11/09/2018","within an hour","f",2,"t","Camden",-33.99334515,150.7262188,"Entire home/apt",9,3,4,"$198.00",2,90,23,4,0,4.5,"f",1.46
5410,"29/08/2024","N/A","f",39,"t","Canada Bay",-33.85461,151.15615,"Entire home/apt",4,NA,1,"",5,1125,0,10,0,4.4,"t",0.23
14252,"11/07/2021","within an hour","t",28,"t","Waverley",-33.88825,151.27606,"Private room",4,1,1,"$200.00",2,365,11,0,0,NA,"f",NA
1128,"29/04/2015","within an hour","t",2,"t","Woollahra",-33.88354,151.22182,"Private room",1,1,1,"$76.00",3,1125,25,144,3,4.67,"f",1.48
13456,"4/10/2015","within a few hours","t",3,"t","Leichhardt",-33.85490634,151.1739315,"Private room",2,1,1,"$217.00",1,3,2,40,2,5,"f",4.41
3314,"13/11/2014","within a day","t",82,"t","Pittwater",-33.60790914,151.333356,"Entire home/apt",8,4.5,4,"$2,346.00",90,1125,28,1,0,5,"f",0.04
12121,"24/10/2017","within an hour","f",21,"t","Sydney",-33.88561845,151.1993223,"Entire home/apt",4,1.5,2,"$200.00",90,365,22,0,0,NA,"f",NA
3316,"20/05/2019","within an hour","f",3,"t","Sydney",-33.87883,151.22164,"Private room",2,NA,NA,"",3,700,0,54,0,4.44,"t",0.73
17107,"14/04/2023","within an hour","f",81,"t","Auburn",-33.84431,151.05765,"Entire home/apt",4,2,2,"$178.00",1,365,21,1,0,4,"t",0.37
14035,"23/05/2016","within an hour","",24,"t","North Sydney",-33.83773,151.19707,"Entire home/apt",2,1,1,"$176.00",1,365,22,4,0,5,"t",0.52
8634,"19/12/2014","within an hour","t",47,"t","Pittwater",-33.61187,151.32682,"Entire home/apt",11,4,5,"$3,750.00",90,365,29,0,0,NA,"f",NA
9095,"25/04/2019","within an hour","t",68,"t","Sutherland Shire",-34.0625958,151.153167,"Entire home/apt",6,1.5,2,"$197.00",2,365,22,44,1,4.86,"f",2.02
9346,"29/09/2020","within an hour","f",18,"t","Blacktown",-33.68786077,150.816057,"Entire home/apt",10,2,5,"$288.00",3,365,24,12,0,4.5,"t",0.57
12932,"14/11/2021","within an hour","f",2,"t","Waverley",-33.8952858,151.2706793,"Private room",2,1,1,"$118.00",2,365,0,0,0,NA,"f",NA
918,"9/03/2016","N/A","f",1,"t","North Sydney",-33.83804,151.20778,"Private room",2,NA,NA,"",90,1125,29,20,0,4.9,"f",0.18
15321,"15/10/2012","within an hour","t",27,"t","North Sydney",-33.84669,151.20982,"Entire home/apt",2,1,1,"$149.00",1,365,8,7,2,5,"t",2.44
9653,"26/03/2014","within a few hours","f",2,"t","Waverley",-33.88825,151.27163,"Entire home/apt",2,1,1,"$225.00",14,159,0,3,0,5,"f",0.16
10888,"24/07/2014","within an hour","t",9,"t","Botany Bay",-33.941,151.22337,"Entire home/apt",4,1,1,"$150.00",3,365,9,3,0,5,"f",0.18
17405,"16/10/2021","within an hour","f",40,"t","Fairfield",-33.8589378,150.9430217,"Entire home/apt",7,2.5,3,"$166.00",2,90,22,7,2,4.29,"t",2.53
17894,"17/11/2023","within a few hours","f",40,"t","Sydney",-33.90097763,151.2116078,"Entire home/apt",4,2,2,"$153.00",5,365,12,0,0,NA,"f",NA
16308,"12/02/2020","within an hour","t",3,"t","North Sydney",-33.84884044,151.2135741,"Entire home/apt",5,1,2,"$287.00",1,365,7,5,5,5,"f",5
4675,"20/07/2014","within a day","f",3,"t","Warringah",-33.72276,151.29675,"Entire home/apt",5,1,2,"$178.00",90,365,29,2,0,4.5,"f",0.03
16464,"3/08/2012","within an hour","f",2,"t","Randwick",-33.9104944,151.2647465,"Entire home/apt",4,1,2,"$213.00",7,365,21,5,2,4.8,"f",1.76
8947,"29/10/2021","N/A","f",1,"t","Woollahra",-33.8727563,151.2735555,"Entire home/apt",4,2,2,"$443.00",90,90,22,0,0,NA,"f",NA
16440,"25/08/2019","within an hour","f",169,"t","Ku-Ring-Gai",-33.774032,151.1638978,"Private room",2,2,1,"$62.00",4,365,19,5,2,4.2,"f",1.69
15208,"1/12/2024","N/A","f",5,"t","Hurstville",-33.96583299,151.1095457,"Private room",2,NA,NA,"",7,365,0,1,0,5,"f",0.22
10294,"29/07/2011","within an hour","f",2,"t","Hurstville",-33.96535,151.10452,"Private room",1,1,1,"$65.00",5,365,0,2,0,4,"f",0.16
946,"26/09/2015","within an hour","t",2,"t","North Sydney",-33.82888,151.19428,"Private room",1,1.5,1,"$80.00",2,30,2,234,1,4.94,"f",2.25
8709,"12/03/2022","within an hour","t",1,"t","Sutherland Shire",-34.04471762,151.1500594,"Entire home/apt",2,1,1,"$213.00",2,365,0,28,1,4.96,"f",1.4
16548,"27/01/2024","within an hour","f",4,"t","Bankstown",-33.9146746,151.0368747,"Entire home/apt",6,1.5,3,"$158.00",2,365,6,3,1,4,"t",1.22
12917,"3/01/2017","within an hour","t",37,"t","Sydney",-33.8798393,151.2072819,"Entire home/apt",8,2,2,"$231.00",1,365,13,25,0,4.88,"t",2.55
7686,"11/01/2020","within an hour","t",45,"t","Auburn",-33.8479985,151.0597867,"Entire home/apt",5,2,3,"$227.00",4,730,13,43,0,4.91,"f",1.49
4928,"30/06/2020","within an hour","t",24,"t","Parramatta",-33.8188,151.00491,"Private room",2,NA,NA,"",7,730,0,38,0,4.89,"f",0.7
16162,"23/11/2022","N/A","f",3,"t","Rockdale",-33.99072857,151.1413275,"Entire home/apt",11,2.5,4,"$311.00",3,365,18,2,0,5,"f",0.94
1941,"22/11/2014","within an hour","t",23,"t","Sydney",-33.86903,151.20436,"Entire home/apt",5,2,2,"$380.00",2,365,3,355,4,4.89,"f",3.61
193,"22/12/2014","N/A","f",1,"t","Rockdale",-33.93909,151.12712,"Private room",1,1,1,"$135.00",90,1125,29,1,0,5,"t",0.01
344,"25/11/2014","within an hour","",38,"t","Pittwater",-33.64263535,151.3315887,"Entire home/apt",10,4,5,"$2,400.00",7,60,29,6,0,5,"t",0.07
7716,"5/01/2023","N/A","f",1,"t","Leichhardt",-33.8785466,151.1627822,"Entire home/apt",4,2,3,"$458.00",21,365,0,6,0,4.83,"f",0.22
8909,"1/10/2012","within an hour","f",45,"t","Waverley",-33.8837823,151.2712311,"Entire home/apt",4,1,1,"$148.00",3,90,15,52,0,4.65,"t",2.27
2539,"29/08/2024","N/A","f",39,"t","North Sydney",-33.84743,151.21645,"Entire home/apt",2,1,1,"$296.00",7,1125,7,1,0,5,"t",0.01
8822,"14/04/2013","within an hour","t",4,"t","Rockdale",-33.9600847,151.1411617,"Entire home/apt",3,1,1,"$66.00",7,180,0,101,5,4.9,"f",4.17
2744,"28/10/2014","N/A","f",1,"t","Waverley",-33.89183,151.26096,"Entire home/apt",6,2.5,3,"$600.00",4,20,28,2,0,5,"f",0.11
11661,"24/07/2015","within an hour","f",22,"t","Randwick",-33.9191772,151.2367744,"Private room",1,1,1,"$110.00",2,365,29,24,2,4.63,"f",1.68
13234,"10/06/2024","within an hour","f",3,"t","Sydney",-33.8774,151.19461,"Entire home/apt",8,2,3,"$468.00",1,365,7,18,1,4.83,"t",1.78
8807,"4/02/2015","a few days or more","f",1,"t","Warringah",-33.756934,151.2972626,"Entire home/apt",4,2,2,"$203.00",90,365,27,3,0,5,"f",0.13
10905,"29/05/2013","within an hour","t",1,"t","Randwick",-33.9213902,151.2519702,"Entire home/apt",2,1,1,"$198.00",4,730,0,36,0,4.97,"f",2.23
8179,"24/04/2015","a few days or more","f",1,"t","Sutherland Shire",-34.04436824,151.1351863,"Entire home/apt",4,2,3,"$442.00",90,1125,27,2,0,5,"f",0.11
6620,"29/08/2022","N/A","f",1,"t","Sydney",-33.8791125,151.198778,"Entire home/apt",6,NA,2,"",2,63,0,63,0,4.79,"t",1.91
11605,"31/12/2017","within an hour","f",20,"t","Willoughby",-33.80505,151.18579,"Entire home/apt",10,3,5,"$317.00",3,365,1,32,0,4.75,"f",2.12
15025,"15/04/2014","within a few hours","f",2,"t","Waverley",-33.87939,151.27159,"Private room",2,1,1,"$113.00",3,50,0,5,0,4.8,"f",1.01
225,"21/09/2012","within a few hours","t",5,"t","Warringah",-33.75734,151.26062,"Private room",2,1.5,1,"$67.00",3,14,20,59,0,4.93,"f",0.45
12772,"3/06/2024","N/A","f",1,"t","Waverley",-33.89536,151.2575,"Entire home/apt",8,NA,3,"",90,365,0,0,0,NA,"f",NA
16295,"26/08/2012","within an hour","f",2,"t","Woollahra",-33.87663877,151.2454262,"Entire home/apt",4,2,2,"$456.00",5,365,0,0,0,NA,"t",NA
17379,"13/04/2025","within an hour","f",3,"t","Liverpool",-33.90925596,150.8986055,"Shared room",4,1.5,NA,"$51.00",1,365,29,0,0,NA,"t",NA
16652,"24/08/2016","within an hour","f",11,"t","The Hills Shire",-33.41483173,150.961618,"Entire home/apt",10,5,5,"$369.00",1,365,29,3,1,4.33,"t",1.55
8271,"25/08/2019","within an hour","f",169,"t","Strathfield",-33.8617752,151.0803214,"Entire home/apt",3,1,1,"$152.00",4,89,18,30,0,4.37,"f",1.17
12270,"9/09/2017","within an hour","t",17,"t","Sydney",-33.88494267,151.2115043,"Entire home/apt",2,1,0,"$126.00",1,365,10,93,4,4.78,"f",7.84
8169,"18/08/2022","within an hour","f",1,"t","Liverpool",-33.92656531,150.9191042,"Entire home/apt",4,NA,2,"",2,90,12,19,0,4.84,"f",0.69
6490,"23/05/2016","within a few hours","t",4,"t","Sydney",-33.8811,151.20173,"Entire home/apt",6,1,2,"$468.00",1,1125,21,156,2,4.87,"f",4.36
11937,"15/10/2012","within an hour","t",27,"t","Sydney",-33.8697472,151.1946041,"Entire home/apt",5,1,2,"$230.00",1,365,11,43,2,4.93,"t",2.99
11232,"14/02/2017","within an hour","t",11,"t","Ryde",-33.78165,151.10155,"Private room",1,1,1,"$72.00",28,365,29,1,0,5,"f",0.18
14795,"21/01/2024","within an hour","t",31,"t","Ryde",-33.82678,151.1176,"Entire home/apt",8,2,3,"$286.00",1,365,23,10,3,4.9,"f",1.72
10993,"27/06/2017","within an hour","f",46,"t","Willoughby",-33.7907988,151.2001587,"Entire home/apt",10,5,5,"$870.00",2,45,20,29,2,4.83,"t",1.74
2828,"28/05/2018","within an hour","f",12,"t","Sydney",-33.87923,151.20946,"Private room",3,1,1,"$288.00",1,1125,26,8,0,4.75,"t",0.16
4496,"21/11/2018","within an hour","f",51,"t","Sydney",-33.86018,151.20348,"Entire home/apt",4,1,2,"$309.00",365,365,18,36,0,4.42,"t",0.85
17444,"26/11/2022","within an hour","f",3,"t","Holroyd",-33.84747226,150.9852786,"Private room",2,2,1,"$65.00",1,365,0,0,0,NA,"t",NA
3070,"7/06/2016","a few days or more","f",1,"t","Holroyd",-33.82594,151.00174,"Private room",1,1,1,"$40.00",90,1125,26,0,0,NA,"f",NA
5945,"22/12/2014","within an hour","t",4,"t","Willoughby",-33.7968,151.17876,"Entire home/apt",2,1,1,"$136.00",1,365,5,195,6,4.94,"f",4.85
14192,"4/11/2024","within an hour","t",1,"t","The Hills Shire",-33.71674647,150.9980923,"Entire home/apt",4,1,1,"$138.00",1,1125,7,12,1,4.92,"t",1.69
6453,"8/10/2020","within an hour","f",29,"t","North Sydney",-33.8414387,151.2186262,"Entire home/apt",3,1,0,"$182.00",2,1125,7,126,1,4.81,"f",3.58
18107,"3/09/2024","within an hour","",11,"t","Blacktown",-33.69348,150.90456,"Entire home/apt",4,2,2,"$187.00",3,365,18,0,0,NA,"f",NA
17111,"5/05/2024","a few days or more","f",1,"t","Willoughby",-33.796101,151.181763,"Entire home/apt",2,NA,NA,"",4,14,0,0,0,NA,"f",NA
7123,"29/09/2011","within a few hours","f",2,"t","Sydney",-33.89845,151.20992,"Private room",2,1,1,"$135.00",4,365,29,29,0,4.9,"f",0.98
4624,"24/07/2013","N/A","f",1,"t","Randwick",-33.98146,151.24085,"Entire home/apt",2,1,1,"$168.00",90,1125,29,1,0,5,"t",0.02
14167,"7/11/2014","N/A","f",1,"t","Waverley",-33.88714942,151.2721674,"Entire home/apt",3,NA,2,"",2,14,0,5,0,4.8,"t",0.85
17000,"8/01/2025","within an hour","f",1,"t","Rockdale",-33.9628443,151.1550212,"Entire home/apt",6,1,2,"$211.00",2,365,11,4,0,5,"t",2.11
12810,"19/04/2018","within an hour","f",59,"t","Sydney",-33.90173,151.20714,"Entire home/apt",4,NA,2,"",2,365,0,14,0,4.5,"t",1.35
10472,"13/03/2015","within an hour","f",19,"t","Rockdale",-33.9544,151.13614,"Private room",2,1,1,"$70.00",7,365,29,10,0,4.3,"t",0.56
10014,"7/11/2013","within an hour","t",1,"t","Waverley",-33.89275,151.2623,"Entire home/apt",2,1,0,"$207.00",2,365,0,30,0,4.97,"f",1.54
5786,"14/06/2020","within an hour","t",1,"t","Waverley",-33.88776,151.27111,"Entire home/apt",2,1,0,"$279.00",2,365,29,43,0,4.98,"t",1.05
10557,"5/02/2020","N/A","f",2,"t","Campbelltown",-34.08110845,150.8389459,"Entire home/apt",4,1,1,"$216.00",90,365,28,2,0,4,"f",0.14
13727,"29/11/2023","within an hour","f",46,"t","Hurstville",-33.9665185,151.0482499,"Private room",1,1.5,1,"$43.00",1,89,19,6,1,4.17,"f",0.77
4739,"19/06/2015","within an hour","f",1,"t","North Sydney",-33.82233,151.20009,"Entire home/apt",6,3,3,"$587.00",2,1125,15,47,1,4.89,"f",0.72
15878,"1/12/2024","within an hour","f",2,"t","Manly",-33.79158,151.27895,"Entire home/apt",9,2,3,"$760.00",3,365,29,4,0,4.75,"t",1.07
3284,"21/01/2019","within an hour","f",1,"t","Sydney",-33.89418411,151.2047729,"Entire home/apt",4,NA,2,"",4,60,0,60,0,4.8,"f",0.78
9589,"11/12/2014","within a day","f",72,"t","Pittwater",-33.6365922,151.3213465,"Entire home/apt",6,1.5,3,"$845.00",2,1125,0,2,0,4.5,"t",0.11
6135,"15/11/2010","within a few hours","f",1,"t","Sydney",-33.88272,151.21285,"Entire home/apt",3,2,2,"$475.00",5,50,11,24,1,5,"f",0.63
13088,"30/08/2016","within an hour","t",1,"t","Ku-Ring-Gai",-33.72554,151.10929,"Entire home/apt",8,2,3,"$500.00",2,5,5,10,0,5,"f",0.93
3211,"29/05/2015","within an hour","f",9,"t","Sydney",-33.8698,151.2256,"Hotel room",4,1,1,"$260.00",1,1125,29,148,2,4.61,"t",1.91
7247,"23/12/2020","N/A","f",1,"t","Canterbury",-33.92941528,151.0989005,"Private room",2,1,1,"$65.00",2,15,2,129,3,4.89,"f",5.09
10245,"28/05/2020","within an hour","t",13,"t","Sydney",-33.86181703,151.206832,"Entire home/apt",3,1,1,"$237.00",2,365,4,62,0,4.9,"f",3.17
16797,"21/01/2024","within an hour","t",31,"t","Hornsby",-33.77004,151.07639,"Entire home/apt",4,2,2,"$200.00",1,365,12,2,0,5,"f",0.92
864,"23/02/2016","within an hour","f",8,"t","Sydney",-33.88561,151.18047,"Private room",5,2,2,"$351.00",1,90,27,195,0,4.54,"t",1.74
12687,"9/09/2015","within a day","f",27,"t","Randwick",-33.91398359,151.267967,"Entire home/apt",8,NA,4,"",7,365,0,1,0,5,"f",0.18
16899,"15/01/2018","within an hour","t",10,"t","Manly",-33.7988474,151.2839341,"Entire home/apt",3,1,1,"$301.00",2,365,19,5,2,5,"t",2.42
14656,"18/09/2024","within an hour","f",5,"t","North Sydney",-33.843042,151.2057997,"Entire home/apt",2,1,1,"$176.00",2,45,16,14,1,4.5,"t",2.09
5028,"1/07/2020","within a day","t",1,"t","Warringah",-33.77558,151.28069,"Entire home/apt",2,1,0,"$180.00",3,1125,27,61,0,4.87,"f",1.15
8992,"3/10/2022","N/A","f",14,"t","Sydney",-33.86145,151.20392,"Private room",2,1,1,"$800.00",90,365,29,0,0,NA,"f",NA
3558,"26/04/2010","within an hour","f",51,"t","Waverley",-33.88966,151.28143,"Entire home/apt",6,1,2,"$380.00",2,1125,18,45,1,4.73,"t",0.63
10747,"13/11/2014","within a day","t",82,"t","Pittwater",-33.59860064,151.3181006,"Entire home/apt",16,NA,5,"",1,1125,0,0,0,NA,"f",NA
4571,"19/03/2018","within a few hours","t",3,"t","Pittwater",-33.61279,151.32779,"Entire home/apt",5,1,2,"$335.00",2,1125,25,139,0,4.8,"f",2.22
904,"10/06/2015","N/A","f",1,"t","Rockdale",-33.95548,151.1387,"Private room",2,1,1,"$90.00",90,1125,29,0,0,NA,"f",NA
10261,"13/08/2017","within a day","f",7,"t","Pittwater",-33.67348299,151.3180672,"Entire home/apt",8,4,4,"$1,570.00",90,90,27,0,0,NA,"f",NA
10088,"30/11/2015","within an hour","f",6,"t","Sydney",-33.8931614,151.204803,"Entire home/apt",2,NA,1,"",3,365,16,40,3,4.5,"t",2.13
2367,"19/03/2017","N/A","f",1,"t","Sydney",-33.8782,151.20117,"Entire home/apt",2,NA,1,"",1,365,0,149,0,4.88,"f",1.69
311,"2/04/2014","within an hour","f",1,"t","Sutherland Shire",-34.05157,151.04918,"Entire home/apt",2,1,1,"$250.00",1,1125,13,114,3,4.72,"f",0.98
12507,"24/12/2018","within a few hours","t",2,"t","Penrith",-33.78281621,150.6757535,"Private room",2,1,1,"$70.00",2,7,28,7,0,5,"f",0.82
14008,"1/09/2024","N/A","f",44,"t","North Sydney",-33.82212,151.19723,"Entire home/apt",3,1,1,"$192.00",5,1125,22,3,0,3.33,"t",0.48
7323,"15/02/2015","within an hour","f",4,"t","Randwick",-33.94689,151.25393,"Private room",2,1,1,"$123.00",2,30,9,10,0,4.8,"f",0.32
5667,"26/03/2016","N/A","f",1,"t","Waverley",-33.89406,151.26123,"Entire home/apt",2,NA,1,"",6,365,0,6,0,5,"f",0.2
12951,"18/07/2024","within an hour","f",9,"t","Burwood",-33.87877763,151.099624,"Entire home/apt",7,1,2,"$121.00",20,365,0,2,0,5,"f",0.27
14481,"10/07/2013","within an hour","f",244,"t","Pittwater",-33.65275,151.30327,"Entire home/apt",10,NA,5,"",1,1125,0,0,0,NA,"t",NA
6660,"9/04/2019","N/A","f",1,"t","Penrith",-33.75542,150.68882,"Entire home/apt",3,1,1,"$88.00",90,120,0,0,0,NA,"f",NA
16122,"6/06/2016","within an hour","f",37,"t","Sydney",-33.90409632,151.2122594,"Entire home/apt",5,2,2,"$150.00",1,365,24,6,0,4,"t",1.55
9449,"14/10/2018","N/A","t",2,"t","Sydney",-33.88734,151.19871,"Private room",1,NA,NA,"",90,365,0,8,0,4.88,"f",0.49
5687,"29/03/2013","N/A","f",1,"f","Waverley",-33.88004,151.27158,"Entire home/apt",4,1,2,"$400.00",90,365,29,1,0,5,"f",0.02
13542,"26/12/2017","within an hour","t",1,"t","Lane Cove",-33.812,151.17392,"Entire home/apt",4,1,2,"$204.00",3,365,8,26,2,4.85,"t",2.9
6971,"22/12/2016","within an hour","f",120,"t","Sydney",-33.85835,151.20301,"Entire home/apt",2,1,1,"$230.00",4,365,28,76,0,4.64,"f",2.54
13624,"20/05/2019","within an hour","f",1,"t","Warringah",-33.74168117,151.293614,"Entire home/apt",5,NA,3,"",3,365,0,0,0,NA,"f",NA
5141,"21/04/2015","N/A","f",1,"t","Warringah",-33.67699,151.22869,"Entire home/apt",7,2,5,"$586.00",90,1125,22,1,0,5,"f",0.02
16393,"2/07/2018","within an hour","f",2,"t","City Of Kogarah",-33.97576,151.12348,"Private room",2,1,1,"$92.00",2,1125,0,3,1,5,"f",1.67
13980,"11/10/2019","within an hour","f",138,"t","Liverpool",-33.91525,150.92663,"Entire home/apt",6,NA,3,"",2,365,29,2,0,5,"f",0.44
15009,"24/12/2016","within an hour","",14,"t","Sydney",-33.8766361,151.2125193,"Entire home/apt",3,1,1,"$207.00",3,21,7,9,2,5,"f",1.62
14604,"24/10/2016","within an hour","f",72,"t","Woollahra",-33.8733695,151.2482251,"Entire home/apt",2,1,1,"$260.00",2,45,23,4,0,4.75,"t",0.88
2380,"18/02/2014","within an hour","t",2,"t","Waverley",-33.89767,151.26706,"Entire home/apt",2,1,1,"$398.00",5,90,18,28,0,4.93,"f",0.33
7514,"19/01/2022","within an hour","t",42,"t","Hornsby",-33.69869,151.10347,"Entire home/apt",5,2,2,"$170.00",28,365,0,2,0,5,"f",0.07
4319,"6/08/2019","N/A","f",33,"t","Sydney",-33.89463,151.19876,"Entire home/apt",2,1,1,"$153.00",2,21,18,132,2,4.7,"f",2.27
2373,"10/02/2017","N/A","f",2,"t","Willoughby",-33.82073,151.19351,"Entire home/apt",4,1,1,"$136.00",1,1125,1,398,8,4.62,"t",4.17
9470,"23/04/2018","N/A","f",46,"t","Waverley",-33.8869133,151.2788557,"Entire home/apt",2,1,1,"$159.00",2,90,12,26,2,4.69,"f",1.32
4860,"14/10/2018","a few days or more","f",1,"t","Ku-Ring-Gai",-33.75872,151.17636,"Entire home/apt",4,1,2,"$225.00",3,1125,25,13,0,4.69,"f",0.26
6302,"12/01/2016","within an hour","t",1,"t","Sutherland Shire",-34.01957,151.07736,"Entire home/apt",7,1,3,"$286.00",2,1125,22,51,0,4.86,"f",1.45
9577,"17/11/2015","within a few hours","f",1,"t","Waverley",-33.89616618,151.2475531,"Entire home/apt",6,3,3,"$1,027.00",9,14,0,0,0,NA,"f",NA
2009,"16/03/2012","within an hour","t",14,"t","Sydney",-33.88762,151.19652,"Entire home/apt",4,1,1,"$189.00",5,1125,0,216,4,4.77,"f",2.33
8851,"10/07/2023","a few days or more","f",1,"t","Warringah",-33.68797599,151.2221258,"Entire home/apt",6,3,3,"$850.00",2,365,28,0,0,NA,"f",NA
2264,"13/03/2015","within an hour","f",19,"t","Rockdale",-33.95243,151.13511,"Private room",1,1,1,"$55.00",7,1125,29,20,0,4.85,"t",0.25
4325,"6/03/2016","within a few hours","t",9,"t","Sydney",-33.87462,151.20515,"Entire home/apt",2,1,1,"$202.00",4,730,5,81,0,4.96,"f",1.27
581,"2/08/2014","within an hour","t",1,"t","Rockdale",-33.94173,151.11048,"Entire home/apt",4,1,1,"$100.00",1,1125,8,354,3,4.78,"f",2.91
128,"6/09/2012","N/A","t",1,"t","Waverley",-33.89814,151.26686,"Entire home/apt",2,NA,1,"",2,1125,12,187,0,4.89,"f",1.47
2693,"25/06/2018","within an hour","t",4,"t","Sydney",-33.87656403,151.2125244,"Entire home/apt",2,1,0,"$212.00",4,730,8,229,2,4.97,"f",2.87
9813,"5/10/2023","N/A","f",1,"t","Liverpool",-33.9379296,150.8357463,"Private room",2,NA,NA,"",90,365,28,3,0,5,"f",0.16
2933,"27/05/2015","within a day","f",1,"t","Waverley",-33.8954,151.2652,"Entire home/apt",2,1,1,"$134.00",5,10,0,64,0,4.83,"f",0.8
14254,"25/02/2024","within an hour","f",2,"f","Blacktown",-33.78175542,150.8981224,"Private room",2,1,1,"$68.00",1,5,28,67,6,4.76,"f",9.18
740,"6/07/2012","N/A","f",3,"t","Leichhardt",-33.85181,151.18127,"Private room",2,1,1,"$128.00",90,1125,26,6,0,5,"f",0.08
17342,"24/10/2016","within an hour","f",72,"t","Sydney",-33.8784,151.18999,"Entire home/apt",8,2,3,"$394.00",2,45,7,1,1,5,"t",1
8577,"27/03/2022","N/A","f",1,"t","The Hills Shire",-33.7189495,150.9533598,"Entire home/apt",4,NA,3,"",90,90,0,33,0,4.94,"f",1.25
9566,"1/08/2023","within an hour","t",2,"t","Leichhardt",-33.8773454,151.1649672,"Entire home/apt",6,1,3,"$309.00",2,365,9,30,1,4.87,"f",1.6
14805,"4/06/2014","within a day","f",0,"t","Manly",-33.79568,151.28763,"Entire home/apt",4,1,2,"$433.00",5,365,22,0,0,NA,"f",NA
5424,"7/11/2019","within an hour","f",25,"t","Fairfield",-33.90052,150.93711,"Entire home/apt",8,NA,5,"",90,365,29,0,0,NA,"t",NA
2123,"4/01/2016","within a day","f",1,"t","Pittwater",-33.65931,151.31545,"Entire home/apt",8,2.5,4,"$1,200.00",6,30,22,12,0,5,"f",0.13
13653,"14/09/2024","within a day","f",27,"t","Sydney",-33.90855,151.20587,"Entire home/apt",4,1.5,2,"$293.00",2,365,26,3,0,2.33,"f",0.35
12519,"28/03/2017","N/A","f",1,"t","Sutherland Shire",-34.03351221,151.0651081,"Entire home/apt",4,2,2,"$260.00",21,22,19,0,0,NA,"f",NA
4870,"15/02/2021","N/A","f",1,"t","Sydney",-33.88354,151.19796,"Entire home/apt",2,NA,1,"",3,365,0,181,0,4.45,"f",3.55
17109,"19/12/2014","within an hour","t",47,"t","Woollahra",-33.86820591,151.2738485,"Entire home/apt",12,4,6,"$3,750.00",7,90,29,0,0,NA,"f",NA
9756,"7/12/2016","within an hour","",3,"t","Waverley",-33.88863916,151.2782394,"Entire home/apt",4,1,1,"$188.00",2,1125,18,81,2,4.85,"f",4.11
10207,"8/04/2020","within an hour","f",180,"t","Sydney",-33.8690146,151.2043704,"Entire home/apt",4,1,1,"$193.00",2,365,25,21,0,4.33,"f",1.08
12513,"30/06/2017","within an hour","t",4,"t","Sydney",-33.87578921,151.2161886,"Entire home/apt",4,1.5,2,"$499.00",2,1125,29,7,1,5,"t",0.62
12254,"22/05/2024","N/A","f",1,"t","Rockdale",-33.96825128,151.1515799,"Entire home/apt",4,1,1,"$813.00",90,365,29,0,0,NA,"t",NA
9676,"28/05/2020","within an hour","t",13,"t","Sydney",-33.86348,151.20719,"Entire home/apt",3,1,1,"$172.00",2,365,9,55,1,4.8,"f",2.62
8602,"5/06/2016","within an hour","t",2,"t","Hornsby",-33.68556,151.0944941,"Entire home/apt",4,1,1,"$108.00",2,365,29,32,1,4.78,"t",1.34
14521,"16/02/2016","within an hour","f",2,"t","Sydney",-33.89782,151.19885,"Entire home/apt",5,NA,2,"",2,365,0,2,0,5,"t",0.28
